3.039549999999999752e-01 1.513671999999999906e+00 6.005859999999999532e-01 2.368164000000000158e+00 2.358398000000000216e+00
3.198239999999999972e-01 1.519775000000000098e+00 6.018069999999999808e-01 2.368164000000000158e+00 2.359618999999999911e+00
3.369139999999999913e-01 1.528319999999999901e+00 6.066890000000000338e-01 2.377930000000000099e+00 2.368164000000000158e+00
3.564450000000000118e-01 1.534424000000000010e+00 6.127930000000000321e-01 2.381591999999999931e+00 2.368164000000000158e+00
3.759770000000000056e-01 1.547852000000000006e+00 6.201170000000000293e-01 2.387694999999999901e+00 2.358398000000000216e+00
3.967289999999999983e-01 1.557617000000000029e+00 6.237789999999999724e-01 2.397460999999999842e+00 2.377930000000000099e+00
4.248049999999999882e-01 1.562500000000000000e+00 6.298829999999999707e-01 2.407226999999999784e+00 2.379150000000000098e+00
4.492189999999999794e-01 1.577147999999999994e+00 6.359860000000000513e-01 2.421875000000000000e+00 2.387694999999999901e+00
4.748539999999999983e-01 1.586913999999999936e+00 6.433109999999999662e-01 2.436523000000000216e+00 2.401123000000000118e+00
5.029299999999999882e-01 1.599121000000000015e+00 6.494140000000000468e-01 2.446289000000000158e+00 2.416992000000000029e+00
5.273440000000000349e-01 1.616211000000000064e+00 6.542970000000000175e-01 2.456055000000000099e+00 2.416992000000000029e+00
5.517579999999999707e-01 1.625977000000000006e+00 6.603999999999999870e-01 2.467041000000000039e+00 2.421875000000000000e+00
5.773930000000000451e-01 1.635742000000000029e+00 6.640629999999999589e-01 2.485351999999999784e+00 2.427979000000000109e+00
6.018069999999999808e-01 1.646729000000000109e+00 6.689450000000000118e-01 2.496338000000000168e+00 2.436523000000000216e+00
6.250000000000000000e-01 1.665038999999999936e+00 6.726069999999999549e-01 2.507324000000000108e+00 2.437743999999999911e+00
6.445309999999999651e-01 1.676025000000000098e+00 6.750490000000000101e-01 2.524414000000000158e+00 2.448729999999999851e+00
6.628420000000000423e-01 1.684569999999999901e+00 6.799319999999999808e-01 2.536620999999999793e+00 2.469482000000000177e+00
6.799319999999999808e-01 1.694336000000000064e+00 6.787109999999999532e-01 2.547607000000000177e+00 2.485351999999999784e+00
6.945799999999999752e-01 1.704102000000000006e+00 6.787109999999999532e-01 2.558593999999999813e+00 2.467041000000000039e+00
7.080079999999999707e-01 1.707764000000000060e+00 6.787109999999999532e-01 2.573242000000000029e+00 2.485351999999999784e+00
7.177729999999999944e-01 1.718750000000000000e+00 6.787109999999999532e-01 2.583007999999999971e+00 2.486571999999999782e+00
7.275390000000000468e-01 1.723632999999999971e+00 6.787109999999999532e-01 2.592773000000000216e+00 2.495117000000000029e+00
7.336430000000000451e-01 1.726074000000000108e+00 6.762700000000000378e-01 2.602539000000000158e+00 2.498778999999999861e+00
7.421879999999999589e-01 1.733397999999999994e+00 6.762700000000000378e-01 2.603759999999999852e+00 2.514648000000000216e+00
7.482910000000000394e-01 1.737060999999999966e+00 6.750490000000000101e-01 2.606200999999999990e+00 2.506104000000000109e+00
7.568359999999999532e-01 1.743163999999999936e+00 6.738279999999999825e-01 2.622069999999999901e+00 2.504882999999999971e+00
7.592769999999999797e-01 1.743163999999999936e+00 6.750490000000000101e-01 2.624512000000000178e+00 2.515868999999999911e+00
7.666020000000000056e-01 1.746825999999999990e+00 6.738279999999999825e-01 2.631835999999999842e+00 2.524414000000000158e+00
7.763670000000000293e-01 1.752930000000000099e+00 6.750490000000000101e-01 2.634276999999999980e+00 2.528075999999999990e+00
7.800289999999999724e-01 1.754150000000000098e+00 6.750490000000000101e-01 2.641601999999999784e+00 2.543944999999999901e+00
7.861329999999999707e-01 1.756591999999999931e+00 6.750490000000000101e-01 2.651367000000000029e+00 2.543944999999999901e+00
7.958979999999999944e-01 1.762694999999999901e+00 6.750490000000000101e-01 2.651367000000000029e+00 2.543944999999999901e+00
8.007809999999999651e-01 1.763916000000000039e+00 6.787109999999999532e-01 2.661132999999999971e+00 2.540283000000000069e+00
8.056640000000000468e-01 1.772461000000000064e+00 6.787109999999999532e-01 2.662354000000000109e+00 2.554931999999999981e+00
8.117680000000000451e-01 1.772461000000000064e+00 6.787109999999999532e-01 2.670898000000000216e+00 2.543944999999999901e+00
8.166499999999999870e-01 1.773681999999999981e+00 6.787109999999999532e-01 2.674561000000000188e+00 2.547607000000000177e+00
8.190920000000000423e-01 1.777344000000000035e+00 6.750490000000000101e-01 2.680664000000000158e+00 2.553710999999999842e+00
8.251950000000000118e-01 1.782227000000000006e+00 6.750490000000000101e-01 2.680664000000000158e+00 2.557373000000000118e+00
8.251950000000000118e-01 1.782227000000000006e+00 6.750490000000000101e-01 2.683104999999999851e+00 2.574463000000000168e+00
8.264160000000000394e-01 1.782227000000000006e+00 6.738279999999999825e-01 2.690430000000000099e+00 2.563476999999999784e+00
8.288569999999999549e-01 1.782227000000000006e+00 6.713869999999999560e-01 2.690430000000000099e+00 2.564696999999999782e+00
8.300779999999999825e-01 1.783447000000000005e+00 6.713869999999999560e-01 2.690430000000000099e+00 2.565917999999999921e+00
8.300779999999999825e-01 1.783447000000000005e+00 6.713869999999999560e-01 2.690430000000000099e+00 2.565917999999999921e+00
8.312990000000000101e-01 1.787109000000000059e+00 6.701660000000000394e-01 2.691650000000000098e+00 2.583007999999999971e+00
8.300779999999999825e-01 1.785889000000000060e+00 6.701660000000000394e-01 2.694091999999999931e+00 2.564696999999999782e+00
8.349609999999999532e-01 1.787109000000000059e+00 6.713869999999999560e-01 2.694091999999999931e+00 2.554931999999999981e+00
8.349609999999999532e-01 1.787109000000000059e+00 6.689450000000000118e-01 2.700194999999999901e+00 2.553710999999999842e+00
8.349609999999999532e-01 1.791992000000000029e+00 6.689450000000000118e-01 2.700194999999999901e+00 2.563476999999999784e+00
8.361819999999999808e-01 1.791992000000000029e+00 6.701660000000000394e-01 2.700194999999999901e+00 2.573242000000000029e+00
8.361819999999999808e-01 1.791992000000000029e+00 6.701660000000000394e-01 2.701416000000000039e+00 2.573242000000000029e+00
8.398440000000000349e-01 1.795654000000000083e+00 6.701660000000000394e-01 2.701416000000000039e+00 2.564696999999999782e+00
8.447270000000000056e-01 1.796875000000000000e+00 6.726069999999999549e-01 2.703857000000000177e+00 2.563476999999999784e+00
8.459470000000000045e-01 1.801757999999999971e+00 6.750490000000000101e-01 2.709960999999999842e+00 2.563476999999999784e+00
8.508299999999999752e-01 1.801757999999999971e+00 6.787109999999999532e-01 2.709960999999999842e+00 2.573242000000000029e+00
8.593750000000000000e-01 1.802979000000000109e+00 6.799319999999999808e-01 2.711181999999999981e+00 2.583007999999999971e+00
8.654789999999999983e-01 1.807860999999999940e+00 6.848140000000000338e-01 2.719726999999999784e+00 2.574463000000000168e+00
8.740229999999999944e-01 1.812743999999999911e+00 6.884770000000000056e-01 2.723389000000000060e+00 2.583007999999999971e+00
8.837890000000000468e-01 1.821288999999999936e+00 6.896970000000000045e-01 2.729492000000000029e+00 2.583007999999999971e+00
8.898930000000000451e-01 1.821288999999999936e+00 6.933589999999999476e-01 2.730713000000000168e+00 2.587890999999999941e+00
8.947749999999999870e-01 1.831055000000000099e+00 6.933589999999999476e-01 2.739257999999999971e+00 2.592773000000000216e+00
9.033200000000000118e-01 1.831055000000000099e+00 6.945799999999999752e-01 2.739257999999999971e+00 2.602539000000000158e+00
9.069819999999999549e-01 1.832275000000000098e+00 6.945799999999999752e-01 2.741699000000000108e+00 2.604979999999999851e+00
9.130859999999999532e-01 1.840819999999999901e+00 6.945799999999999752e-01 2.749023000000000216e+00 2.615966999999999931e+00
9.143069999999999808e-01 1.840819999999999901e+00 6.945799999999999752e-01 2.749023000000000216e+00 2.624512000000000178e+00
9.179690000000000349e-01 1.842041000000000039e+00 6.982420000000000293e-01 2.758789000000000158e+00 2.625732000000000177e+00
9.228520000000000056e-01 1.843261999999999956e+00 6.933589999999999476e-01 2.752686000000000188e+00 2.631835999999999842e+00
9.228520000000000056e-01 1.846924000000000010e+00 6.921389999999999487e-01 2.755126999999999882e+00 2.612305000000000099e+00
9.252930000000000321e-01 1.850586000000000064e+00 6.921389999999999487e-01 2.761229999999999851e+00 2.612305000000000099e+00
9.289549999999999752e-01 1.850586000000000064e+00 6.933589999999999476e-01 2.760009999999999852e+00 2.612305000000000099e+00
9.338379999999999459e-01 1.853026999999999980e+00 6.982420000000000293e-01 2.768555000000000099e+00 2.604979999999999851e+00
9.423829999999999707e-01 1.860352000000000006e+00 7.006839999999999735e-01 2.768555000000000099e+00 2.623291000000000039e+00
9.521479999999999944e-01 1.860352000000000006e+00 7.080079999999999707e-01 2.772216999999999931e+00 2.631835999999999842e+00
9.667970000000000175e-01 1.870117000000000029e+00 7.141110000000000513e-01 2.778319999999999901e+00 2.622069999999999901e+00
9.851069999999999549e-01 1.879882999999999971e+00 7.238769999999999927e-01 2.788085999999999842e+00 2.625732000000000177e+00
1.010742000000000029e+00 1.889647999999999994e+00 7.373049999999999882e-01 2.797851999999999784e+00 2.651367000000000029e+00
1.031493999999999911e+00 1.899413999999999936e+00 7.470700000000000118e-01 2.808838000000000168e+00 2.651367000000000029e+00
1.053466999999999931e+00 1.914063000000000070e+00 7.568359999999999532e-01 2.821044999999999803e+00 2.645264000000000060e+00
1.075439000000000034e+00 1.921386999999999956e+00 7.617190000000000349e-01 2.836914000000000158e+00 2.656250000000000000e+00
1.093750000000000000e+00 1.934814000000000034e+00 7.666020000000000056e-01 2.846680000000000099e+00 2.680664000000000158e+00
1.109618999999999911e+00 1.948242000000000029e+00 7.702639999999999487e-01 2.857666000000000039e+00 2.684325999999999990e+00
1.127930000000000099e+00 1.958007999999999971e+00 7.727049999999999752e-01 2.867431999999999981e+00 2.690430000000000099e+00
1.137694999999999901e+00 1.967772999999999994e+00 7.763670000000000293e-01 2.877196999999999782e+00 2.681884999999999852e+00
1.148681999999999981e+00 1.971435999999999966e+00 7.775879999999999459e-01 2.888183999999999862e+00 2.690430000000000099e+00
1.158447000000000005e+00 1.978760000000000074e+00 7.800289999999999724e-01 2.896729000000000109e+00 2.700194999999999901e+00
1.171875000000000000e+00 1.987305000000000099e+00 7.824710000000000276e-01 2.905273000000000216e+00 2.700194999999999901e+00
1.181640999999999941e+00 1.997069999999999901e+00 7.861329999999999707e-01 2.915039000000000158e+00 2.709960999999999842e+00
1.191405999999999965e+00 2.006835999999999842e+00 7.861329999999999707e-01 2.924805000000000099e+00 2.719726999999999784e+00
1.197510000000000074e+00 2.006835999999999842e+00 7.873539999999999983e-01 2.927245999999999793e+00 2.729492000000000029e+00
1.206055000000000099e+00 2.011718999999999813e+00 7.861329999999999707e-01 2.934569999999999901e+00 2.729492000000000029e+00
1.206055000000000099e+00 2.016601999999999784e+00 7.812500000000000000e-01 2.935791000000000039e+00 2.739257999999999971e+00
1.206055000000000099e+00 2.017821999999999782e+00 7.763670000000000293e-01 2.944335999999999842e+00 2.729492000000000029e+00
1.206055000000000099e+00 2.017821999999999782e+00 7.763670000000000293e-01 2.944335999999999842e+00 2.739257999999999971e+00
1.206055000000000099e+00 2.020264000000000060e+00 7.714839999999999476e-01 2.945556999999999981e+00 2.739257999999999971e+00
1.206055000000000099e+00 2.026367000000000029e+00 7.666020000000000056e-01 2.947998000000000118e+00 2.742919999999999803e+00
1.199950999999999990e+00 2.026367000000000029e+00 7.629390000000000338e-01 2.947998000000000118e+00 2.749023000000000216e+00
1.197510000000000074e+00 2.026367000000000029e+00 7.580569999999999808e-01 2.954101999999999784e+00 2.735596000000000139e+00
1.196288999999999936e+00 2.026367000000000029e+00 7.568359999999999532e-01 2.954101999999999784e+00 2.751465000000000050e+00
1.191405999999999965e+00 2.026367000000000029e+00 7.531740000000000101e-01 2.954101999999999784e+00 2.760009999999999852e+00
1.190185999999999966e+00 2.021484000000000059e+00 7.507319999999999549e-01 2.954101999999999784e+00 2.758789000000000158e+00
1.186522999999999994e+00 2.026367000000000029e+00 7.482910000000000394e-01 2.956542999999999921e+00 2.752686000000000188e+00
1.186522999999999994e+00 2.020264000000000060e+00 7.507319999999999549e-01 2.954101999999999784e+00 2.762450999999999990e+00
1.190185999999999966e+00 2.031250000000000000e+00 7.568359999999999532e-01 2.954101999999999784e+00 2.762450999999999990e+00
1.196288999999999936e+00 2.036132999999999971e+00 7.617190000000000349e-01 2.954101999999999784e+00 2.768555000000000099e+00
1.206055000000000099e+00 2.036132999999999971e+00 7.727049999999999752e-01 2.957764000000000060e+00 2.770995999999999793e+00
1.217041000000000039e+00 2.039794999999999803e+00 7.861329999999999707e-01 2.963867000000000029e+00 2.760009999999999852e+00
1.236572000000000005e+00 2.055664000000000158e+00 7.971190000000000220e-01 2.973632999999999971e+00 2.768555000000000099e+00
1.264647999999999994e+00 2.065430000000000099e+00 8.154299999999999882e-01 2.983398000000000216e+00 2.769775000000000098e+00
1.284180000000000099e+00 2.078857000000000177e+00 8.264160000000000394e-01 2.993164000000000158e+00 2.778319999999999901e+00
1.304931999999999981e+00 2.094726999999999784e+00 8.361819999999999808e-01 3.002930000000000099e+00 2.788085999999999842e+00
1.323242000000000029e+00 2.108153999999999861e+00 8.410640000000000338e-01 3.016357000000000177e+00 2.800292999999999921e+00
1.334229000000000109e+00 2.115479000000000109e+00 8.410640000000000338e-01 3.027343999999999813e+00 2.799071999999999782e+00
1.342772999999999994e+00 2.124023000000000216e+00 8.422849999999999504e-01 3.034667999999999921e+00 2.807617000000000029e+00
1.352538999999999936e+00 2.138672000000000128e+00 8.459470000000000045e-01 3.041992000000000029e+00 2.807617000000000029e+00
1.362305000000000099e+00 2.143555000000000099e+00 8.447270000000000056e-01 3.051757999999999971e+00 2.811278999999999861e+00
1.375731999999999955e+00 2.147216999999999931e+00 8.544920000000000293e-01 3.055419999999999803e+00 2.836914000000000158e+00
1.395264000000000060e+00 2.163085999999999842e+00 8.666989999999999972e-01 3.065186000000000188e+00 2.827148000000000216e+00
1.422118999999999911e+00 2.174071999999999782e+00 8.935549999999999882e-01 3.073729999999999851e+00 2.818604000000000109e+00
1.469727000000000006e+00 2.202148000000000216e+00 9.338379999999999459e-01 3.092041000000000039e+00 2.846680000000000099e+00
1.522216999999999931e+00 2.231444999999999901e+00 9.814450000000000118e-01 3.114014000000000060e+00 2.850341999999999931e+00
1.586913999999999936e+00 2.265625000000000000e+00 1.020507999999999971e+00 3.142090000000000050e+00 2.866210999999999842e+00
1.645507999999999971e+00 2.301025000000000098e+00 1.049805000000000099e+00 3.170166000000000039e+00 2.895507999999999971e+00
1.694336000000000064e+00 2.332764000000000060e+00 1.074219000000000035e+00 3.203125000000000000e+00 2.899169999999999803e+00
1.734618999999999911e+00 2.363281000000000187e+00 1.090087999999999946e+00 3.227539000000000158e+00 2.934569999999999901e+00
1.772461000000000064e+00 2.387694999999999901e+00 1.099854000000000109e+00 3.248291000000000039e+00 2.954101999999999784e+00
1.796875000000000000e+00 2.412109000000000059e+00 1.108397999999999994e+00 3.267821999999999782e+00 2.956542999999999921e+00
1.821288999999999936e+00 2.426757999999999971e+00 1.108397999999999994e+00 3.286132999999999971e+00 2.963867000000000029e+00
1.831055000000000099e+00 2.447509999999999852e+00 1.099854000000000109e+00 3.308104999999999851e+00 2.984618999999999911e+00
1.840819999999999901e+00 2.456055000000000099e+00 1.098632999999999971e+00 3.315430000000000099e+00 2.987061000000000188e+00
1.843261999999999956e+00 2.465819999999999901e+00 1.088867000000000029e+00 3.325194999999999901e+00 3.004150000000000098e+00
1.850586000000000064e+00 2.475585999999999842e+00 1.085204999999999975e+00 3.334960999999999842e+00 3.012694999999999901e+00
1.855469000000000035e+00 2.480468999999999813e+00 1.083984000000000059e+00 3.344726999999999784e+00 3.012694999999999901e+00
1.860352000000000006e+00 2.485351999999999784e+00 1.082764000000000060e+00 3.344726999999999784e+00 3.022460999999999842e+00
1.870117000000000029e+00 2.495117000000000029e+00 1.079102000000000006e+00 3.354492000000000029e+00 3.026123000000000118e+00
1.870117000000000029e+00 2.504882999999999971e+00 1.070556999999999981e+00 3.355713000000000168e+00 3.051757999999999971e+00
1.864014000000000060e+00 2.504882999999999971e+00 1.060791000000000039e+00 3.364257999999999971e+00 3.032226999999999784e+00
1.860352000000000006e+00 2.506104000000000109e+00 1.049805000000000099e+00 3.364257999999999971e+00 3.035889000000000060e+00
1.851806999999999981e+00 2.504882999999999971e+00 1.035155999999999965e+00 3.366699000000000108e+00 3.046875000000000000e+00
1.840819999999999901e+00 2.496338000000000168e+00 1.020507999999999971e+00 3.364257999999999971e+00 3.046875000000000000e+00
1.831055000000000099e+00 2.495117000000000029e+00 1.000977000000000006e+00 3.358153999999999861e+00 3.055419999999999803e+00
1.821288999999999936e+00 2.487792999999999921e+00 9.851069999999999549e-01 3.359375000000000000e+00 3.041992000000000029e+00
1.801757999999999971e+00 2.485351999999999784e+00 9.667970000000000175e-01 3.354492000000000029e+00 3.041992000000000029e+00
1.785889000000000060e+00 2.476806999999999981e+00 9.533690000000000220e-01 3.348389000000000060e+00 3.046875000000000000e+00
1.772461000000000064e+00 2.468262000000000178e+00 9.375000000000000000e-01 3.344726999999999784e+00 3.024901999999999980e+00
1.754150000000000098e+00 2.465819999999999901e+00 9.240720000000000045e-01 3.337401999999999980e+00 3.033446999999999782e+00
1.735840000000000050e+00 2.456055000000000099e+00 9.082029999999999825e-01 3.337401999999999980e+00 3.024901999999999980e+00
1.721190999999999915e+00 2.441406000000000187e+00 8.935549999999999882e-01 3.325194999999999901e+00 3.022460999999999842e+00
1.699219000000000035e+00 2.429199000000000108e+00 8.789059999999999651e-01 3.309325999999999990e+00 3.023681999999999981e+00
1.678466999999999931e+00 2.426757999999999971e+00 8.642579999999999707e-01 3.308104999999999851e+00 3.002930000000000099e+00
1.657715000000000050e+00 2.408446999999999782e+00 8.496089999999999476e-01 3.298340000000000050e+00 3.002930000000000099e+00
1.638184000000000085e+00 2.397460999999999842e+00 8.361819999999999808e-01 3.295898000000000216e+00 3.002930000000000099e+00
1.616211000000000064e+00 2.387694999999999901e+00 8.251950000000000118e-01 3.286132999999999971e+00 2.993164000000000158e+00
1.597900000000000098e+00 2.377930000000000099e+00 8.117680000000000451e-01 3.276367000000000029e+00 2.993164000000000158e+00
1.577147999999999994e+00 2.359618999999999911e+00 7.995609999999999662e-01 3.266601999999999784e+00 2.984618999999999911e+00
1.557617000000000029e+00 2.348632999999999971e+00 7.885739999999999972e-01 3.256835999999999842e+00 2.983398000000000216e+00
1.538086000000000064e+00 2.338867000000000029e+00 7.812500000000000000e-01 3.247069999999999901e+00 2.973632999999999971e+00
1.518555000000000099e+00 2.324218999999999813e+00 7.751460000000000017e-01 3.238525000000000098e+00 2.977294999999999803e+00
1.499022999999999994e+00 2.312012000000000178e+00 7.666020000000000056e-01 3.227539000000000158e+00 2.955321999999999782e+00
1.480712999999999946e+00 2.301025000000000098e+00 7.580569999999999808e-01 3.217773000000000216e+00 2.955321999999999782e+00
1.461181999999999981e+00 2.291259999999999852e+00 7.507319999999999549e-01 3.209229000000000109e+00 2.963867000000000029e+00
1.445313000000000070e+00 2.281493999999999911e+00 7.470700000000000118e-01 3.203125000000000000e+00 2.935791000000000039e+00
1.425780999999999965e+00 2.275390999999999941e+00 7.385249999999999870e-01 3.188476999999999784e+00 2.938232000000000177e+00
1.411132999999999971e+00 2.261963000000000168e+00 7.336430000000000451e-01 3.188476999999999784e+00 2.938232000000000177e+00
1.392822000000000005e+00 2.250976999999999784e+00 7.275390000000000468e-01 3.178710999999999842e+00 2.934569999999999901e+00
1.375731999999999955e+00 2.246093999999999813e+00 7.226559999999999651e-01 3.162841999999999931e+00 2.934569999999999901e+00
1.362305000000000099e+00 2.231444999999999901e+00 7.189940000000000220e-01 3.159180000000000099e+00 2.915039000000000158e+00
1.342772999999999994e+00 2.222900000000000098e+00 7.128910000000000524e-01 3.149414000000000158e+00 2.915039000000000158e+00
1.324462999999999946e+00 2.211914000000000158e+00 7.080079999999999707e-01 3.138428000000000218e+00 2.917479999999999851e+00
1.308594000000000035e+00 2.203368999999999911e+00 7.043460000000000276e-01 3.131104000000000109e+00 2.905273000000000216e+00
1.293944999999999901e+00 2.196044999999999803e+00 7.019039999999999724e-01 3.129882999999999971e+00 2.890625000000000000e+00
1.276855000000000073e+00 2.186278999999999861e+00 6.982420000000000293e-01 3.120117000000000029e+00 2.895507999999999971e+00
1.264647999999999994e+00 2.182617000000000029e+00 6.933589999999999476e-01 3.110351999999999784e+00 2.886963000000000168e+00
1.245117000000000029e+00 2.172851999999999784e+00 6.896970000000000045e-01 3.100585999999999842e+00 2.890625000000000000e+00
1.230469000000000035e+00 2.163085999999999842e+00 6.848140000000000338e-01 3.090819999999999901e+00 2.885742000000000029e+00
1.215819999999999901e+00 2.153319999999999901e+00 6.823730000000000073e-01 3.083495999999999793e+00 2.885742000000000029e+00
1.199950999999999990e+00 2.147216999999999931e+00 6.787109999999999532e-01 3.074950999999999990e+00 2.879639000000000060e+00
1.186522999999999994e+00 2.137450999999999990e+00 6.750490000000000101e-01 3.071289000000000158e+00 2.856444999999999901e+00
1.171875000000000000e+00 2.133789000000000158e+00 6.726069999999999549e-01 3.061523000000000216e+00 2.857666000000000039e+00
1.157227000000000006e+00 2.124023000000000216e+00 6.701660000000000394e-01 3.051757999999999971e+00 2.856444999999999901e+00
1.143799000000000010e+00 2.114257999999999971e+00 6.689450000000000118e-01 3.046875000000000000e+00 2.846680000000000099e+00
1.131591999999999931e+00 2.109375000000000000e+00 6.652829999999999577e-01 3.046875000000000000e+00 2.846680000000000099e+00
1.119385000000000074e+00 2.106933999999999862e+00 6.640629999999999589e-01 3.033446999999999782e+00 2.847900000000000098e+00
1.109618999999999911e+00 2.097167999999999921e+00 6.652829999999999577e-01 3.032226999999999784e+00 2.832031000000000187e+00
1.102295000000000025e+00 2.094726999999999784e+00 6.689450000000000118e-01 3.022460999999999842e+00 2.832031000000000187e+00
1.093750000000000000e+00 2.084960999999999842e+00 6.689450000000000118e-01 3.017577999999999872e+00 2.827148000000000216e+00
1.088867000000000029e+00 2.084960999999999842e+00 6.701660000000000394e-01 3.013916000000000039e+00 2.836914000000000158e+00
1.081542999999999921e+00 2.077637000000000178e+00 6.701660000000000394e-01 3.012694999999999901e+00 2.818604000000000109e+00
1.075439000000000034e+00 2.080077999999999872e+00 6.738279999999999825e-01 3.006591999999999931e+00 2.828368999999999911e+00
1.069336000000000064e+00 2.075194999999999901e+00 6.726069999999999549e-01 3.002930000000000099e+00 2.811278999999999861e+00
1.059569999999999901e+00 2.066650000000000098e+00 6.701660000000000394e-01 3.002930000000000099e+00 2.817382999999999971e+00
1.049805000000000099e+00 2.065430000000000099e+00 6.713869999999999560e-01 2.994384999999999852e+00 2.821044999999999803e+00
1.042480000000000073e+00 2.065430000000000099e+00 6.689450000000000118e-01 2.993164000000000158e+00 2.800292999999999921e+00
1.031493999999999911e+00 2.055664000000000158e+00 6.689450000000000118e-01 2.984618999999999911e+00 2.811278999999999861e+00
1.021729000000000109e+00 2.055664000000000158e+00 6.665039999999999853e-01 2.983398000000000216e+00 2.797851999999999784e+00
1.015625000000000000e+00 2.048340000000000050e+00 6.652829999999999577e-01 2.983398000000000216e+00 2.801514000000000060e+00
1.010742000000000029e+00 2.047118999999999911e+00 6.652829999999999577e-01 2.974854000000000109e+00 2.808838000000000168e+00
1.000977000000000006e+00 2.039794999999999803e+00 6.628420000000000423e-01 2.973632999999999971e+00 2.797851999999999784e+00
9.924319999999999808e-01 2.036132999999999971e+00 6.628420000000000423e-01 2.973632999999999971e+00 2.797851999999999784e+00
9.863279999999999825e-01 2.036132999999999971e+00 6.628420000000000423e-01 2.963867000000000029e+00 2.797851999999999784e+00
9.814450000000000118e-01 2.036132999999999971e+00 6.628420000000000423e-01 2.963867000000000029e+00 2.797851999999999784e+00
9.728999999999999870e-01 2.027588000000000168e+00 6.616210000000000147e-01 2.963867000000000029e+00 2.790526999999999980e+00
9.667970000000000175e-01 2.026367000000000029e+00 6.603999999999999870e-01 2.956542999999999921e+00 2.792968999999999813e+00
9.619140000000000468e-01 2.021484000000000059e+00 6.616210000000000147e-01 2.954101999999999784e+00 2.788085999999999842e+00
9.533690000000000220e-01 2.017821999999999782e+00 6.603999999999999870e-01 2.954101999999999784e+00 2.788085999999999842e+00
9.460450000000000248e-01 2.016601999999999784e+00 6.603999999999999870e-01 2.947998000000000118e+00 2.797851999999999784e+00
9.387210000000000276e-01 2.011718999999999813e+00 6.591799999999999882e-01 2.945556999999999981e+00 2.779541000000000039e+00
9.326170000000000293e-01 2.008056999999999981e+00 6.555180000000000451e-01 2.944335999999999842e+00 2.768555000000000099e+00
9.228520000000000056e-01 2.006835999999999842e+00 6.555180000000000451e-01 2.938232000000000177e+00 2.781982000000000177e+00
9.143069999999999808e-01 2.000732000000000177e+00 6.530759999999999899e-01 2.934569999999999901e+00 2.768555000000000099e+00
9.069819999999999549e-01 1.997069999999999901e+00 6.506349999999999634e-01 2.932129000000000207e+00 2.772216999999999931e+00
8.984379999999999589e-01 1.997069999999999901e+00 6.506349999999999634e-01 2.928466999999999931e+00 2.779541000000000039e+00
8.935549999999999882e-01 1.992188000000000070e+00 6.494140000000000468e-01 2.928466999999999931e+00 2.768555000000000099e+00
8.862299999999999622e-01 1.988525000000000098e+00 6.494140000000000468e-01 2.924805000000000099e+00 2.751465000000000050e+00
8.801269999999999927e-01 1.987305000000000099e+00 6.494140000000000468e-01 2.918700999999999990e+00 2.762450999999999990e+00
8.752440000000000220e-01 1.981200999999999990e+00 6.494140000000000468e-01 2.916259999999999852e+00 2.758789000000000158e+00
8.740229999999999944e-01 1.978760000000000074e+00 6.494140000000000468e-01 2.915039000000000158e+00 2.749023000000000216e+00
8.740229999999999944e-01 1.977538999999999936e+00 6.542970000000000175e-01 2.915039000000000158e+00 2.753906000000000187e+00
8.740229999999999944e-01 1.977538999999999936e+00 6.555180000000000451e-01 2.915039000000000158e+00 2.758789000000000158e+00
8.752440000000000220e-01 1.977538999999999936e+00 6.603999999999999870e-01 2.915039000000000158e+00 2.760009999999999852e+00
8.801269999999999927e-01 1.982421999999999906e+00 6.628420000000000423e-01 2.915039000000000158e+00 2.761229999999999851e+00
8.837890000000000468e-01 1.978760000000000074e+00 6.689450000000000118e-01 2.915039000000000158e+00 2.758789000000000158e+00
8.898930000000000451e-01 1.981200999999999990e+00 6.701660000000000394e-01 2.915039000000000158e+00 2.760009999999999852e+00
8.947749999999999870e-01 1.981200999999999990e+00 6.726069999999999549e-01 2.916259999999999852e+00 2.769775000000000098e+00
8.984379999999999589e-01 1.982421999999999906e+00 6.738279999999999825e-01 2.916259999999999852e+00 2.760009999999999852e+00
8.984379999999999589e-01 1.982421999999999906e+00 6.738279999999999825e-01 2.916259999999999852e+00 2.760009999999999852e+00
9.033200000000000118e-01 1.987305000000000099e+00 6.750490000000000101e-01 2.918700999999999990e+00 2.760009999999999852e+00
9.069819999999999549e-01 1.987305000000000099e+00 6.787109999999999532e-01 2.916259999999999852e+00 2.758789000000000158e+00
9.082029999999999825e-01 1.989746000000000015e+00 6.787109999999999532e-01 2.918700999999999990e+00 2.758789000000000158e+00
9.094240000000000101e-01 1.988525000000000098e+00 6.750490000000000101e-01 2.924805000000000099e+00 2.750243999999999911e+00
9.069819999999999549e-01 1.987305000000000099e+00 6.750490000000000101e-01 2.924805000000000099e+00 2.758789000000000158e+00
9.045410000000000394e-01 1.987305000000000099e+00 6.726069999999999549e-01 2.918700999999999990e+00 2.769775000000000098e+00
9.033200000000000118e-01 1.987305000000000099e+00 6.701660000000000394e-01 2.924805000000000099e+00 2.758789000000000158e+00
8.972170000000000423e-01 1.981200999999999990e+00 6.689450000000000118e-01 2.917479999999999851e+00 2.758789000000000158e+00
8.935549999999999882e-01 1.977538999999999936e+00 6.640629999999999589e-01 2.915039000000000158e+00 2.758789000000000158e+00
8.850099999999999634e-01 1.977538999999999936e+00 6.616210000000000147e-01 2.916259999999999852e+00 2.768555000000000099e+00
8.789059999999999651e-01 1.977538999999999936e+00 6.591799999999999882e-01 2.915039000000000158e+00 2.749023000000000216e+00
8.703610000000000513e-01 1.968993999999999911e+00 6.542970000000000175e-01 2.915039000000000158e+00 2.750243999999999911e+00
8.642579999999999707e-01 1.967772999999999994e+00 6.530759999999999899e-01 2.905273000000000216e+00 2.753906000000000187e+00
8.557129999999999459e-01 1.961670000000000025e+00 6.506349999999999634e-01 2.905273000000000216e+00 2.758789000000000158e+00
8.496089999999999476e-01 1.958007999999999971e+00 6.494140000000000468e-01 2.899169999999999803e+00 2.760009999999999852e+00
8.447270000000000056e-01 1.959229000000000109e+00 6.494140000000000468e-01 2.896729000000000109e+00 2.749023000000000216e+00
8.361819999999999808e-01 1.954345999999999917e+00 6.457519999999999927e-01 2.900390999999999941e+00 2.739257999999999971e+00
8.349609999999999532e-01 1.948242000000000029e+00 6.457519999999999927e-01 2.895507999999999971e+00 2.740479000000000109e+00
8.251950000000000118e-01 1.948242000000000029e+00 6.433109999999999662e-01 2.890625000000000000e+00 2.741699000000000108e+00
8.190920000000000423e-01 1.942139000000000060e+00 6.408690000000000220e-01 2.886963000000000168e+00 2.751465000000000050e+00
8.154299999999999882e-01 1.938477000000000006e+00 6.408690000000000220e-01 2.885742000000000029e+00 2.733153999999999861e+00
8.081049999999999622e-01 1.938477000000000006e+00 6.408690000000000220e-01 2.885742000000000029e+00 2.739257999999999971e+00
8.007809999999999651e-01 1.933594000000000035e+00 6.396479999999999944e-01 2.878417999999999921e+00 2.734375000000000000e+00
7.958979999999999944e-01 1.933594000000000035e+00 6.396479999999999944e-01 2.875976999999999784e+00 2.729492000000000029e+00
7.885739999999999972e-01 1.928711000000000064e+00 6.396479999999999944e-01 2.875976999999999784e+00 2.729492000000000029e+00
7.824710000000000276e-01 1.920166000000000039e+00 6.347660000000000524e-01 2.869873000000000118e+00 2.739257999999999971e+00
7.775879999999999459e-01 1.918944999999999901e+00 6.323239999999999972e-01 2.866210999999999842e+00 2.719726999999999784e+00
7.714839999999999476e-01 1.918944999999999901e+00 6.311039999999999983e-01 2.866210999999999842e+00 2.720946999999999782e+00
7.666020000000000056e-01 1.914063000000000070e+00 6.311039999999999983e-01 2.856444999999999901e+00 2.729492000000000029e+00
7.592769999999999797e-01 1.909180000000000099e+00 6.311039999999999983e-01 2.856444999999999901e+00 2.719726999999999784e+00
7.519529999999999825e-01 1.909180000000000099e+00 6.298829999999999707e-01 2.856444999999999901e+00 2.719726999999999784e+00
7.470700000000000118e-01 1.901855000000000073e+00 6.298829999999999707e-01 2.849120999999999793e+00 2.720946999999999782e+00
7.397460000000000147e-01 1.900635000000000074e+00 6.298829999999999707e-01 2.847900000000000098e+00 2.723389000000000060e+00
7.336430000000000451e-01 1.899413999999999936e+00 6.262210000000000276e-01 2.846680000000000099e+00 2.709960999999999842e+00
7.275390000000000468e-01 1.894530999999999965e+00 6.250000000000000000e-01 2.846680000000000099e+00 2.709960999999999842e+00
7.214359999999999662e-01 1.890868999999999911e+00 6.250000000000000000e-01 2.836914000000000158e+00 2.709960999999999842e+00
7.177729999999999944e-01 1.889647999999999994e+00 6.237789999999999724e-01 2.836914000000000158e+00 2.714843999999999813e+00
7.092289999999999983e-01 1.883545000000000025e+00 6.213379999999999459e-01 2.838134999999999852e+00 2.719726999999999784e+00
7.031250000000000000e-01 1.881104000000000109e+00 6.213379999999999459e-01 2.827148000000000216e+00 2.701416000000000039e+00
6.982420000000000293e-01 1.879882999999999971e+00 6.201170000000000293e-01 2.821044999999999803e+00 2.703857000000000177e+00
6.896970000000000045e-01 1.879882999999999971e+00 6.201170000000000293e-01 2.827148000000000216e+00 2.690430000000000099e+00
6.848140000000000338e-01 1.871337999999999946e+00 6.201170000000000293e-01 2.821044999999999803e+00 2.700194999999999901e+00
6.787109999999999532e-01 1.870117000000000029e+00 6.164549999999999752e-01 2.817382999999999971e+00 2.690430000000000099e+00
6.738279999999999825e-01 1.870117000000000029e+00 6.201170000000000293e-01 2.811278999999999861e+00 2.700194999999999901e+00
6.689450000000000118e-01 1.870117000000000029e+00 6.164549999999999752e-01 2.811278999999999861e+00 2.692870999999999793e+00
6.640629999999999589e-01 1.861572000000000005e+00 6.152339999999999476e-01 2.808838000000000168e+00 2.683104999999999851e+00
6.591799999999999882e-01 1.860352000000000006e+00 6.164549999999999752e-01 2.807617000000000029e+00 2.674561000000000188e+00
6.555180000000000451e-01 1.860352000000000006e+00 6.164549999999999752e-01 2.807617000000000029e+00 2.683104999999999851e+00
6.530759999999999899e-01 1.855469000000000035e+00 6.152339999999999476e-01 2.800292999999999921e+00 2.684325999999999990e+00
6.506349999999999634e-01 1.851806999999999981e+00 6.164549999999999752e-01 2.799071999999999782e+00 2.694091999999999931e+00
6.494140000000000468e-01 1.850586000000000064e+00 6.164549999999999752e-01 2.797851999999999784e+00 2.680664000000000158e+00
6.494140000000000468e-01 1.850586000000000064e+00 6.201170000000000293e-01 2.797851999999999784e+00 2.680664000000000158e+00
6.494140000000000468e-01 1.850586000000000064e+00 6.201170000000000293e-01 2.800292999999999921e+00 2.680664000000000158e+00
6.494140000000000468e-01 1.850586000000000064e+00 6.201170000000000293e-01 2.797851999999999784e+00 2.680664000000000158e+00
6.494140000000000468e-01 1.850586000000000064e+00 6.213379999999999459e-01 2.792968999999999813e+00 2.683104999999999851e+00
6.494140000000000468e-01 1.850586000000000064e+00 6.213379999999999459e-01 2.790526999999999980e+00 2.681884999999999852e+00
6.494140000000000468e-01 1.850586000000000064e+00 6.213379999999999459e-01 2.789306999999999981e+00 2.690430000000000099e+00
6.494140000000000468e-01 1.844481999999999955e+00 6.225589999999999735e-01 2.790526999999999980e+00 2.670898000000000216e+00
6.506349999999999634e-01 1.844481999999999955e+00 6.237789999999999724e-01 2.789306999999999981e+00 2.681884999999999852e+00
6.506349999999999634e-01 1.842041000000000039e+00 6.237789999999999724e-01 2.788085999999999842e+00 2.673340000000000050e+00
6.506349999999999634e-01 1.844481999999999955e+00 6.237789999999999724e-01 2.788085999999999842e+00 2.673340000000000050e+00
6.494140000000000468e-01 1.845703000000000094e+00 6.237789999999999724e-01 2.789306999999999981e+00 2.684325999999999990e+00
6.494140000000000468e-01 1.840819999999999901e+00 6.225589999999999735e-01 2.788085999999999842e+00 2.663574000000000108e+00
6.494140000000000468e-01 1.840819999999999901e+00 6.213379999999999459e-01 2.788085999999999842e+00 2.670898000000000216e+00
6.445309999999999651e-01 1.840819999999999901e+00 6.213379999999999459e-01 2.788085999999999842e+00 2.673340000000000050e+00
6.433109999999999662e-01 1.840819999999999901e+00 6.213379999999999459e-01 2.781982000000000177e+00 2.684325999999999990e+00
6.408690000000000220e-01 1.835938000000000070e+00 6.213379999999999459e-01 2.780762000000000178e+00 2.664794999999999803e+00
6.396479999999999944e-01 1.834716999999999931e+00 6.201170000000000293e-01 2.780762000000000178e+00 2.663574000000000108e+00
6.359860000000000513e-01 1.832275000000000098e+00 6.201170000000000293e-01 2.778319999999999901e+00 2.661132999999999971e+00
6.335450000000000248e-01 1.832275000000000098e+00 6.201170000000000293e-01 2.778319999999999901e+00 2.664794999999999803e+00
6.311039999999999983e-01 1.831055000000000099e+00 6.201170000000000293e-01 2.778319999999999901e+00 2.664794999999999803e+00
6.323239999999999972e-01 1.831055000000000099e+00 6.201170000000000293e-01 2.778319999999999901e+00 2.670898000000000216e+00
6.323239999999999972e-01 1.831055000000000099e+00 6.213379999999999459e-01 2.778319999999999901e+00 2.670898000000000216e+00
6.335450000000000248e-01 1.829833999999999961e+00 6.213379999999999459e-01 2.778319999999999901e+00 2.670898000000000216e+00
6.359860000000000513e-01 1.831055000000000099e+00 6.213379999999999459e-01 2.778319999999999901e+00 2.670898000000000216e+00
6.347660000000000524e-01 1.831055000000000099e+00 6.213379999999999459e-01 2.778319999999999901e+00 2.670898000000000216e+00
6.359860000000000513e-01 1.831055000000000099e+00 6.213379999999999459e-01 2.770995999999999793e+00 2.670898000000000216e+00
6.347660000000000524e-01 1.822510000000000074e+00 6.213379999999999459e-01 2.770995999999999793e+00 2.670898000000000216e+00
6.359860000000000513e-01 1.823730000000000073e+00 6.213379999999999459e-01 2.772216999999999931e+00 2.680664000000000158e+00
6.347660000000000524e-01 1.822510000000000074e+00 6.213379999999999459e-01 2.762450999999999990e+00 2.670898000000000216e+00
6.359860000000000513e-01 1.822510000000000074e+00 6.213379999999999459e-01 2.773438000000000070e+00 2.652588000000000168e+00
6.347660000000000524e-01 1.821288999999999936e+00 6.213379999999999459e-01 2.768555000000000099e+00 2.662354000000000109e+00
6.347660000000000524e-01 1.821288999999999936e+00 6.213379999999999459e-01 2.768555000000000099e+00 2.662354000000000109e+00
6.347660000000000524e-01 1.821288999999999936e+00 6.237789999999999724e-01 2.768555000000000099e+00 2.663574000000000108e+00
6.347660000000000524e-01 1.821288999999999936e+00 6.225589999999999735e-01 2.768555000000000099e+00 2.661132999999999971e+00
6.347660000000000524e-01 1.821288999999999936e+00 6.213379999999999459e-01 2.768555000000000099e+00 2.664794999999999803e+00
6.359860000000000513e-01 1.821288999999999936e+00 6.213379999999999459e-01 2.768555000000000099e+00 2.663574000000000108e+00
6.359860000000000513e-01 1.821288999999999936e+00 6.213379999999999459e-01 2.768555000000000099e+00 2.663574000000000108e+00
6.335450000000000248e-01 1.816405999999999965e+00 6.225589999999999735e-01 2.768555000000000099e+00 2.662354000000000109e+00
6.323239999999999972e-01 1.813965000000000050e+00 6.213379999999999459e-01 2.762450999999999990e+00 2.670898000000000216e+00
6.298829999999999707e-01 1.816405999999999965e+00 6.213379999999999459e-01 2.768555000000000099e+00 2.656250000000000000e+00
6.311039999999999983e-01 1.811522999999999994e+00 6.201170000000000293e-01 2.768555000000000099e+00 2.653808999999999862e+00
6.298829999999999707e-01 1.811522999999999994e+00 6.201170000000000293e-01 2.762450999999999990e+00 2.664794999999999803e+00
6.262210000000000276e-01 1.811522999999999994e+00 6.201170000000000293e-01 2.758789000000000158e+00 2.642821999999999782e+00
6.237789999999999724e-01 1.811522999999999994e+00 6.201170000000000293e-01 2.758789000000000158e+00 2.652588000000000168e+00
6.201170000000000293e-01 1.811522999999999994e+00 6.164549999999999752e-01 2.758789000000000158e+00 2.655028999999999861e+00
6.201170000000000293e-01 1.805420000000000025e+00 6.164549999999999752e-01 2.758789000000000158e+00 2.661132999999999971e+00
6.164549999999999752e-01 1.802979000000000109e+00 6.164549999999999752e-01 2.758789000000000158e+00 2.661132999999999971e+00
6.140139999999999487e-01 1.802979000000000109e+00 6.164549999999999752e-01 2.758789000000000158e+00 2.653808999999999862e+00
6.115720000000000045e-01 1.801757999999999971e+00 6.152339999999999476e-01 2.751465000000000050e+00 2.652588000000000168e+00
6.103520000000000056e-01 1.801757999999999971e+00 6.140139999999999487e-01 2.752686000000000188e+00 2.663574000000000108e+00
6.079099999999999504e-01 1.801757999999999971e+00 6.140139999999999487e-01 2.750243999999999911e+00 2.655028999999999861e+00
6.066890000000000338e-01 1.796875000000000000e+00 6.140139999999999487e-01 2.749023000000000216e+00 2.641601999999999784e+00
6.103520000000000056e-01 1.796875000000000000e+00 6.201170000000000293e-01 2.750243999999999911e+00 2.653808999999999862e+00
6.201170000000000293e-01 1.801757999999999971e+00 6.213379999999999459e-01 2.750243999999999911e+00 2.652588000000000168e+00
6.335450000000000248e-01 1.801757999999999971e+00 6.298829999999999707e-01 2.751465000000000050e+00 2.646484000000000059e+00
6.542970000000000175e-01 1.805420000000000025e+00 6.396479999999999944e-01 2.758789000000000158e+00 2.651367000000000029e+00
6.787109999999999532e-01 1.812743999999999911e+00 6.494140000000000468e-01 2.768555000000000099e+00 2.655028999999999861e+00
7.031250000000000000e-01 1.821288999999999936e+00 6.591799999999999882e-01 2.769775000000000098e+00 2.670898000000000216e+00
7.238769999999999927e-01 1.831055000000000099e+00 6.640629999999999589e-01 2.778319999999999901e+00 2.656250000000000000e+00
7.434079999999999577e-01 1.832275000000000098e+00 6.689450000000000118e-01 2.788085999999999842e+00 2.670898000000000216e+00
7.580569999999999808e-01 1.840819999999999901e+00 6.689450000000000118e-01 2.792968999999999813e+00 2.670898000000000216e+00
7.727049999999999752e-01 1.843261999999999956e+00 6.689450000000000118e-01 2.797851999999999784e+00 2.680664000000000158e+00
7.861329999999999707e-01 1.850586000000000064e+00 6.689450000000000118e-01 2.801514000000000060e+00 2.691650000000000098e+00
7.910160000000000524e-01 1.853026999999999980e+00 6.689450000000000118e-01 2.808838000000000168e+00 2.684325999999999990e+00
7.971190000000000220e-01 1.855469000000000035e+00 6.689450000000000118e-01 2.811278999999999861e+00 2.690430000000000099e+00
8.056640000000000468e-01 1.860352000000000006e+00 6.689450000000000118e-01 2.811278999999999861e+00 2.690430000000000099e+00
8.105470000000000175e-01 1.860352000000000006e+00 6.689450000000000118e-01 2.817382999999999971e+00 2.680664000000000158e+00
8.154299999999999882e-01 1.861572000000000005e+00 6.689450000000000118e-01 2.821044999999999803e+00 2.700194999999999901e+00
8.203129999999999589e-01 1.861572000000000005e+00 6.689450000000000118e-01 2.827148000000000216e+00 2.683104999999999851e+00
8.264160000000000394e-01 1.870117000000000029e+00 6.689450000000000118e-01 2.828368999999999911e+00 2.700194999999999901e+00
8.349609999999999532e-01 1.870117000000000029e+00 6.726069999999999549e-01 2.836914000000000158e+00 2.691650000000000098e+00
8.483889999999999487e-01 1.879882999999999971e+00 6.799319999999999808e-01 2.836914000000000158e+00 2.701416000000000039e+00
8.642579999999999707e-01 1.879882999999999971e+00 6.884770000000000056e-01 2.846680000000000099e+00 2.709960999999999842e+00
8.801269999999999927e-01 1.889647999999999994e+00 6.933589999999999476e-01 2.849120999999999793e+00 2.709960999999999842e+00
8.972170000000000423e-01 1.899413999999999936e+00 6.982420000000000293e-01 2.857666000000000039e+00 2.723389000000000060e+00
9.130859999999999532e-01 1.903075999999999990e+00 7.019039999999999724e-01 2.866210999999999842e+00 2.719726999999999784e+00
9.289549999999999752e-01 1.910400000000000098e+00 7.043460000000000276e-01 2.875976999999999784e+00 2.723389000000000060e+00
9.436039999999999983e-01 1.918944999999999901e+00 7.080079999999999707e-01 2.879639000000000060e+00 2.741699000000000108e+00
9.619140000000000468e-01 1.922606999999999955e+00 7.128910000000000524e-01 2.891846000000000139e+00 2.739257999999999971e+00
9.765629999999999589e-01 1.929931999999999981e+00 7.177729999999999944e-01 2.895507999999999971e+00 2.729492000000000029e+00
9.912109999999999532e-01 1.938477000000000006e+00 7.214359999999999662e-01 2.905273000000000216e+00 2.739257999999999971e+00
1.020507999999999971e+00 1.953125000000000000e+00 7.287599999999999634e-01 2.917479999999999851e+00 2.750243999999999911e+00
1.031493999999999911e+00 1.958007999999999971e+00 7.336430000000000451e-01 2.924805000000000099e+00 2.758789000000000158e+00
1.044921999999999906e+00 1.967772999999999994e+00 7.385249999999999870e-01 2.934569999999999901e+00 2.768555000000000099e+00
1.059569999999999901e+00 1.977538999999999936e+00 7.434079999999999577e-01 2.944335999999999842e+00 2.770995999999999793e+00
1.074219000000000035e+00 1.987305000000000099e+00 7.495119999999999560e-01 2.947998000000000118e+00 2.788085999999999842e+00
1.090087999999999946e+00 1.993408000000000069e+00 7.580569999999999808e-01 2.956542999999999921e+00 2.778319999999999901e+00
1.113280999999999965e+00 2.008056999999999981e+00 7.702639999999999487e-01 2.963867000000000029e+00 2.788085999999999842e+00
1.201171999999999906e+00 2.048340000000000050e+00 8.374019999999999797e-01 3.002930000000000099e+00 2.797851999999999784e+00
1.275635000000000074e+00 2.084960999999999842e+00 8.837890000000000468e-01 3.024901999999999980e+00 2.817382999999999971e+00
1.362305000000000099e+00 2.125243999999999911e+00 9.265139999999999487e-01 3.061523000000000216e+00 2.839354999999999851e+00
1.450194999999999901e+00 2.164306999999999981e+00 9.655759999999999899e-01 3.100585999999999842e+00 2.866210999999999842e+00
1.518555000000000099e+00 2.211914000000000158e+00 9.924319999999999808e-01 3.131104000000000109e+00 2.895507999999999971e+00
1.568604000000000109e+00 2.241210999999999842e+00 1.005859000000000059e+00 3.168944999999999901e+00 2.899169999999999803e+00
1.606444999999999901e+00 2.272949000000000108e+00 1.010742000000000029e+00 3.198242000000000029e+00 2.927245999999999793e+00
1.629639000000000060e+00 2.293700999999999990e+00 1.004639000000000060e+00 3.215332000000000079e+00 2.954101999999999784e+00
1.645507999999999971e+00 2.309569999999999901e+00 1.000977000000000006e+00 3.237305000000000099e+00 2.957764000000000060e+00
1.655272999999999994e+00 2.320556999999999981e+00 9.912109999999999532e-01 3.247069999999999901e+00 2.968750000000000000e+00
1.657715000000000050e+00 2.329101999999999784e+00 9.814450000000000118e-01 3.256835999999999842e+00 2.974854000000000109e+00
1.658935999999999966e+00 2.338867000000000029e+00 9.716799999999999882e-01 3.266601999999999784e+00 2.977294999999999803e+00
1.661377000000000104e+00 2.343750000000000000e+00 9.631349999999999634e-01 3.270264000000000060e+00 2.996825999999999990e+00
1.656493999999999911e+00 2.348632999999999971e+00 9.545900000000000496e-01 3.276367000000000029e+00 2.984618999999999911e+00
1.650390999999999941e+00 2.348632999999999971e+00 9.423829999999999707e-01 3.281250000000000000e+00 2.993164000000000158e+00
1.645507999999999971e+00 2.348632999999999971e+00 9.326170000000000293e-01 3.281250000000000000e+00 2.994384999999999852e+00
1.635742000000000029e+00 2.343750000000000000e+00 9.179690000000000349e-01 3.276367000000000029e+00 3.002930000000000099e+00
1.625977000000000006e+00 2.338867000000000029e+00 9.057619999999999560e-01 3.276367000000000029e+00 3.002930000000000099e+00
1.610106999999999955e+00 2.338867000000000029e+00 8.935549999999999882e-01 3.278808999999999862e+00 2.996825999999999990e+00
1.597900000000000098e+00 2.332764000000000060e+00 8.813480000000000203e-01 3.267821999999999782e+00 3.002930000000000099e+00
1.586913999999999936e+00 2.329101999999999784e+00 8.740229999999999944e-01 3.267821999999999782e+00 2.993164000000000158e+00
1.577147999999999994e+00 2.329101999999999784e+00 8.654789999999999983e-01 3.266601999999999784e+00 2.983398000000000216e+00
1.567382999999999971e+00 2.319335999999999842e+00 8.593750000000000000e-01 3.259276999999999980e+00 2.984618999999999911e+00
1.557617000000000029e+00 2.319335999999999842e+00 8.544920000000000293e-01 3.256835999999999842e+00 2.983398000000000216e+00
1.528319999999999901e+00 2.303466999999999931e+00 8.361819999999999808e-01 3.247069999999999901e+00 2.983398000000000216e+00
1.518555000000000099e+00 2.299805000000000099e+00 8.288569999999999549e-01 3.240966999999999931e+00 2.993164000000000158e+00
1.508788999999999936e+00 2.293700999999999990e+00 8.251950000000000118e-01 3.237305000000000099e+00 2.963867000000000029e+00
1.499022999999999994e+00 2.290039000000000158e+00 8.154299999999999882e-01 3.229979999999999851e+00 2.973632999999999971e+00
1.484375000000000000e+00 2.282715000000000050e+00 8.068849999999999634e-01 3.227539000000000158e+00 2.973632999999999971e+00
1.472167999999999921e+00 2.280273000000000216e+00 8.007809999999999651e-01 3.220215000000000050e+00 2.963867000000000029e+00
1.461181999999999981e+00 2.270507999999999971e+00 7.958979999999999944e-01 3.214110999999999940e+00 2.966308999999999862e+00
1.431885000000000074e+00 2.260742000000000029e+00 7.788089999999999735e-01 3.208007999999999971e+00 2.949218999999999813e+00
1.420897999999999994e+00 2.252196999999999782e+00 7.763670000000000293e-01 3.198242000000000029e+00 2.946776999999999980e+00
1.406250000000000000e+00 2.242431999999999981e+00 7.666020000000000056e-01 3.189696999999999782e+00 2.954101999999999784e+00
1.386719000000000035e+00 2.236327999999999872e+00 7.568359999999999532e-01 3.181151999999999980e+00 2.934569999999999901e+00
1.372069999999999901e+00 2.231444999999999901e+00 7.482910000000000394e-01 3.172607000000000177e+00 2.944335999999999842e+00
1.354980000000000073e+00 2.221680000000000099e+00 7.421879999999999589e-01 3.168944999999999901e+00 2.917479999999999851e+00
1.342772999999999994e+00 2.213134999999999852e+00 7.373049999999999882e-01 3.160400000000000098e+00 2.934569999999999901e+00
1.328125000000000000e+00 2.203368999999999911e+00 7.312009999999999899e-01 3.150634999999999852e+00 2.918700999999999990e+00
1.313477000000000006e+00 2.202148000000000216e+00 7.275390000000000468e-01 3.149414000000000158e+00 2.905273000000000216e+00
1.296386999999999956e+00 2.192382999999999971e+00 7.214359999999999662e-01 3.139648000000000216e+00 2.910156000000000187e+00
1.284180000000000099e+00 2.182617000000000029e+00 7.189940000000000220e-01 3.131104000000000109e+00 2.915039000000000158e+00
1.269530999999999965e+00 2.175292999999999921e+00 7.128910000000000524e-01 3.129882999999999971e+00 2.895507999999999971e+00
1.257324000000000108e+00 2.166748000000000118e+00 7.092289999999999983e-01 3.120117000000000029e+00 2.895507999999999971e+00
1.245117000000000029e+00 2.163085999999999842e+00 7.080079999999999707e-01 3.110351999999999784e+00 2.895507999999999971e+00
1.235352000000000006e+00 2.153319999999999901e+00 7.031250000000000000e-01 3.101806999999999981e+00 2.895507999999999971e+00
1.217041000000000039e+00 2.147216999999999931e+00 6.994629999999999459e-01 3.105468999999999813e+00 2.877196999999999782e+00
1.206055000000000099e+00 2.143555000000000099e+00 6.982420000000000293e-01 3.090819999999999901e+00 2.875976999999999784e+00
1.196288999999999936e+00 2.135009999999999852e+00 6.933589999999999476e-01 3.082275000000000098e+00 2.885742000000000029e+00
1.186522999999999994e+00 2.125243999999999911e+00 6.921389999999999487e-01 3.081055000000000099e+00 2.867431999999999981e+00
1.171875000000000000e+00 2.124023000000000216e+00 6.884770000000000056e-01 3.076172000000000128e+00 2.866210999999999842e+00
1.160889000000000060e+00 2.114257999999999971e+00 6.884770000000000056e-01 3.071289000000000158e+00 2.866210999999999842e+00
1.151122999999999896e+00 2.105713000000000168e+00 6.848140000000000338e-01 3.061523000000000216e+00 2.860107000000000177e+00
1.138916000000000039e+00 2.098389000000000060e+00 6.823730000000000073e-01 3.052979000000000109e+00 2.868651999999999980e+00
1.129150000000000098e+00 2.095946999999999782e+00 6.799319999999999808e-01 3.051757999999999971e+00 2.849120999999999793e+00
1.118163999999999936e+00 2.094726999999999784e+00 6.787109999999999532e-01 3.046875000000000000e+00 2.846680000000000099e+00
1.108397999999999994e+00 2.084960999999999842e+00 6.750490000000000101e-01 3.041992000000000029e+00 2.847900000000000098e+00
1.098632999999999971e+00 2.075194999999999901e+00 6.738279999999999825e-01 3.034667999999999921e+00 2.846680000000000099e+00
1.083984000000000059e+00 2.075194999999999901e+00 6.701660000000000394e-01 3.032226999999999784e+00 2.839354999999999851e+00
1.074219000000000035e+00 2.066650000000000098e+00 6.689450000000000118e-01 3.022460999999999842e+00 2.830811000000000188e+00
1.064453000000000094e+00 2.065430000000000099e+00 6.689450000000000118e-01 3.022460999999999842e+00 2.830811000000000188e+00
1.054688000000000070e+00 2.055664000000000158e+00 6.652829999999999577e-01 3.012694999999999901e+00 2.827148000000000216e+00
1.044921999999999906e+00 2.050781000000000187e+00 6.652829999999999577e-01 3.012694999999999901e+00 2.827148000000000216e+00
