2.050780000000000103e-01 1.723632999999999971e+00 6.359860000000000513e-01 2.534180000000000099e+00 2.475585999999999842e+00
2.050780000000000103e-01 1.727295000000000025e+00 6.359860000000000513e-01 2.528075999999999990e+00 2.459716999999999931e+00
2.038570000000000104e-01 1.721190999999999915e+00 6.335450000000000248e-01 2.528075999999999990e+00 2.459716999999999931e+00
2.038570000000000104e-01 1.723632999999999971e+00 6.335450000000000248e-01 2.525634999999999852e+00 2.456055000000000099e+00
2.050780000000000103e-01 1.723632999999999971e+00 6.347660000000000524e-01 2.528075999999999990e+00 2.446289000000000158e+00
2.038570000000000104e-01 1.723632999999999971e+00 6.347660000000000524e-01 2.534180000000000099e+00 2.436523000000000216e+00
2.038570000000000104e-01 1.723632999999999971e+00 6.347660000000000524e-01 2.534180000000000099e+00 2.436523000000000216e+00
2.050780000000000103e-01 1.723632999999999971e+00 6.347660000000000524e-01 2.526854999999999851e+00 2.449950999999999990e+00
2.038570000000000104e-01 1.723632999999999971e+00 6.347660000000000524e-01 2.526854999999999851e+00 2.467041000000000039e+00
2.050780000000000103e-01 1.723632999999999971e+00 6.335450000000000248e-01 2.526854999999999851e+00 2.465819999999999901e+00
2.050780000000000103e-01 1.723632999999999971e+00 6.359860000000000513e-01 2.526854999999999851e+00 2.465819999999999901e+00
2.062990000000000101e-01 1.723632999999999971e+00 6.347660000000000524e-01 2.524414000000000158e+00 2.458495999999999793e+00
2.062990000000000101e-01 1.723632999999999971e+00 6.347660000000000524e-01 2.525634999999999852e+00 2.465819999999999901e+00
2.075200000000000100e-01 1.723632999999999971e+00 6.359860000000000513e-01 2.528075999999999990e+00 2.448729999999999851e+00
2.087400000000000089e-01 1.723632999999999971e+00 6.359860000000000513e-01 2.526854999999999851e+00 2.465819999999999901e+00
2.099610000000000087e-01 1.719970999999999917e+00 6.359860000000000513e-01 2.526854999999999851e+00 2.467041000000000039e+00
2.111820000000000086e-01 1.723632999999999971e+00 6.359860000000000513e-01 2.528075999999999990e+00 2.457275000000000098e+00
2.136230000000000073e-01 1.723632999999999971e+00 6.359860000000000513e-01 2.528075999999999990e+00 2.446289000000000158e+00
2.136230000000000073e-01 1.723632999999999971e+00 6.396479999999999944e-01 2.530517999999999823e+00 2.436523000000000216e+00
2.148440000000000072e-01 1.724854000000000109e+00 6.359860000000000513e-01 2.534180000000000099e+00 2.446289000000000158e+00
2.172850000000000059e-01 1.723632999999999971e+00 6.396479999999999944e-01 2.534180000000000099e+00 2.452392999999999823e+00
2.197270000000000056e-01 1.724854000000000109e+00 6.396479999999999944e-01 2.534180000000000099e+00 2.467041000000000039e+00
2.197270000000000056e-01 1.724854000000000109e+00 6.396479999999999944e-01 2.534180000000000099e+00 2.467041000000000039e+00
2.258300000000000030e-01 1.728515999999999941e+00 6.408690000000000220e-01 2.534180000000000099e+00 2.467041000000000039e+00
2.307130000000000014e-01 1.733397999999999994e+00 6.433109999999999662e-01 2.535400000000000098e+00 2.465819999999999901e+00
2.392579999999999985e-01 1.733397999999999994e+00 6.457519999999999927e-01 2.537841999999999931e+00 2.456055000000000099e+00
2.465819999999999956e-01 1.735840000000000050e+00 6.506349999999999634e-01 2.537841999999999931e+00 2.447509999999999852e+00
2.587889999999999913e-01 1.743163999999999936e+00 6.555180000000000451e-01 2.543944999999999901e+00 2.456055000000000099e+00
2.722169999999999868e-01 1.746825999999999990e+00 6.591799999999999882e-01 2.547607000000000177e+00 2.457275000000000098e+00
2.844240000000000101e-01 1.752930000000000099e+00 6.628420000000000423e-01 2.553710999999999842e+00 2.457275000000000098e+00
3.015140000000000042e-01 1.762694999999999901e+00 6.689450000000000118e-01 2.563476999999999784e+00 2.467041000000000039e+00
3.186039999999999983e-01 1.766356999999999955e+00 6.750490000000000101e-01 2.563476999999999784e+00 2.476806999999999981e+00
3.405759999999999899e-01 1.773681999999999981e+00 6.823730000000000073e-01 2.573242000000000029e+00 2.485351999999999784e+00
3.662110000000000087e-01 1.783447000000000005e+00 6.896970000000000045e-01 2.578125000000000000e+00 2.489014000000000060e+00
3.918460000000000276e-01 1.793212999999999946e+00 6.994629999999999459e-01 2.584229000000000109e+00 2.498778999999999861e+00
4.248049999999999882e-01 1.805420000000000025e+00 7.080079999999999707e-01 2.595215000000000050e+00 2.504882999999999971e+00
4.577640000000000042e-01 1.821288999999999936e+00 7.177729999999999944e-01 2.612305000000000099e+00 2.508544999999999803e+00
4.931639999999999913e-01 1.832275000000000098e+00 7.275390000000000468e-01 2.622069999999999901e+00 2.525634999999999852e+00
5.273440000000000349e-01 1.846924000000000010e+00 7.324220000000000175e-01 2.641601999999999784e+00 2.528075999999999990e+00
5.627440000000000220e-01 1.860352000000000006e+00 7.385249999999999870e-01 2.651367000000000029e+00 2.553710999999999842e+00
5.969240000000000101e-01 1.873779000000000083e+00 7.470700000000000118e-01 2.661132999999999971e+00 2.546387000000000178e+00
6.274410000000000265e-01 1.894530999999999965e+00 7.482910000000000394e-01 2.680664000000000158e+00 2.564696999999999782e+00
6.591799999999999882e-01 1.901855000000000073e+00 7.531740000000000101e-01 2.690430000000000099e+00 2.573242000000000029e+00
6.848140000000000338e-01 1.912841999999999931e+00 7.568359999999999532e-01 2.703857000000000177e+00 2.573242000000000029e+00
7.080079999999999707e-01 1.928711000000000064e+00 7.580569999999999808e-01 2.719726999999999784e+00 2.568359000000000059e+00
7.275390000000000468e-01 1.938477000000000006e+00 7.580569999999999808e-01 2.727050999999999892e+00 2.602539000000000158e+00
7.470700000000000118e-01 1.943359000000000059e+00 7.568359999999999532e-01 2.739257999999999971e+00 2.592773000000000216e+00
7.604980000000000073e-01 1.953125000000000000e+00 7.580569999999999808e-01 2.749023000000000216e+00 2.604979999999999851e+00
7.763670000000000293e-01 1.959229000000000109e+00 7.580569999999999808e-01 2.758789000000000158e+00 2.622069999999999901e+00
7.861329999999999707e-01 1.967772999999999994e+00 7.580569999999999808e-01 2.768555000000000099e+00 2.622069999999999901e+00
7.971190000000000220e-01 1.972655999999999965e+00 7.604980000000000073e-01 2.778319999999999901e+00 2.622069999999999901e+00
8.117680000000000451e-01 1.979980000000000073e+00 7.629390000000000338e-01 2.781982000000000177e+00 2.622069999999999901e+00
8.264160000000000394e-01 1.988525000000000098e+00 7.666020000000000056e-01 2.790526999999999980e+00 2.615966999999999931e+00
8.410640000000000338e-01 1.997069999999999901e+00 7.678220000000000045e-01 2.799071999999999782e+00 2.641601999999999784e+00
8.544920000000000293e-01 2.000732000000000177e+00 7.714839999999999476e-01 2.810058999999999862e+00 2.631835999999999842e+00
8.654789999999999983e-01 2.006835999999999842e+00 7.727049999999999752e-01 2.817382999999999971e+00 2.641601999999999784e+00
8.789059999999999651e-01 2.016601999999999784e+00 7.763670000000000293e-01 2.821044999999999803e+00 2.641601999999999784e+00
8.898930000000000451e-01 2.017821999999999782e+00 7.775879999999999459e-01 2.832031000000000187e+00 2.641601999999999784e+00
9.033200000000000118e-01 2.026367000000000029e+00 7.800289999999999724e-01 2.838134999999999852e+00 2.651367000000000029e+00
9.143069999999999808e-01 2.036132999999999971e+00 7.861329999999999707e-01 2.846680000000000099e+00 2.644042999999999921e+00
9.326170000000000293e-01 2.041015999999999941e+00 7.897950000000000248e-01 2.850341999999999931e+00 2.675781000000000187e+00
9.460450000000000248e-01 2.045898000000000216e+00 7.971190000000000220e-01 2.868651999999999980e+00 2.680664000000000158e+00
9.631349999999999634e-01 2.055664000000000158e+00 8.007809999999999651e-01 2.875976999999999784e+00 2.680664000000000158e+00
9.814450000000000118e-01 2.061767999999999823e+00 8.056640000000000468e-01 2.879639000000000060e+00 2.680664000000000158e+00
9.948730000000000073e-01 2.069091999999999931e+00 8.105470000000000175e-01 2.888183999999999862e+00 2.680664000000000158e+00
1.010742000000000029e+00 2.075194999999999901e+00 8.117680000000000451e-01 2.896729000000000109e+00 2.684325999999999990e+00
1.020507999999999971e+00 2.084960999999999842e+00 8.154299999999999882e-01 2.905273000000000216e+00 2.694091999999999931e+00
1.033935999999999966e+00 2.094726999999999784e+00 8.154299999999999882e-01 2.919922000000000128e+00 2.713623000000000118e+00
1.043700999999999990e+00 2.094726999999999784e+00 8.154299999999999882e-01 2.924805000000000099e+00 2.729492000000000029e+00
1.054688000000000070e+00 2.104492000000000029e+00 8.178710000000000147e-01 2.927245999999999793e+00 2.722167999999999921e+00
1.065674000000000010e+00 2.106933999999999862e+00 8.203129999999999589e-01 2.935791000000000039e+00 2.729492000000000029e+00
1.088867000000000029e+00 2.117919999999999803e+00 8.251950000000000118e-01 2.949218999999999813e+00 2.729492000000000029e+00
1.099854000000000109e+00 2.125243999999999911e+00 8.264160000000000394e-01 2.954101999999999784e+00 2.734375000000000000e+00
1.109618999999999911e+00 2.133789000000000158e+00 8.349609999999999532e-01 2.973632999999999971e+00 2.750243999999999911e+00
1.121825999999999990e+00 2.143555000000000099e+00 8.349609999999999532e-01 2.973632999999999971e+00 2.749023000000000216e+00
1.137694999999999901e+00 2.147216999999999931e+00 8.386230000000000073e-01 2.983398000000000216e+00 2.753906000000000187e+00
1.148681999999999981e+00 2.158202999999999872e+00 8.447270000000000056e-01 2.987061000000000188e+00 2.768555000000000099e+00
1.157227000000000006e+00 2.163085999999999842e+00 8.447270000000000056e-01 2.994384999999999852e+00 2.749023000000000216e+00
1.177979000000000109e+00 2.174071999999999782e+00 8.544920000000000293e-01 3.006591999999999931e+00 2.760009999999999852e+00
1.191405999999999965e+00 2.182617000000000029e+00 8.544920000000000293e-01 3.015137000000000178e+00 2.758789000000000158e+00
1.201171999999999906e+00 2.187500000000000000e+00 8.593750000000000000e-01 3.022460999999999842e+00 2.768555000000000099e+00
1.215819999999999901e+00 2.193604000000000109e+00 8.593750000000000000e-01 3.032226999999999784e+00 2.772216999999999931e+00
1.219481999999999955e+00 2.202148000000000216e+00 8.642579999999999707e-01 3.034667999999999921e+00 2.797851999999999784e+00
1.226806999999999981e+00 2.207031000000000187e+00 8.642579999999999707e-01 3.041992000000000029e+00 2.797851999999999784e+00
1.235352000000000006e+00 2.211914000000000158e+00 8.642579999999999707e-01 3.046875000000000000e+00 2.790526999999999980e+00
1.240234000000000059e+00 2.215575999999999990e+00 8.642579999999999707e-01 3.051757999999999971e+00 2.808838000000000168e+00
1.246337999999999946e+00 2.221680000000000099e+00 8.654789999999999983e-01 3.055419999999999803e+00 2.807617000000000029e+00
1.254882999999999971e+00 2.226563000000000070e+00 8.666989999999999972e-01 3.061523000000000216e+00 2.797851999999999784e+00
1.258545000000000025e+00 2.231444999999999901e+00 8.666989999999999972e-01 3.071289000000000158e+00 2.807617000000000029e+00
1.264647999999999994e+00 2.231444999999999901e+00 8.654789999999999983e-01 3.071289000000000158e+00 2.812500000000000000e+00
1.265868999999999911e+00 2.241210999999999842e+00 8.642579999999999707e-01 3.073729999999999851e+00 2.827148000000000216e+00
1.268310999999999966e+00 2.241210999999999842e+00 8.642579999999999707e-01 3.081055000000000099e+00 2.821044999999999803e+00
1.268310999999999966e+00 2.241210999999999842e+00 8.593750000000000000e-01 3.082275000000000098e+00 2.836914000000000158e+00
1.265868999999999911e+00 2.241210999999999842e+00 8.557129999999999459e-01 3.081055000000000099e+00 2.818604000000000109e+00
1.264647999999999994e+00 2.241210999999999842e+00 8.508299999999999752e-01 3.082275000000000098e+00 2.827148000000000216e+00
1.260985999999999940e+00 2.241210999999999842e+00 8.471680000000000321e-01 3.082275000000000098e+00 2.811278999999999861e+00
1.256104000000000109e+00 2.241210999999999842e+00 8.410640000000000338e-01 3.084716999999999931e+00 2.827148000000000216e+00
1.251220999999999917e+00 2.241210999999999842e+00 8.361819999999999808e-01 3.084716999999999931e+00 2.817382999999999971e+00
1.245117000000000029e+00 2.241210999999999842e+00 8.312990000000000101e-01 3.082275000000000098e+00 2.811278999999999861e+00
1.236572000000000005e+00 2.233887000000000178e+00 8.264160000000000394e-01 3.081055000000000099e+00 2.817382999999999971e+00
1.235352000000000006e+00 2.231444999999999901e+00 8.251950000000000118e-01 3.081055000000000099e+00 2.818604000000000109e+00
1.226806999999999981e+00 2.231444999999999901e+00 8.203129999999999589e-01 3.081055000000000099e+00 2.827148000000000216e+00
1.220703000000000094e+00 2.226563000000000070e+00 8.154299999999999882e-01 3.081055000000000099e+00 2.818604000000000109e+00
1.215819999999999901e+00 2.222900000000000098e+00 8.117680000000000451e-01 3.071289000000000158e+00 2.827148000000000216e+00
1.208496000000000015e+00 2.221680000000000099e+00 8.093259999999999899e-01 3.071289000000000158e+00 2.822265999999999941e+00
1.206055000000000099e+00 2.221680000000000099e+00 8.068849999999999634e-01 3.071289000000000158e+00 2.836914000000000158e+00
1.196288999999999936e+00 2.213134999999999852e+00 8.056640000000000468e-01 3.071289000000000158e+00 2.827148000000000216e+00
1.196288999999999936e+00 2.211914000000000158e+00 8.056640000000000468e-01 3.071289000000000158e+00 2.819824000000000108e+00
1.186522999999999994e+00 2.211914000000000158e+00 8.007809999999999651e-01 3.071289000000000158e+00 2.821044999999999803e+00
1.177979000000000109e+00 2.211914000000000158e+00 7.971190000000000220e-01 3.061523000000000216e+00 2.836914000000000158e+00
1.166992000000000029e+00 2.202148000000000216e+00 7.910160000000000524e-01 3.061523000000000216e+00 2.817382999999999971e+00
1.158447000000000005e+00 2.202148000000000216e+00 7.873539999999999983e-01 3.054199000000000108e+00 2.817382999999999971e+00
1.152344000000000035e+00 2.194824000000000108e+00 7.861329999999999707e-01 3.051757999999999971e+00 2.807617000000000029e+00
1.147461000000000064e+00 2.192382999999999971e+00 7.824710000000000276e-01 3.054199000000000108e+00 2.817382999999999971e+00
1.137694999999999901e+00 2.187500000000000000e+00 7.800289999999999724e-01 3.051757999999999971e+00 2.807617000000000029e+00
1.129150000000000098e+00 2.183838000000000168e+00 7.775879999999999459e-01 3.044433999999999862e+00 2.812500000000000000e+00
1.123046999999999906e+00 2.182617000000000029e+00 7.763670000000000293e-01 3.044433999999999862e+00 2.817382999999999971e+00
1.118163999999999936e+00 2.176514000000000060e+00 7.727049999999999752e-01 3.035889000000000060e+00 2.810058999999999862e+00
1.108397999999999994e+00 2.172851999999999784e+00 7.702639999999999487e-01 3.037109000000000059e+00 2.808838000000000168e+00
1.099854000000000109e+00 2.172851999999999784e+00 7.666020000000000056e-01 3.032226999999999784e+00 2.799071999999999782e+00
1.093750000000000000e+00 2.172851999999999784e+00 7.666020000000000056e-01 3.032226999999999784e+00 2.800292999999999921e+00
1.088867000000000029e+00 2.163085999999999842e+00 7.629390000000000338e-01 3.026123000000000118e+00 2.817382999999999971e+00
1.079102000000000006e+00 2.163085999999999842e+00 7.617190000000000349e-01 3.022460999999999842e+00 2.788085999999999842e+00
1.070556999999999981e+00 2.155762000000000178e+00 7.604980000000000073e-01 3.022460999999999842e+00 2.791748000000000118e+00
1.069336000000000064e+00 2.154541000000000039e+00 7.580569999999999808e-01 3.015137000000000178e+00 2.807617000000000029e+00
1.059569999999999901e+00 2.153319999999999901e+00 7.568359999999999532e-01 3.012694999999999901e+00 2.797851999999999784e+00
1.052246000000000015e+00 2.147216999999999931e+00 7.568359999999999532e-01 3.012694999999999901e+00 2.789306999999999981e+00
1.044921999999999906e+00 2.144775000000000098e+00 7.519529999999999825e-01 3.007813000000000070e+00 2.788085999999999842e+00
1.033935999999999966e+00 2.143555000000000099e+00 7.482910000000000394e-01 3.004150000000000098e+00 2.797851999999999784e+00
1.025390999999999941e+00 2.135009999999999852e+00 7.482910000000000394e-01 3.002930000000000099e+00 2.778319999999999901e+00
1.020507999999999971e+00 2.133789000000000158e+00 7.470700000000000118e-01 2.994384999999999852e+00 2.783202999999999872e+00
1.015625000000000000e+00 2.133789000000000158e+00 7.470700000000000118e-01 2.993164000000000158e+00 2.778319999999999901e+00
1.010742000000000029e+00 2.128906000000000187e+00 7.470700000000000118e-01 2.993164000000000158e+00 2.778319999999999901e+00
1.000977000000000006e+00 2.125243999999999911e+00 7.470700000000000118e-01 2.993164000000000158e+00 2.772216999999999931e+00
9.960940000000000349e-01 2.124023000000000216e+00 7.470700000000000118e-01 2.993164000000000158e+00 2.781982000000000177e+00
9.912109999999999532e-01 2.124023000000000216e+00 7.470700000000000118e-01 2.984618999999999911e+00 2.797851999999999784e+00
9.851069999999999549e-01 2.117919999999999803e+00 7.434079999999999577e-01 2.983398000000000216e+00 2.772216999999999931e+00
9.814450000000000118e-01 2.115479000000000109e+00 7.421879999999999589e-01 2.983398000000000216e+00 2.788085999999999842e+00
9.753420000000000423e-01 2.114257999999999971e+00 7.409670000000000423e-01 2.977294999999999803e+00 2.788085999999999842e+00
9.716799999999999882e-01 2.110596000000000139e+00 7.397460000000000147e-01 2.973632999999999971e+00 2.768555000000000099e+00
9.631349999999999634e-01 2.109375000000000000e+00 7.385249999999999870e-01 2.973632999999999971e+00 2.769775000000000098e+00
9.619140000000000468e-01 2.109375000000000000e+00 7.385249999999999870e-01 2.969971000000000139e+00 2.778319999999999901e+00
9.521479999999999944e-01 2.104492000000000029e+00 7.373049999999999882e-01 2.973632999999999971e+00 2.760009999999999852e+00
9.460450000000000248e-01 2.104492000000000029e+00 7.348630000000000440e-01 2.973632999999999971e+00 2.762450999999999990e+00
9.423829999999999707e-01 2.098389000000000060e+00 7.373049999999999882e-01 2.968750000000000000e+00 2.772216999999999931e+00
9.375000000000000000e-01 2.097167999999999921e+00 7.336430000000000451e-01 2.963867000000000029e+00 2.779541000000000039e+00
9.338379999999999459e-01 2.095946999999999782e+00 7.336430000000000451e-01 2.957764000000000060e+00 2.781982000000000177e+00
9.326170000000000293e-01 2.094726999999999784e+00 7.373049999999999882e-01 2.963867000000000029e+00 2.768555000000000099e+00
9.289549999999999752e-01 2.094726999999999784e+00 7.373049999999999882e-01 2.957764000000000060e+00 2.772216999999999931e+00
9.289549999999999752e-01 2.094726999999999784e+00 7.373049999999999882e-01 2.955321999999999782e+00 2.769775000000000098e+00
9.326170000000000293e-01 2.094726999999999784e+00 7.397460000000000147e-01 2.954101999999999784e+00 2.751465000000000050e+00
9.326170000000000293e-01 2.094726999999999784e+00 7.421879999999999589e-01 2.955321999999999782e+00 2.770995999999999793e+00
9.326170000000000293e-01 2.095946999999999782e+00 7.470700000000000118e-01 2.955321999999999782e+00 2.772216999999999931e+00
9.375000000000000000e-01 2.094726999999999784e+00 7.519529999999999825e-01 2.955321999999999782e+00 2.770995999999999793e+00
9.484860000000000513e-01 2.104492000000000029e+00 7.629390000000000338e-01 2.963867000000000029e+00 2.768555000000000099e+00
9.680180000000000451e-01 2.109375000000000000e+00 7.812500000000000000e-01 2.963867000000000029e+00 2.768555000000000099e+00
9.680180000000000451e-01 2.109375000000000000e+00 7.812500000000000000e-01 2.963867000000000029e+00 2.768555000000000099e+00
9.936519999999999797e-01 2.124023000000000216e+00 8.056640000000000468e-01 2.973632999999999971e+00 2.772216999999999931e+00
1.065674000000000010e+00 2.145995999999999793e+00 8.483889999999999487e-01 3.002930000000000099e+00 2.807617000000000029e+00
1.108397999999999994e+00 2.172851999999999784e+00 8.703610000000000513e-01 3.013916000000000039e+00 2.817382999999999971e+00
1.148681999999999981e+00 2.186278999999999861e+00 8.935549999999999882e-01 3.032226999999999784e+00 2.807617000000000029e+00
1.191405999999999965e+00 2.211914000000000158e+00 9.130859999999999532e-01 3.051757999999999971e+00 2.819824000000000108e+00
1.235352000000000006e+00 2.231444999999999901e+00 9.289549999999999752e-01 3.071289000000000158e+00 2.840575999999999990e+00
1.278075999999999990e+00 2.250976999999999784e+00 9.436039999999999983e-01 3.090819999999999901e+00 2.858887000000000178e+00
1.315917999999999921e+00 2.271729000000000109e+00 9.570309999999999651e-01 3.111571999999999782e+00 2.885742000000000029e+00
1.347655999999999965e+00 2.290039000000000158e+00 9.631349999999999634e-01 3.129882999999999971e+00 2.875976999999999784e+00
1.381836000000000064e+00 2.309569999999999901e+00 9.716799999999999882e-01 3.149414000000000158e+00 2.886963000000000168e+00
1.403809000000000085e+00 2.329101999999999784e+00 9.728999999999999870e-01 3.161620999999999793e+00 2.905273000000000216e+00
1.424560999999999966e+00 2.343750000000000000e+00 9.765629999999999589e-01 3.171387000000000178e+00 2.905273000000000216e+00
1.444091999999999931e+00 2.349854000000000109e+00 9.777829999999999577e-01 3.188476999999999784e+00 2.915039000000000158e+00
1.461181999999999981e+00 2.368164000000000158e+00 9.814450000000000118e-01 3.198242000000000029e+00 2.924805000000000099e+00
1.475829999999999975e+00 2.371825999999999990e+00 9.777829999999999577e-01 3.208007999999999971e+00 2.939452999999999872e+00
1.484375000000000000e+00 2.380370999999999793e+00 9.741210000000000147e-01 3.217773000000000216e+00 2.944335999999999842e+00
1.490479000000000109e+00 2.387694999999999901e+00 9.716799999999999882e-01 3.227539000000000158e+00 2.944335999999999842e+00
1.495360999999999940e+00 2.391357000000000177e+00 9.619140000000000468e-01 3.227539000000000158e+00 2.946776999999999980e+00
1.499022999999999994e+00 2.397460999999999842e+00 9.533690000000000220e-01 3.229979999999999851e+00 2.963867000000000029e+00
1.491699000000000108e+00 2.397460999999999842e+00 9.448239999999999972e-01 3.239745999999999793e+00 2.957764000000000060e+00
1.491699000000000108e+00 2.397460999999999842e+00 9.448239999999999972e-01 3.239745999999999793e+00 2.957764000000000060e+00
1.489257999999999971e+00 2.391357000000000177e+00 9.338379999999999459e-01 3.237305000000000099e+00 2.963867000000000029e+00
1.480712999999999946e+00 2.390137000000000178e+00 9.252930000000000321e-01 3.237305000000000099e+00 2.956542999999999921e+00
1.473389000000000060e+00 2.390137000000000178e+00 9.179690000000000349e-01 3.237305000000000099e+00 2.963867000000000029e+00
1.469727000000000006e+00 2.387694999999999901e+00 9.082029999999999825e-01 3.237305000000000099e+00 2.957764000000000060e+00
1.459961000000000064e+00 2.387694999999999901e+00 8.996579999999999577e-01 3.237305000000000099e+00 2.963867000000000029e+00
1.450194999999999901e+00 2.381591999999999931e+00 8.935549999999999882e-01 3.231200999999999990e+00 2.965088000000000168e+00
1.440430000000000099e+00 2.377930000000000099e+00 8.874509999999999899e-01 3.228759999999999852e+00 2.954101999999999784e+00
1.430663999999999936e+00 2.377930000000000099e+00 8.801269999999999927e-01 3.227539000000000158e+00 2.944335999999999842e+00
1.420897999999999994e+00 2.369384999999999852e+00 8.740229999999999944e-01 3.227539000000000158e+00 2.944335999999999842e+00
1.411132999999999971e+00 2.368164000000000158e+00 8.679200000000000248e-01 3.217773000000000216e+00 2.954101999999999784e+00
1.401367000000000029e+00 2.360840000000000050e+00 8.642579999999999707e-01 3.218993999999999911e+00 2.955321999999999782e+00
1.391602000000000006e+00 2.358398000000000216e+00 8.557129999999999459e-01 3.210449000000000108e+00 2.944335999999999842e+00
1.381836000000000064e+00 2.352294999999999803e+00 8.496089999999999476e-01 3.209229000000000109e+00 2.944335999999999842e+00
1.358643000000000045e+00 2.343750000000000000e+00 8.386230000000000073e-01 3.200683999999999862e+00 2.938232000000000177e+00
1.346435999999999966e+00 2.338867000000000029e+00 8.312990000000000101e-01 3.198242000000000029e+00 2.938232000000000177e+00
1.337890999999999941e+00 2.330321999999999782e+00 8.251950000000000118e-01 3.188476999999999784e+00 2.934569999999999901e+00
1.324462999999999946e+00 2.324218999999999813e+00 8.203129999999999589e-01 3.188476999999999784e+00 2.928466999999999931e+00
1.314697000000000005e+00 2.319335999999999842e+00 8.166499999999999870e-01 3.182373000000000118e+00 2.945556999999999981e+00
1.303711000000000064e+00 2.310791000000000039e+00 8.105470000000000175e-01 3.178710999999999842e+00 2.916259999999999852e+00
1.293944999999999901e+00 2.304688000000000070e+00 8.068849999999999634e-01 3.171387000000000178e+00 2.924805000000000099e+00
1.270752000000000104e+00 2.294922000000000128e+00 7.971190000000000220e-01 3.161620999999999793e+00 2.924805000000000099e+00
1.264647999999999994e+00 2.290039000000000158e+00 7.958979999999999944e-01 3.159180000000000099e+00 2.915039000000000158e+00
1.251220999999999917e+00 2.281493999999999911e+00 7.910160000000000524e-01 3.150634999999999852e+00 2.916259999999999852e+00
1.245117000000000029e+00 2.280273000000000216e+00 7.861329999999999707e-01 3.149414000000000158e+00 2.896729000000000109e+00
1.235352000000000006e+00 2.271729000000000109e+00 7.861329999999999707e-01 3.140868999999999911e+00 2.908936000000000188e+00
1.225586000000000064e+00 2.266846000000000139e+00 7.861329999999999707e-01 3.139648000000000216e+00 2.895507999999999971e+00
1.215819999999999901e+00 2.265625000000000000e+00 7.861329999999999707e-01 3.132324000000000108e+00 2.895507999999999971e+00
1.215819999999999901e+00 2.260742000000000029e+00 7.861329999999999707e-01 3.129882999999999971e+00 2.895507999999999971e+00
1.207275000000000098e+00 2.260742000000000029e+00 7.873539999999999983e-01 3.129882999999999971e+00 2.895507999999999971e+00
1.206055000000000099e+00 2.260742000000000029e+00 7.885739999999999972e-01 3.129882999999999971e+00 2.895507999999999971e+00
1.206055000000000099e+00 2.260742000000000029e+00 7.885739999999999972e-01 3.129882999999999971e+00 2.895507999999999971e+00
1.206055000000000099e+00 2.254639000000000060e+00 7.910160000000000524e-01 3.129882999999999971e+00 2.895507999999999971e+00
1.199950999999999990e+00 2.253417999999999921e+00 7.958979999999999944e-01 3.121338000000000168e+00 2.905273000000000216e+00
1.197510000000000074e+00 2.252196999999999782e+00 7.958979999999999944e-01 3.120117000000000029e+00 2.885742000000000029e+00
1.196288999999999936e+00 2.252196999999999782e+00 7.958979999999999944e-01 3.121338000000000168e+00 2.895507999999999971e+00
1.191405999999999965e+00 2.250976999999999784e+00 7.958979999999999944e-01 3.125000000000000000e+00 2.875976999999999784e+00
1.187743999999999911e+00 2.249756000000000089e+00 7.958979999999999944e-01 3.120117000000000029e+00 2.885742000000000029e+00
1.187743999999999911e+00 2.250976999999999784e+00 7.958979999999999944e-01 3.120117000000000029e+00 2.885742000000000029e+00
1.182860999999999940e+00 2.250976999999999784e+00 7.958979999999999944e-01 3.114014000000000060e+00 2.895507999999999971e+00
1.181640999999999941e+00 2.250976999999999784e+00 7.958979999999999944e-01 3.112792999999999921e+00 2.875976999999999784e+00
1.177979000000000109e+00 2.250976999999999784e+00 7.971190000000000220e-01 3.112792999999999921e+00 2.885742000000000029e+00
1.176757999999999971e+00 2.243651999999999980e+00 7.958979999999999944e-01 3.110351999999999784e+00 2.885742000000000029e+00
1.176757999999999971e+00 2.243651999999999980e+00 7.971190000000000220e-01 3.111571999999999782e+00 2.895507999999999971e+00
1.176757999999999971e+00 2.243651999999999980e+00 7.983400000000000496e-01 3.110351999999999784e+00 2.875976999999999784e+00
1.171875000000000000e+00 2.242431999999999981e+00 8.007809999999999651e-01 3.110351999999999784e+00 2.877196999999999782e+00
1.176757999999999971e+00 2.250976999999999784e+00 8.056640000000000468e-01 3.110351999999999784e+00 2.885742000000000029e+00
1.176757999999999971e+00 2.250976999999999784e+00 8.093259999999999899e-01 3.110351999999999784e+00 2.885742000000000029e+00
1.176757999999999971e+00 2.250976999999999784e+00 8.093259999999999899e-01 3.111571999999999782e+00 2.895507999999999971e+00
1.177979000000000109e+00 2.250976999999999784e+00 8.154299999999999882e-01 3.110351999999999784e+00 2.875976999999999784e+00
1.177979000000000109e+00 2.250976999999999784e+00 8.154299999999999882e-01 3.110351999999999784e+00 2.875976999999999784e+00
1.186522999999999994e+00 2.253417999999999921e+00 8.166499999999999870e-01 3.111571999999999782e+00 2.895507999999999971e+00
1.187743999999999911e+00 2.260742000000000029e+00 8.190920000000000423e-01 3.121338000000000168e+00 2.889403999999999861e+00
1.191405999999999965e+00 2.265625000000000000e+00 8.251950000000000118e-01 3.120117000000000029e+00 2.875976999999999784e+00
1.201171999999999906e+00 2.261963000000000168e+00 8.264160000000000394e-01 3.120117000000000029e+00 2.886963000000000168e+00
1.206055000000000099e+00 2.270507999999999971e+00 8.300779999999999825e-01 3.125000000000000000e+00 2.890625000000000000e+00
1.210938000000000070e+00 2.270507999999999971e+00 8.349609999999999532e-01 3.125000000000000000e+00 2.890625000000000000e+00
1.220703000000000094e+00 2.274169999999999803e+00 8.361819999999999808e-01 3.129882999999999971e+00 2.896729000000000109e+00
1.225586000000000064e+00 2.280273000000000216e+00 8.386230000000000073e-01 3.129882999999999971e+00 2.896729000000000109e+00
1.226806999999999981e+00 2.280273000000000216e+00 8.398440000000000349e-01 3.129882999999999971e+00 2.895507999999999971e+00
1.230469000000000035e+00 2.282715000000000050e+00 8.410640000000000338e-01 3.131104000000000109e+00 2.908936000000000188e+00
1.235352000000000006e+00 2.290039000000000158e+00 8.410640000000000338e-01 3.139648000000000216e+00 2.896729000000000109e+00
1.235352000000000006e+00 2.283936000000000188e+00 8.398440000000000349e-01 3.139648000000000216e+00 2.899169999999999803e+00
1.235352000000000006e+00 2.293700999999999990e+00 8.398440000000000349e-01 3.140868999999999911e+00 2.915039000000000158e+00
1.236572000000000005e+00 2.291259999999999852e+00 8.361819999999999808e-01 3.139648000000000216e+00 2.900390999999999941e+00
1.236572000000000005e+00 2.291259999999999852e+00 8.361819999999999808e-01 3.139648000000000216e+00 2.900390999999999941e+00
1.236572000000000005e+00 2.290039000000000158e+00 8.361819999999999808e-01 3.139648000000000216e+00 2.905273000000000216e+00
1.236572000000000005e+00 2.290039000000000158e+00 8.361819999999999808e-01 3.139648000000000216e+00 2.905273000000000216e+00
1.235352000000000006e+00 2.290039000000000158e+00 8.349609999999999532e-01 3.139648000000000216e+00 2.910156000000000187e+00
1.235352000000000006e+00 2.291259999999999852e+00 8.349609999999999532e-01 3.142090000000000050e+00 2.908936000000000188e+00
1.235352000000000006e+00 2.291259999999999852e+00 8.349609999999999532e-01 3.149414000000000158e+00 2.906493999999999911e+00
1.235352000000000006e+00 2.290039000000000158e+00 8.300779999999999825e-01 3.140868999999999911e+00 2.915039000000000158e+00
1.235352000000000006e+00 2.291259999999999852e+00 8.300779999999999825e-01 3.144531000000000187e+00 2.899169999999999803e+00
1.235352000000000006e+00 2.290039000000000158e+00 8.312990000000000101e-01 3.143311000000000188e+00 2.918700999999999990e+00
1.235352000000000006e+00 2.291259999999999852e+00 8.312990000000000101e-01 3.149414000000000158e+00 2.905273000000000216e+00
1.235352000000000006e+00 2.290039000000000158e+00 8.288569999999999549e-01 3.149414000000000158e+00 2.910156000000000187e+00
1.235352000000000006e+00 2.291259999999999852e+00 8.300779999999999825e-01 3.149414000000000158e+00 2.915039000000000158e+00
1.235352000000000006e+00 2.290039000000000158e+00 8.300779999999999825e-01 3.149414000000000158e+00 2.907715000000000050e+00
1.235352000000000006e+00 2.291259999999999852e+00 8.288569999999999549e-01 3.143311000000000188e+00 2.927245999999999793e+00
1.230469000000000035e+00 2.291259999999999852e+00 8.288569999999999549e-01 3.149414000000000158e+00 2.905273000000000216e+00
1.226806999999999981e+00 2.290039000000000158e+00 8.264160000000000394e-01 3.149414000000000158e+00 2.908936000000000188e+00
1.226806999999999981e+00 2.294922000000000128e+00 8.264160000000000394e-01 3.149414000000000158e+00 2.908936000000000188e+00
1.225586000000000064e+00 2.290039000000000158e+00 8.251950000000000118e-01 3.149414000000000158e+00 2.908936000000000188e+00
1.225586000000000064e+00 2.291259999999999852e+00 8.251950000000000118e-01 3.144531000000000187e+00 2.908936000000000188e+00
1.225586000000000064e+00 2.290039000000000158e+00 8.264160000000000394e-01 3.149414000000000158e+00 2.915039000000000158e+00
1.225586000000000064e+00 2.290039000000000158e+00 8.264160000000000394e-01 3.146973000000000020e+00 2.916259999999999852e+00
1.225586000000000064e+00 2.290039000000000158e+00 8.276369999999999560e-01 3.149414000000000158e+00 2.908936000000000188e+00
1.225586000000000064e+00 2.291259999999999852e+00 8.300779999999999825e-01 3.149414000000000158e+00 2.915039000000000158e+00
1.225586000000000064e+00 2.294922000000000128e+00 8.276369999999999560e-01 3.150634999999999852e+00 2.918700999999999990e+00
1.225586000000000064e+00 2.294922000000000128e+00 8.264160000000000394e-01 3.149414000000000158e+00 2.906493999999999911e+00
1.225586000000000064e+00 2.291259999999999852e+00 8.264160000000000394e-01 3.149414000000000158e+00 2.910156000000000187e+00
1.225586000000000064e+00 2.292479999999999851e+00 8.251950000000000118e-01 3.150634999999999852e+00 2.918700999999999990e+00
1.225586000000000064e+00 2.293700999999999990e+00 8.264160000000000394e-01 3.144531000000000187e+00 2.906493999999999911e+00
1.221924000000000010e+00 2.292479999999999851e+00 8.251950000000000118e-01 3.145751999999999882e+00 2.916259999999999852e+00
1.219481999999999955e+00 2.291259999999999852e+00 8.251950000000000118e-01 3.149414000000000158e+00 2.905273000000000216e+00
1.215819999999999901e+00 2.290039000000000158e+00 8.166499999999999870e-01 3.144531000000000187e+00 2.911376999999999882e+00
1.208496000000000015e+00 2.290039000000000158e+00 8.154299999999999882e-01 3.142090000000000050e+00 2.915039000000000158e+00
1.206055000000000099e+00 2.282715000000000050e+00 8.105470000000000175e-01 3.144531000000000187e+00 2.905273000000000216e+00
1.198730000000000073e+00 2.280273000000000216e+00 8.081049999999999622e-01 3.139648000000000216e+00 2.907715000000000050e+00
1.193848000000000020e+00 2.280273000000000216e+00 8.056640000000000468e-01 3.139648000000000216e+00 2.905273000000000216e+00
1.186522999999999994e+00 2.280273000000000216e+00 8.007809999999999651e-01 3.133544999999999803e+00 2.915039000000000158e+00
1.177979000000000109e+00 2.271729000000000109e+00 7.971190000000000220e-01 3.133544999999999803e+00 2.906493999999999911e+00
1.171875000000000000e+00 2.270507999999999971e+00 7.958979999999999944e-01 3.129882999999999971e+00 2.885742000000000029e+00
1.168212999999999946e+00 2.268066000000000138e+00 7.958979999999999944e-01 3.129882999999999971e+00 2.895507999999999971e+00
1.160889000000000060e+00 2.265625000000000000e+00 7.958979999999999944e-01 3.125000000000000000e+00 2.895507999999999971e+00
1.157227000000000006e+00 2.261963000000000168e+00 7.910160000000000524e-01 3.129882999999999971e+00 2.905273000000000216e+00
1.152344000000000035e+00 2.260742000000000029e+00 7.897950000000000248e-01 3.127441000000000138e+00 2.899169999999999803e+00
1.148681999999999981e+00 2.260742000000000029e+00 7.897950000000000248e-01 3.121338000000000168e+00 2.910156000000000187e+00
1.147461000000000064e+00 2.260742000000000029e+00 7.885739999999999972e-01 3.120117000000000029e+00 2.890625000000000000e+00
1.141356999999999955e+00 2.252196999999999782e+00 7.897950000000000248e-01 3.114014000000000060e+00 2.906493999999999911e+00
1.141356999999999955e+00 2.254639000000000060e+00 7.922360000000000513e-01 3.114014000000000060e+00 2.895507999999999971e+00
1.140136999999999956e+00 2.254639000000000060e+00 7.958979999999999944e-01 3.112792999999999921e+00 2.885742000000000029e+00
1.142578000000000094e+00 2.253417999999999921e+00 7.958979999999999944e-01 3.111571999999999782e+00 2.895507999999999971e+00
1.142578000000000094e+00 2.252196999999999782e+00 7.971190000000000220e-01 3.112792999999999921e+00 2.884520999999999891e+00
1.142578000000000094e+00 2.254639000000000060e+00 7.995609999999999662e-01 3.110351999999999784e+00 2.890625000000000000e+00
1.142578000000000094e+00 2.253417999999999921e+00 7.983400000000000496e-01 3.111571999999999782e+00 2.896729000000000109e+00
1.142578000000000094e+00 2.252196999999999782e+00 7.995609999999999662e-01 3.112792999999999921e+00 2.885742000000000029e+00
1.141356999999999955e+00 2.252196999999999782e+00 7.995609999999999662e-01 3.112792999999999921e+00 2.895507999999999971e+00
1.143799000000000010e+00 2.252196999999999782e+00 8.056640000000000468e-01 3.114014000000000060e+00 2.896729000000000109e+00
1.143799000000000010e+00 2.252196999999999782e+00 8.056640000000000468e-01 3.114014000000000060e+00 2.896729000000000109e+00
1.147461000000000064e+00 2.254639000000000060e+00 8.056640000000000468e-01 3.114014000000000060e+00 2.890625000000000000e+00
1.152344000000000035e+00 2.260742000000000029e+00 8.081049999999999622e-01 3.120117000000000029e+00 2.875976999999999784e+00
1.157227000000000006e+00 2.260742000000000029e+00 8.093259999999999899e-01 3.120117000000000029e+00 2.885742000000000029e+00
1.157227000000000006e+00 2.260742000000000029e+00 8.105470000000000175e-01 3.114014000000000060e+00 2.900390999999999941e+00
1.160889000000000060e+00 2.265625000000000000e+00 8.117680000000000451e-01 3.117675999999999892e+00 2.886963000000000168e+00
1.166992000000000029e+00 2.265625000000000000e+00 8.166499999999999870e-01 3.120117000000000029e+00 2.890625000000000000e+00
1.171875000000000000e+00 2.270507999999999971e+00 8.203129999999999589e-01 3.120117000000000029e+00 2.891846000000000139e+00
1.186522999999999994e+00 2.280273000000000216e+00 8.349609999999999532e-01 3.125000000000000000e+00 2.895507999999999971e+00
1.210938000000000070e+00 2.282715000000000050e+00 8.544920000000000293e-01 3.129882999999999971e+00 2.895507999999999971e+00
1.245117000000000029e+00 2.299805000000000099e+00 8.752440000000000220e-01 3.139648000000000216e+00 2.905273000000000216e+00
1.279296999999999906e+00 2.310791000000000039e+00 8.972170000000000423e-01 3.159180000000000099e+00 2.915039000000000158e+00
1.309814000000000034e+00 2.329101999999999784e+00 9.130859999999999532e-01 3.168944999999999901e+00 2.916259999999999852e+00
1.333007999999999971e+00 2.338867000000000029e+00 9.179690000000000349e-01 3.178710999999999842e+00 2.927245999999999793e+00
1.352538999999999936e+00 2.348632999999999971e+00 9.191890000000000338e-01 3.188476999999999784e+00 2.934569999999999901e+00
1.363525000000000098e+00 2.358398000000000216e+00 9.167480000000000073e-01 3.198242000000000029e+00 2.946776999999999980e+00
1.372069999999999901e+00 2.363281000000000187e+00 9.130859999999999532e-01 3.203125000000000000e+00 2.944335999999999842e+00
1.372069999999999901e+00 2.363281000000000187e+00 9.045410000000000394e-01 3.208007999999999971e+00 2.954101999999999784e+00
1.372069999999999901e+00 2.368164000000000158e+00 8.972170000000000423e-01 3.208007999999999971e+00 2.956542999999999921e+00
1.365966999999999931e+00 2.364501999999999882e+00 8.898930000000000451e-01 3.211669999999999803e+00 2.967528999999999861e+00
1.362305000000000099e+00 2.363281000000000187e+00 8.837890000000000468e-01 3.217773000000000216e+00 2.945556999999999981e+00
1.352538999999999936e+00 2.359618999999999911e+00 8.752440000000000220e-01 3.210449000000000108e+00 2.954101999999999784e+00
1.343993999999999911e+00 2.358398000000000216e+00 8.654789999999999983e-01 3.211669999999999803e+00 2.965088000000000168e+00
1.342772999999999994e+00 2.358398000000000216e+00 8.642579999999999707e-01 3.211669999999999803e+00 2.955321999999999782e+00
1.333007999999999971e+00 2.349854000000000109e+00 8.544920000000000293e-01 3.208007999999999971e+00 2.939452999999999872e+00
1.324462999999999946e+00 2.348632999999999971e+00 8.483889999999999487e-01 3.204346000000000139e+00 2.957764000000000060e+00
1.309814000000000034e+00 2.348632999999999971e+00 8.410640000000000338e-01 3.208007999999999971e+00 2.944335999999999842e+00
1.303711000000000064e+00 2.338867000000000029e+00 8.349609999999999532e-01 3.198242000000000029e+00 2.945556999999999981e+00
1.287841999999999931e+00 2.332764000000000060e+00 8.264160000000000394e-01 3.192139000000000060e+00 2.956542999999999921e+00
1.276855000000000073e+00 2.329101999999999784e+00 8.190920000000000423e-01 3.193359000000000059e+00 2.935791000000000039e+00
1.264647999999999994e+00 2.324218999999999813e+00 8.154299999999999882e-01 3.190917999999999921e+00 2.935791000000000039e+00
1.250000000000000000e+00 2.314452999999999872e+00 8.056640000000000468e-01 3.188476999999999784e+00 2.939452999999999872e+00
1.236572000000000005e+00 2.309569999999999901e+00 7.995609999999999662e-01 3.178710999999999842e+00 2.934569999999999901e+00
1.225586000000000064e+00 2.303466999999999931e+00 7.958979999999999944e-01 3.171387000000000178e+00 2.934569999999999901e+00
1.214599999999999902e+00 2.299805000000000099e+00 7.873539999999999983e-01 3.172607000000000177e+00 2.944335999999999842e+00
1.198730000000000073e+00 2.290039000000000158e+00 7.861329999999999707e-01 3.161620999999999793e+00 2.917479999999999851e+00
1.186522999999999994e+00 2.285156000000000187e+00 7.812500000000000000e-01 3.153075999999999990e+00 2.924805000000000099e+00
1.176757999999999971e+00 2.280273000000000216e+00 7.775879999999999459e-01 3.159180000000000099e+00 2.910156000000000187e+00
1.166992000000000029e+00 2.271729000000000109e+00 7.775879999999999459e-01 3.149414000000000158e+00 2.908936000000000188e+00
1.157227000000000006e+00 2.270507999999999971e+00 7.763670000000000293e-01 3.143311000000000188e+00 2.917479999999999851e+00
1.147461000000000064e+00 2.265625000000000000e+00 7.727049999999999752e-01 3.140868999999999911e+00 2.915039000000000158e+00
1.141356999999999955e+00 2.265625000000000000e+00 7.763670000000000293e-01 3.139648000000000216e+00 2.895507999999999971e+00
1.138916000000000039e+00 2.260742000000000029e+00 7.812500000000000000e-01 3.131104000000000109e+00 2.905273000000000216e+00
1.141356999999999955e+00 2.260742000000000029e+00 7.861329999999999707e-01 3.129882999999999971e+00 2.895507999999999971e+00
1.147461000000000064e+00 2.261963000000000168e+00 7.958979999999999944e-01 3.129882999999999971e+00 2.895507999999999971e+00
1.157227000000000006e+00 2.270507999999999971e+00 8.007809999999999651e-01 3.139648000000000216e+00 2.895507999999999971e+00
1.168212999999999946e+00 2.271729000000000109e+00 8.093259999999999899e-01 3.133544999999999803e+00 2.915039000000000158e+00
1.176757999999999971e+00 2.280273000000000216e+00 8.166499999999999870e-01 3.131104000000000109e+00 2.906493999999999911e+00
1.187743999999999911e+00 2.285156000000000187e+00 8.215329999999999577e-01 3.139648000000000216e+00 2.895507999999999971e+00
1.197510000000000074e+00 2.290039000000000158e+00 8.288569999999999549e-01 3.139648000000000216e+00 2.905273000000000216e+00
1.207275000000000098e+00 2.299805000000000099e+00 8.349609999999999532e-01 3.149414000000000158e+00 2.905273000000000216e+00
1.215819999999999901e+00 2.299805000000000099e+00 8.361819999999999808e-01 3.149414000000000158e+00 2.915039000000000158e+00
1.220703000000000094e+00 2.301025000000000098e+00 8.361819999999999808e-01 3.150634999999999852e+00 2.918700999999999990e+00
1.225586000000000064e+00 2.309569999999999901e+00 8.361819999999999808e-01 3.159180000000000099e+00 2.908936000000000188e+00
1.229247999999999896e+00 2.309569999999999901e+00 8.361819999999999808e-01 3.159180000000000099e+00 2.924805000000000099e+00
1.230469000000000035e+00 2.309569999999999901e+00 8.361819999999999808e-01 3.159180000000000099e+00 2.924805000000000099e+00
1.230469000000000035e+00 2.309569999999999901e+00 8.349609999999999532e-01 3.159180000000000099e+00 2.924805000000000099e+00
1.229247999999999896e+00 2.309569999999999901e+00 8.312990000000000101e-01 3.159180000000000099e+00 2.924805000000000099e+00
1.226806999999999981e+00 2.309569999999999901e+00 8.264160000000000394e-01 3.159180000000000099e+00 2.924805000000000099e+00
1.225586000000000064e+00 2.309569999999999901e+00 8.251950000000000118e-01 3.159180000000000099e+00 2.924805000000000099e+00
1.219481999999999955e+00 2.303466999999999931e+00 8.251950000000000118e-01 3.159180000000000099e+00 2.918700999999999990e+00
1.215819999999999901e+00 2.304688000000000070e+00 8.154299999999999882e-01 3.159180000000000099e+00 2.918700999999999990e+00
1.207275000000000098e+00 2.303466999999999931e+00 8.117680000000000451e-01 3.159180000000000099e+00 2.924805000000000099e+00
1.199950999999999990e+00 2.299805000000000099e+00 8.068849999999999634e-01 3.153075999999999990e+00 2.928466999999999931e+00
1.192627000000000104e+00 2.299805000000000099e+00 8.044430000000000192e-01 3.153075999999999990e+00 2.924805000000000099e+00
1.187743999999999911e+00 2.291259999999999852e+00 8.020019999999999927e-01 3.149414000000000158e+00 2.905273000000000216e+00
1.186522999999999994e+00 2.286376999999999882e+00 7.983400000000000496e-01 3.149414000000000158e+00 2.908936000000000188e+00
1.176757999999999971e+00 2.290039000000000158e+00 7.971190000000000220e-01 3.150634999999999852e+00 2.924805000000000099e+00
1.171875000000000000e+00 2.281493999999999911e+00 7.958979999999999944e-01 3.140868999999999911e+00 2.908936000000000188e+00
1.166992000000000029e+00 2.280273000000000216e+00 7.922360000000000513e-01 3.139648000000000216e+00 2.899169999999999803e+00
1.157227000000000006e+00 2.272949000000000108e+00 7.873539999999999983e-01 3.139648000000000216e+00 2.906493999999999911e+00
1.153564000000000034e+00 2.271729000000000109e+00 7.861329999999999707e-01 3.139648000000000216e+00 2.905273000000000216e+00
1.147461000000000064e+00 2.270507999999999971e+00 7.861329999999999707e-01 3.129882999999999971e+00 2.905273000000000216e+00
1.137694999999999901e+00 2.265625000000000000e+00 7.812500000000000000e-01 3.131104000000000109e+00 2.907715000000000050e+00
1.132813000000000070e+00 2.261963000000000168e+00 7.812500000000000000e-01 3.129882999999999971e+00 2.895507999999999971e+00
1.127930000000000099e+00 2.260742000000000029e+00 7.775879999999999459e-01 3.129882999999999971e+00 2.896729000000000109e+00
1.127930000000000099e+00 2.260742000000000029e+00 7.775879999999999459e-01 3.129882999999999971e+00 2.896729000000000109e+00
1.118163999999999936e+00 2.253417999999999921e+00 7.763670000000000293e-01 3.125000000000000000e+00 2.895507999999999971e+00
1.109618999999999911e+00 2.250976999999999784e+00 7.714839999999999476e-01 3.120117000000000029e+00 2.895507999999999971e+00
1.104735999999999940e+00 2.246093999999999813e+00 7.702639999999999487e-01 3.114014000000000060e+00 2.905273000000000216e+00
1.098632999999999971e+00 2.242431999999999981e+00 7.666020000000000056e-01 3.111571999999999782e+00 2.895507999999999971e+00
1.090087999999999946e+00 2.241210999999999842e+00 7.666020000000000056e-01 3.111571999999999782e+00 2.885742000000000029e+00
1.080322000000000005e+00 2.235107000000000177e+00 7.617190000000000349e-01 3.110351999999999784e+00 2.875976999999999784e+00
1.070556999999999981e+00 2.231444999999999901e+00 7.580569999999999808e-01 3.110351999999999784e+00 2.879639000000000060e+00
1.063231999999999955e+00 2.231444999999999901e+00 7.568359999999999532e-01 3.100585999999999842e+00 2.885742000000000029e+00
1.053466999999999931e+00 2.221680000000000099e+00 7.531740000000000101e-01 3.100585999999999842e+00 2.879639000000000060e+00
1.043700999999999990e+00 2.221680000000000099e+00 7.507319999999999549e-01 3.092041000000000039e+00 2.890625000000000000e+00
1.035155999999999965e+00 2.213134999999999852e+00 7.470700000000000118e-01 3.090819999999999901e+00 2.866210999999999842e+00
1.026610999999999940e+00 2.211914000000000158e+00 7.470700000000000118e-01 3.084716999999999931e+00 2.878417999999999921e+00
1.015625000000000000e+00 2.203368999999999911e+00 7.421879999999999589e-01 3.083495999999999793e+00 2.860107000000000177e+00
1.005859000000000059e+00 2.202148000000000216e+00 7.397460000000000147e-01 3.081055000000000099e+00 2.860107000000000177e+00
9.960940000000000349e-01 2.194824000000000108e+00 7.373049999999999882e-01 3.073729999999999851e+00 2.866210999999999842e+00
9.875490000000000101e-01 2.192382999999999971e+00 7.373049999999999882e-01 3.071289000000000158e+00 2.866210999999999842e+00
9.777829999999999577e-01 2.186278999999999861e+00 7.336430000000000451e-01 3.071289000000000158e+00 2.860107000000000177e+00
9.680180000000000451e-01 2.182617000000000029e+00 7.324220000000000175e-01 3.061523000000000216e+00 2.856444999999999901e+00
9.619140000000000468e-01 2.183838000000000168e+00 7.299799999999999622e-01 3.061523000000000216e+00 2.856444999999999901e+00
9.521479999999999944e-01 2.175292999999999921e+00 7.275390000000000468e-01 3.054199000000000108e+00 2.850341999999999931e+00
9.423829999999999707e-01 2.172851999999999784e+00 7.275390000000000468e-01 3.052979000000000109e+00 2.856444999999999901e+00
9.326170000000000293e-01 2.164306999999999981e+00 7.275390000000000468e-01 3.051757999999999971e+00 2.838134999999999852e+00
9.240720000000000045e-01 2.163085999999999842e+00 7.238769999999999927e-01 3.045653999999999861e+00 2.856444999999999901e+00
9.143069999999999808e-01 2.163085999999999842e+00 7.226559999999999651e-01 3.041992000000000029e+00 2.836914000000000158e+00
9.069819999999999549e-01 2.155762000000000178e+00 7.214359999999999662e-01 3.035889000000000060e+00 2.850341999999999931e+00
8.996579999999999577e-01 2.153319999999999901e+00 7.214359999999999662e-01 3.032226999999999784e+00 2.828368999999999911e+00
8.935549999999999882e-01 2.147216999999999931e+00 7.214359999999999662e-01 3.032226999999999784e+00 2.836914000000000158e+00
8.886720000000000175e-01 2.144775000000000098e+00 7.226559999999999651e-01 3.032226999999999784e+00 2.836914000000000158e+00
8.837890000000000468e-01 2.143555000000000099e+00 7.226559999999999651e-01 3.023681999999999981e+00 2.840575999999999990e+00
8.789059999999999651e-01 2.143555000000000099e+00 7.226559999999999651e-01 3.023681999999999981e+00 2.832031000000000187e+00
8.752440000000000220e-01 2.143555000000000099e+00 7.238769999999999927e-01 3.022460999999999842e+00 2.817382999999999971e+00
8.740229999999999944e-01 2.135009999999999852e+00 7.238769999999999927e-01 3.016357000000000177e+00 2.836914000000000158e+00
8.679200000000000248e-01 2.133789000000000158e+00 7.238769999999999927e-01 3.022460999999999842e+00 2.818604000000000109e+00
8.642579999999999707e-01 2.133789000000000158e+00 7.238769999999999927e-01 3.013916000000000039e+00 2.836914000000000158e+00
8.642579999999999707e-01 2.133789000000000158e+00 7.226559999999999651e-01 3.012694999999999901e+00 2.811278999999999861e+00
8.593750000000000000e-01 2.133789000000000158e+00 7.238769999999999927e-01 3.015137000000000178e+00 2.819824000000000108e+00
8.544920000000000293e-01 2.128906000000000187e+00 7.214359999999999662e-01 3.012694999999999901e+00 2.818604000000000109e+00
8.544920000000000293e-01 2.125243999999999911e+00 7.238769999999999927e-01 3.012694999999999901e+00 2.821044999999999803e+00
8.508299999999999752e-01 2.125243999999999911e+00 7.275390000000000468e-01 3.006591999999999931e+00 2.828368999999999911e+00
8.496089999999999476e-01 2.125243999999999911e+00 7.275390000000000468e-01 3.004150000000000098e+00 2.818604000000000109e+00
8.483889999999999487e-01 2.124023000000000216e+00 7.275390000000000468e-01 3.004150000000000098e+00 2.817382999999999971e+00
8.483889999999999487e-01 2.124023000000000216e+00 7.275390000000000468e-01 3.004150000000000098e+00 2.808838000000000168e+00
8.483889999999999487e-01 2.124023000000000216e+00 7.275390000000000468e-01 3.002930000000000099e+00 2.801514000000000060e+00
8.459470000000000045e-01 2.124023000000000216e+00 7.275390000000000468e-01 3.002930000000000099e+00 2.807617000000000029e+00
8.447270000000000056e-01 2.124023000000000216e+00 7.275390000000000468e-01 3.002930000000000099e+00 2.811278999999999861e+00
8.447270000000000056e-01 2.124023000000000216e+00 7.275390000000000468e-01 3.002930000000000099e+00 2.811278999999999861e+00
8.398440000000000349e-01 2.116699000000000108e+00 7.275390000000000468e-01 3.002930000000000099e+00 2.811278999999999861e+00
8.386230000000000073e-01 2.115479000000000109e+00 7.275390000000000468e-01 3.002930000000000099e+00 2.811278999999999861e+00
8.361819999999999808e-01 2.114257999999999971e+00 7.275390000000000468e-01 2.995604999999999851e+00 2.811278999999999861e+00
8.361819999999999808e-01 2.114257999999999971e+00 7.238769999999999927e-01 2.993164000000000158e+00 2.810058999999999862e+00
8.349609999999999532e-01 2.114257999999999971e+00 7.275390000000000468e-01 2.994384999999999852e+00 2.827148000000000216e+00
8.349609999999999532e-01 2.114257999999999971e+00 7.275390000000000468e-01 2.995604999999999851e+00 2.807617000000000029e+00
8.349609999999999532e-01 2.114257999999999971e+00 7.275390000000000468e-01 2.993164000000000158e+00 2.807617000000000029e+00
