5.529789999999999983e-01 1.557617000000000029e+00 6.396479999999999944e-01 2.407226999999999784e+00 2.368164000000000158e+00
5.664059999999999651e-01 1.562500000000000000e+00 6.396479999999999944e-01 2.416992000000000029e+00 2.377930000000000099e+00
5.664059999999999651e-01 1.562500000000000000e+00 6.396479999999999944e-01 2.416992000000000029e+00 2.377930000000000099e+00
5.810549999999999882e-01 1.568604000000000109e+00 6.408690000000000220e-01 2.426757999999999971e+00 2.387694999999999901e+00
5.908200000000000118e-01 1.578368999999999911e+00 6.433109999999999662e-01 2.436523000000000216e+00 2.388916000000000039e+00
6.018069999999999808e-01 1.586913999999999936e+00 6.445309999999999651e-01 2.446289000000000158e+00 2.390137000000000178e+00
6.115720000000000045e-01 1.589355000000000073e+00 6.457519999999999927e-01 2.456055000000000099e+00 2.416992000000000029e+00
6.213379999999999459e-01 1.596680000000000099e+00 6.457519999999999927e-01 2.459716999999999931e+00 2.409667999999999921e+00
6.298829999999999707e-01 1.600341999999999931e+00 6.494140000000000468e-01 2.465819999999999901e+00 2.408446999999999782e+00
6.359860000000000513e-01 1.607666000000000039e+00 6.457519999999999927e-01 2.478026999999999980e+00 2.421875000000000000e+00
6.408690000000000220e-01 1.608886999999999956e+00 6.457519999999999927e-01 2.485351999999999784e+00 2.431640999999999941e+00
6.457519999999999927e-01 1.616211000000000064e+00 6.445309999999999651e-01 2.490234000000000059e+00 2.441406000000000187e+00
6.506349999999999634e-01 1.617431999999999981e+00 6.433109999999999662e-01 2.495117000000000029e+00 2.456055000000000099e+00
6.518549999999999622e-01 1.621094000000000035e+00 6.408690000000000220e-01 2.496338000000000168e+00 2.436523000000000216e+00
6.542970000000000175e-01 1.625977000000000006e+00 6.408690000000000220e-01 2.504882999999999971e+00 2.426757999999999971e+00
6.555180000000000451e-01 1.625977000000000006e+00 6.396479999999999944e-01 2.504882999999999971e+00 2.436523000000000216e+00
6.555180000000000451e-01 1.625977000000000006e+00 6.359860000000000513e-01 2.507324000000000108e+00 2.438965000000000050e+00
6.555180000000000451e-01 1.625977000000000006e+00 6.347660000000000524e-01 2.514648000000000216e+00 2.449950999999999990e+00
6.542970000000000175e-01 1.625977000000000006e+00 6.323239999999999972e-01 2.514648000000000216e+00 2.456055000000000099e+00
6.542970000000000175e-01 1.628417999999999921e+00 6.311039999999999983e-01 2.514648000000000216e+00 2.456055000000000099e+00
6.542970000000000175e-01 1.627197000000000005e+00 6.298829999999999707e-01 2.515868999999999911e+00 2.438965000000000050e+00
6.542970000000000175e-01 1.629639000000000060e+00 6.298829999999999707e-01 2.518311000000000188e+00 2.436523000000000216e+00
6.506349999999999634e-01 1.627197000000000005e+00 6.298829999999999707e-01 2.524414000000000158e+00 2.436523000000000216e+00
6.506349999999999634e-01 1.627197000000000005e+00 6.262210000000000276e-01 2.524414000000000158e+00 2.446289000000000158e+00
6.494140000000000468e-01 1.627197000000000005e+00 6.262210000000000276e-01 2.524414000000000158e+00 2.448729999999999851e+00
6.494140000000000468e-01 1.627197000000000005e+00 6.237789999999999724e-01 2.524414000000000158e+00 2.468262000000000178e+00
6.445309999999999651e-01 1.625977000000000006e+00 6.237789999999999724e-01 2.524414000000000158e+00 2.468262000000000178e+00
6.408690000000000220e-01 1.625977000000000006e+00 6.201170000000000293e-01 2.524414000000000158e+00 2.459716999999999931e+00
6.359860000000000513e-01 1.625977000000000006e+00 6.201170000000000293e-01 2.524414000000000158e+00 2.465819999999999901e+00
6.311039999999999983e-01 1.619872999999999896e+00 6.164549999999999752e-01 2.521973000000000020e+00 2.459716999999999931e+00
6.298829999999999707e-01 1.617431999999999981e+00 6.152339999999999476e-01 2.524414000000000158e+00 2.460938000000000070e+00
6.250000000000000000e-01 1.617431999999999981e+00 6.140139999999999487e-01 2.524414000000000158e+00 2.469482000000000177e+00
6.201170000000000293e-01 1.616211000000000064e+00 6.115720000000000045e-01 2.514648000000000216e+00 2.470702999999999872e+00
6.152339999999999476e-01 1.616211000000000064e+00 6.103520000000000056e-01 2.514648000000000216e+00 2.468262000000000178e+00
6.066890000000000338e-01 1.611328000000000094e+00 6.054690000000000349e-01 2.514648000000000216e+00 2.456055000000000099e+00
6.005859999999999532e-01 1.606444999999999901e+00 6.066890000000000338e-01 2.514648000000000216e+00 2.456055000000000099e+00
5.969240000000000101e-01 1.606444999999999901e+00 6.042480000000000073e-01 2.508544999999999803e+00 2.446289000000000158e+00
5.908200000000000118e-01 1.600341999999999931e+00 6.030269999999999797e-01 2.504882999999999971e+00 2.436523000000000216e+00
5.859379999999999589e-01 1.600341999999999931e+00 6.018069999999999808e-01 2.504882999999999971e+00 2.438965000000000050e+00
5.810549999999999882e-01 1.596680000000000099e+00 6.005859999999999532e-01 2.498778999999999861e+00 2.447509999999999852e+00
5.761720000000000175e-01 1.596680000000000099e+00 6.005859999999999532e-01 2.498778999999999861e+00 2.426757999999999971e+00
5.700680000000000192e-01 1.591796999999999906e+00 5.969240000000000101e-01 2.496338000000000168e+00 2.418213000000000168e+00
5.627440000000000220e-01 1.588135000000000074e+00 5.957029999999999825e-01 2.495117000000000029e+00 2.416992000000000029e+00
5.578610000000000513e-01 1.586913999999999936e+00 5.944819999999999549e-01 2.489014000000000060e+00 2.426757999999999971e+00
5.517579999999999707e-01 1.586913999999999936e+00 5.932619999999999560e-01 2.485351999999999784e+00 2.416992000000000029e+00
5.468750000000000000e-01 1.586913999999999936e+00 5.957029999999999825e-01 2.486571999999999782e+00 2.418213000000000168e+00
5.480960000000000276e-01 1.586913999999999936e+00 6.018069999999999808e-01 2.485351999999999784e+00 2.416992000000000029e+00
5.578610000000000513e-01 1.586913999999999936e+00 6.127930000000000321e-01 2.485351999999999784e+00 2.426757999999999971e+00
5.761720000000000175e-01 1.599121000000000015e+00 6.262210000000000276e-01 2.489014000000000060e+00 2.427979000000000109e+00
6.018069999999999808e-01 1.616211000000000064e+00 6.457519999999999927e-01 2.496338000000000168e+00 2.426757999999999971e+00
6.396479999999999944e-01 1.636962999999999946e+00 6.652829999999999577e-01 2.514648000000000216e+00 2.426757999999999971e+00
6.787109999999999532e-01 1.660155999999999965e+00 6.835940000000000349e-01 2.524414000000000158e+00 2.446289000000000158e+00
7.177729999999999944e-01 1.684569999999999901e+00 6.982420000000000293e-01 2.537841999999999931e+00 2.449950999999999990e+00
7.568359999999999532e-01 1.704102000000000006e+00 7.080079999999999707e-01 2.563476999999999784e+00 2.465819999999999901e+00
7.958979999999999944e-01 1.723632999999999971e+00 7.214359999999999662e-01 2.578125000000000000e+00 2.485351999999999784e+00
8.398440000000000349e-01 1.744385000000000074e+00 7.409670000000000423e-01 2.597656000000000187e+00 2.496338000000000168e+00
8.947749999999999870e-01 1.772461000000000064e+00 7.666020000000000056e-01 2.623291000000000039e+00 2.506104000000000109e+00
9.619140000000000468e-01 1.806640999999999941e+00 7.971190000000000220e-01 2.656250000000000000e+00 2.524414000000000158e+00
1.031493999999999911e+00 1.842041000000000039e+00 8.300779999999999825e-01 2.690430000000000099e+00 2.547607000000000177e+00
1.108397999999999994e+00 1.881104000000000109e+00 8.593750000000000000e-01 2.729492000000000029e+00 2.583007999999999971e+00
1.181640999999999941e+00 1.922606999999999955e+00 8.850099999999999634e-01 2.772216999999999931e+00 2.606200999999999990e+00
1.246337999999999946e+00 1.967772999999999994e+00 9.082029999999999825e-01 2.811278999999999861e+00 2.631835999999999842e+00
1.303711000000000064e+00 1.998291000000000039e+00 9.228520000000000056e-01 2.857666000000000039e+00 2.635498000000000118e+00
1.342772999999999994e+00 2.030028999999999861e+00 9.252930000000000321e-01 2.900390999999999941e+00 2.674561000000000188e+00
1.373291000000000039e+00 2.055664000000000158e+00 9.265139999999999487e-01 2.927245999999999793e+00 2.719726999999999784e+00
1.395264000000000060e+00 2.077637000000000178e+00 9.240720000000000045e-01 2.947998000000000118e+00 2.729492000000000029e+00
1.420897999999999994e+00 2.104492000000000029e+00 9.143069999999999808e-01 2.993164000000000158e+00 2.739257999999999971e+00
1.425780999999999965e+00 2.114257999999999971e+00 9.069819999999999549e-01 3.012694999999999901e+00 2.758789000000000158e+00
1.430663999999999936e+00 2.124023000000000216e+00 8.984379999999999589e-01 3.022460999999999842e+00 2.768555000000000099e+00
1.424560999999999966e+00 2.125243999999999911e+00 8.886720000000000175e-01 3.026123000000000118e+00 2.778319999999999901e+00
1.424560999999999966e+00 2.133789000000000158e+00 8.801269999999999927e-01 3.032226999999999784e+00 2.769775000000000098e+00
1.416015999999999941e+00 2.133789000000000158e+00 8.703610000000000513e-01 3.035889000000000060e+00 2.788085999999999842e+00
1.411132999999999971e+00 2.135009999999999852e+00 8.642579999999999707e-01 3.041992000000000029e+00 2.778319999999999901e+00
1.395264000000000060e+00 2.133789000000000158e+00 8.459470000000000045e-01 3.051757999999999971e+00 2.797851999999999784e+00
1.391602000000000006e+00 2.133789000000000158e+00 8.398440000000000349e-01 3.046875000000000000e+00 2.791748000000000118e+00
1.383056999999999981e+00 2.133789000000000158e+00 8.349609999999999532e-01 3.051757999999999971e+00 2.807617000000000029e+00
1.381836000000000064e+00 2.133789000000000158e+00 8.264160000000000394e-01 3.046875000000000000e+00 2.807617000000000029e+00
1.381836000000000064e+00 2.133789000000000158e+00 8.251950000000000118e-01 3.046875000000000000e+00 2.801514000000000060e+00
1.372069999999999901e+00 2.128906000000000187e+00 8.178710000000000147e-01 3.046875000000000000e+00 2.817382999999999971e+00
1.372069999999999901e+00 2.128906000000000187e+00 8.178710000000000147e-01 3.046875000000000000e+00 2.817382999999999971e+00
1.363525000000000098e+00 2.126465000000000050e+00 8.117680000000000451e-01 3.043213000000000168e+00 2.817382999999999971e+00
1.358643000000000045e+00 2.125243999999999911e+00 8.056640000000000468e-01 3.041992000000000029e+00 2.797851999999999784e+00
1.352538999999999936e+00 2.119140999999999941e+00 7.971190000000000220e-01 3.045653999999999861e+00 2.801514000000000060e+00
1.342772999999999994e+00 2.115479000000000109e+00 7.922360000000000513e-01 3.041992000000000029e+00 2.800292999999999921e+00
1.333007999999999971e+00 2.115479000000000109e+00 7.861329999999999707e-01 3.035889000000000060e+00 2.811278999999999861e+00
1.323242000000000029e+00 2.109375000000000000e+00 7.812500000000000000e-01 3.032226999999999784e+00 2.799071999999999782e+00
1.313477000000000006e+00 2.104492000000000029e+00 7.727049999999999752e-01 3.032226999999999784e+00 2.797851999999999784e+00
1.303711000000000064e+00 2.095946999999999782e+00 7.666020000000000056e-01 3.023681999999999981e+00 2.797851999999999784e+00
1.293944999999999901e+00 2.094726999999999784e+00 7.604980000000000073e-01 3.022460999999999842e+00 2.788085999999999842e+00
1.284180000000000099e+00 2.084960999999999842e+00 7.531740000000000101e-01 3.013916000000000039e+00 2.788085999999999842e+00
1.268310999999999966e+00 2.078857000000000177e+00 7.470700000000000118e-01 3.012694999999999901e+00 2.773438000000000070e+00
1.254882999999999971e+00 2.075194999999999901e+00 7.421879999999999589e-01 3.005370999999999793e+00 2.789306999999999981e+00
1.246337999999999946e+00 2.065430000000000099e+00 7.373049999999999882e-01 2.996825999999999990e+00 2.788085999999999842e+00
1.235352000000000006e+00 2.056884999999999852e+00 7.324220000000000175e-01 2.993164000000000158e+00 2.768555000000000099e+00
1.225586000000000064e+00 2.055664000000000158e+00 7.275390000000000468e-01 2.993164000000000158e+00 2.768555000000000099e+00
1.209716999999999931e+00 2.045898000000000216e+00 7.226559999999999651e-01 2.983398000000000216e+00 2.768555000000000099e+00
1.198730000000000073e+00 2.037354000000000109e+00 7.177729999999999944e-01 2.976074000000000108e+00 2.768555000000000099e+00
1.187743999999999911e+00 2.036132999999999971e+00 7.141110000000000513e-01 2.973632999999999971e+00 2.762450999999999990e+00
1.176757999999999971e+00 2.026367000000000029e+00 7.092289999999999983e-01 2.963867000000000029e+00 2.772216999999999931e+00
1.166992000000000029e+00 2.017821999999999782e+00 7.043460000000000276e-01 2.957764000000000060e+00 2.779541000000000039e+00
1.157227000000000006e+00 2.016601999999999784e+00 7.019039999999999724e-01 2.954101999999999784e+00 2.750243999999999911e+00
1.147461000000000064e+00 2.006835999999999842e+00 6.994629999999999459e-01 2.945556999999999981e+00 2.758789000000000158e+00
1.137694999999999901e+00 1.999511999999999956e+00 6.982420000000000293e-01 2.938232000000000177e+00 2.740479000000000109e+00
1.127930000000000099e+00 1.997069999999999901e+00 6.982420000000000293e-01 2.935791000000000039e+00 2.734375000000000000e+00
1.127930000000000099e+00 1.997069999999999901e+00 6.982420000000000293e-01 2.935791000000000039e+00 2.734375000000000000e+00
1.118163999999999936e+00 1.989746000000000015e+00 6.909180000000000321e-01 2.934569999999999901e+00 2.734375000000000000e+00
1.108397999999999994e+00 1.987305000000000099e+00 6.896970000000000045e-01 2.927245999999999793e+00 2.749023000000000216e+00
1.090087999999999946e+00 1.977538999999999936e+00 6.848140000000000338e-01 2.915039000000000158e+00 2.734375000000000000e+00
1.081542999999999921e+00 1.968993999999999911e+00 6.835940000000000349e-01 2.907715000000000050e+00 2.739257999999999971e+00
1.074219000000000035e+00 1.967772999999999994e+00 6.823730000000000073e-01 2.905273000000000216e+00 2.731933999999999862e+00
1.065674000000000010e+00 1.959229000000000109e+00 6.799319999999999808e-01 2.905273000000000216e+00 2.739257999999999971e+00
1.059569999999999901e+00 1.958007999999999971e+00 6.787109999999999532e-01 2.895507999999999971e+00 2.723389000000000060e+00
1.051025000000000098e+00 1.953125000000000000e+00 6.787109999999999532e-01 2.890625000000000000e+00 2.730713000000000168e+00
1.044921999999999906e+00 1.948242000000000029e+00 6.750490000000000101e-01 2.885742000000000029e+00 2.723389000000000060e+00
1.031493999999999911e+00 1.938477000000000006e+00 6.726069999999999549e-01 2.877196999999999782e+00 2.729492000000000029e+00
1.021729000000000109e+00 1.938477000000000006e+00 6.713869999999999560e-01 2.875976999999999784e+00 2.703857000000000177e+00
1.015625000000000000e+00 1.929931999999999981e+00 6.701660000000000394e-01 2.867431999999999981e+00 2.723389000000000060e+00
1.010742000000000029e+00 1.928711000000000064e+00 6.689450000000000118e-01 2.866210999999999842e+00 2.709960999999999842e+00
1.002197000000000005e+00 1.920166000000000039e+00 6.689450000000000118e-01 2.866210999999999842e+00 2.709960999999999842e+00
9.960940000000000349e-01 1.918944999999999901e+00 6.689450000000000118e-01 2.857666000000000039e+00 2.711181999999999981e+00
9.912109999999999532e-01 1.918944999999999901e+00 6.689450000000000118e-01 2.856444999999999901e+00 2.690430000000000099e+00
9.741210000000000147e-01 1.909180000000000099e+00 6.628420000000000423e-01 2.849120999999999793e+00 2.709960999999999842e+00
9.680180000000000451e-01 1.905518000000000045e+00 6.628420000000000423e-01 2.851563000000000070e+00 2.700194999999999901e+00
9.619140000000000468e-01 1.900635000000000074e+00 6.603999999999999870e-01 2.836914000000000158e+00 2.694091999999999931e+00
9.533690000000000220e-01 1.899413999999999936e+00 6.603999999999999870e-01 2.841797000000000128e+00 2.701416000000000039e+00
9.448239999999999972e-01 1.894530999999999965e+00 6.591799999999999882e-01 2.836914000000000158e+00 2.690430000000000099e+00
9.362789999999999724e-01 1.894530999999999965e+00 6.555180000000000451e-01 2.832031000000000187e+00 2.690430000000000099e+00
9.326170000000000293e-01 1.889647999999999994e+00 6.542970000000000175e-01 2.827148000000000216e+00 2.684325999999999990e+00
9.240720000000000045e-01 1.881104000000000109e+00 6.518549999999999622e-01 2.818604000000000109e+00 2.694091999999999931e+00
9.143069999999999808e-01 1.879882999999999971e+00 6.506349999999999634e-01 2.817382999999999971e+00 2.681884999999999852e+00
9.069819999999999549e-01 1.875000000000000000e+00 6.494140000000000468e-01 2.817382999999999971e+00 2.680664000000000158e+00
8.996579999999999577e-01 1.871337999999999946e+00 6.494140000000000468e-01 2.808838000000000168e+00 2.685547000000000128e+00
8.935549999999999882e-01 1.870117000000000029e+00 6.457519999999999927e-01 2.807617000000000029e+00 2.677001999999999882e+00
8.850099999999999634e-01 1.861572000000000005e+00 6.457519999999999927e-01 2.807617000000000029e+00 2.681884999999999852e+00
8.789059999999999651e-01 1.860352000000000006e+00 6.433109999999999662e-01 2.800292999999999921e+00 2.680664000000000158e+00
8.703610000000000513e-01 1.855469000000000035e+00 6.420900000000000496e-01 2.797851999999999784e+00 2.670898000000000216e+00
8.642579999999999707e-01 1.851806999999999981e+00 6.396479999999999944e-01 2.791748000000000118e+00 2.675781000000000187e+00
8.544920000000000293e-01 1.850586000000000064e+00 6.396479999999999944e-01 2.788085999999999842e+00 2.661132999999999971e+00
8.459470000000000045e-01 1.845703000000000094e+00 6.359860000000000513e-01 2.788085999999999842e+00 2.661132999999999971e+00
8.386230000000000073e-01 1.840819999999999901e+00 6.347660000000000524e-01 2.780762000000000178e+00 2.661132999999999971e+00
8.288569999999999549e-01 1.834716999999999931e+00 6.311039999999999983e-01 2.780762000000000178e+00 2.661132999999999971e+00
8.203129999999999589e-01 1.832275000000000098e+00 6.311039999999999983e-01 2.772216999999999931e+00 2.664794999999999803e+00
8.117680000000000451e-01 1.831055000000000099e+00 6.298829999999999707e-01 2.768555000000000099e+00 2.651367000000000029e+00
8.056640000000000468e-01 1.823730000000000073e+00 6.262210000000000276e-01 2.762450999999999990e+00 2.661132999999999971e+00
7.958979999999999944e-01 1.821288999999999936e+00 6.250000000000000000e-01 2.760009999999999852e+00 2.645264000000000060e+00
7.861329999999999707e-01 1.821288999999999936e+00 6.237789999999999724e-01 2.758789000000000158e+00 2.641601999999999784e+00
7.763670000000000293e-01 1.811522999999999994e+00 6.213379999999999459e-01 2.751465000000000050e+00 2.645264000000000060e+00
7.666020000000000056e-01 1.811522999999999994e+00 6.201170000000000293e-01 2.749023000000000216e+00 2.642821999999999782e+00
7.580569999999999808e-01 1.801757999999999971e+00 6.201170000000000293e-01 2.740479000000000109e+00 2.651367000000000029e+00
7.470700000000000118e-01 1.801757999999999971e+00 6.152339999999999476e-01 2.739257999999999971e+00 2.625732000000000177e+00
7.373049999999999882e-01 1.793212999999999946e+00 6.127930000000000321e-01 2.739257999999999971e+00 2.631835999999999842e+00
7.275390000000000468e-01 1.791992000000000029e+00 6.115720000000000045e-01 2.729492000000000029e+00 2.631835999999999842e+00
7.177729999999999944e-01 1.783447000000000005e+00 6.103520000000000056e-01 2.729492000000000029e+00 2.631835999999999842e+00
6.982420000000000293e-01 1.773681999999999981e+00 6.066890000000000338e-01 2.719726999999999784e+00 2.622069999999999901e+00
6.896970000000000045e-01 1.766356999999999955e+00 6.066890000000000338e-01 2.711181999999999981e+00 2.631835999999999842e+00
6.884770000000000056e-01 1.772461000000000064e+00 6.103520000000000056e-01 2.712401999999999980e+00 2.613525000000000098e+00
6.982420000000000293e-01 1.766356999999999955e+00 6.152339999999999476e-01 2.709960999999999842e+00 2.613525000000000098e+00
7.080079999999999707e-01 1.772461000000000064e+00 6.250000000000000000e-01 2.709960999999999842e+00 2.612305000000000099e+00
7.287599999999999634e-01 1.776122999999999896e+00 6.359860000000000513e-01 2.711181999999999981e+00 2.631835999999999842e+00
7.519529999999999825e-01 1.783447000000000005e+00 6.494140000000000468e-01 2.719726999999999784e+00 2.612305000000000099e+00
7.519529999999999825e-01 1.783447000000000005e+00 6.494140000000000468e-01 2.719726999999999784e+00 2.612305000000000099e+00
7.763670000000000293e-01 1.791992000000000029e+00 6.591799999999999882e-01 2.722167999999999921e+00 2.615966999999999931e+00
8.007809999999999651e-01 1.801757999999999971e+00 6.652829999999999577e-01 2.730713000000000168e+00 2.641601999999999784e+00
8.251950000000000118e-01 1.811522999999999994e+00 6.726069999999999549e-01 2.739257999999999971e+00 2.625732000000000177e+00
8.496089999999999476e-01 1.821288999999999936e+00 6.835940000000000349e-01 2.749023000000000216e+00 2.641601999999999784e+00
8.789059999999999651e-01 1.834716999999999931e+00 6.945799999999999752e-01 2.760009999999999852e+00 2.659911999999999832e+00
9.130859999999999532e-01 1.850586000000000064e+00 7.043460000000000276e-01 2.769775000000000098e+00 2.661132999999999971e+00
9.423829999999999707e-01 1.862792999999999921e+00 7.128910000000000524e-01 2.788085999999999842e+00 2.652588000000000168e+00
9.667970000000000175e-01 1.875000000000000000e+00 7.189940000000000220e-01 2.799071999999999782e+00 2.680664000000000158e+00
9.936519999999999797e-01 1.889647999999999994e+00 7.275390000000000468e-01 2.811278999999999861e+00 2.680664000000000158e+00
9.936519999999999797e-01 1.889647999999999994e+00 7.275390000000000468e-01 2.811278999999999861e+00 2.680664000000000158e+00
1.016845999999999917e+00 1.900635000000000074e+00 7.373049999999999882e-01 2.827148000000000216e+00 2.670898000000000216e+00
1.042480000000000073e+00 1.918944999999999901e+00 7.434079999999999577e-01 2.836914000000000158e+00 2.690430000000000099e+00
1.069336000000000064e+00 1.931151999999999980e+00 7.568359999999999532e-01 2.850341999999999931e+00 2.714843999999999813e+00
1.099854000000000109e+00 1.948242000000000029e+00 7.727049999999999752e-01 2.866210999999999842e+00 2.709960999999999842e+00
1.099854000000000109e+00 1.948242000000000029e+00 7.727049999999999752e-01 2.866210999999999842e+00 2.709960999999999842e+00
1.143799000000000010e+00 1.967772999999999994e+00 8.020019999999999927e-01 2.886963000000000168e+00 2.739257999999999971e+00
1.196288999999999936e+00 1.997069999999999901e+00 8.300779999999999825e-01 2.915039000000000158e+00 2.729492000000000029e+00
1.250000000000000000e+00 2.026367000000000029e+00 8.557129999999999459e-01 2.944335999999999842e+00 2.758789000000000158e+00
1.297606999999999955e+00 2.053223000000000020e+00 8.776859999999999662e-01 2.969971000000000139e+00 2.788085999999999842e+00
1.343993999999999911e+00 2.078857000000000177e+00 8.947749999999999870e-01 3.002930000000000099e+00 2.789306999999999981e+00
1.391602000000000006e+00 2.109375000000000000e+00 9.130859999999999532e-01 3.032226999999999784e+00 2.808838000000000168e+00
1.391602000000000006e+00 2.109375000000000000e+00 9.130859999999999532e-01 3.032226999999999784e+00 2.808838000000000168e+00
1.430663999999999936e+00 2.135009999999999852e+00 9.240720000000000045e-01 3.052979000000000109e+00 2.838134999999999852e+00
1.459961000000000064e+00 2.154541000000000039e+00 9.326170000000000293e-01 3.081055000000000099e+00 2.841797000000000128e+00
1.479492000000000029e+00 2.174071999999999782e+00 9.277339999999999476e-01 3.094482000000000177e+00 2.866210999999999842e+00
1.490479000000000109e+00 2.186278999999999861e+00 9.240720000000000045e-01 3.110351999999999784e+00 2.866210999999999842e+00
1.499022999999999994e+00 2.198485999999999940e+00 9.179690000000000349e-01 3.122558999999999862e+00 2.875976999999999784e+00
1.499022999999999994e+00 2.211914000000000158e+00 9.130859999999999532e-01 3.132324000000000108e+00 2.885742000000000029e+00
1.500243999999999911e+00 2.215575999999999990e+00 8.947749999999999870e-01 3.149414000000000158e+00 2.899169999999999803e+00
1.499022999999999994e+00 2.215575999999999990e+00 8.862299999999999622e-01 3.149414000000000158e+00 2.905273000000000216e+00
1.491699000000000108e+00 2.221680000000000099e+00 8.789059999999999651e-01 3.149414000000000158e+00 2.899169999999999803e+00
1.489257999999999971e+00 2.221680000000000099e+00 8.740229999999999944e-01 3.149414000000000158e+00 2.905273000000000216e+00
1.484375000000000000e+00 2.221680000000000099e+00 8.679200000000000248e-01 3.150634999999999852e+00 2.916259999999999852e+00
1.479492000000000029e+00 2.221680000000000099e+00 8.605960000000000276e-01 3.150634999999999852e+00 2.917479999999999851e+00
1.472167999999999921e+00 2.221680000000000099e+00 8.544920000000000293e-01 3.149414000000000158e+00 2.896729000000000109e+00
1.451416000000000039e+00 2.211914000000000158e+00 8.288569999999999549e-01 3.149414000000000158e+00 2.905273000000000216e+00
1.440430000000000099e+00 2.202148000000000216e+00 8.166499999999999870e-01 3.149414000000000158e+00 2.905273000000000216e+00
1.422118999999999911e+00 2.196044999999999803e+00 8.056640000000000468e-01 3.139648000000000216e+00 2.905273000000000216e+00
1.411132999999999971e+00 2.187500000000000000e+00 7.958979999999999944e-01 3.133544999999999803e+00 2.908936000000000188e+00
1.392822000000000005e+00 2.182617000000000029e+00 7.812500000000000000e-01 3.129882999999999971e+00 2.890625000000000000e+00
1.373291000000000039e+00 2.172851999999999784e+00 7.714839999999999476e-01 3.120117000000000029e+00 2.890625000000000000e+00
1.356200999999999990e+00 2.163085999999999842e+00 7.604980000000000073e-01 3.120117000000000029e+00 2.895507999999999971e+00
1.342772999999999994e+00 2.153319999999999901e+00 7.507319999999999549e-01 3.110351999999999784e+00 2.885742000000000029e+00
1.324462999999999946e+00 2.143555000000000099e+00 7.421879999999999589e-01 3.100585999999999842e+00 2.877196999999999782e+00
1.304931999999999981e+00 2.133789000000000158e+00 7.336430000000000451e-01 3.090819999999999901e+00 2.875976999999999784e+00
1.293944999999999901e+00 2.125243999999999911e+00 7.287599999999999634e-01 3.081055000000000099e+00 2.875976999999999784e+00
1.275635000000000074e+00 2.119140999999999941e+00 7.189940000000000220e-01 3.073729999999999851e+00 2.866210999999999842e+00
1.275635000000000074e+00 2.119140999999999941e+00 7.189940000000000220e-01 3.073729999999999851e+00 2.866210999999999842e+00
1.264647999999999994e+00 2.105713000000000168e+00 7.177729999999999944e-01 3.071289000000000158e+00 2.858887000000000178e+00
1.246337999999999946e+00 2.095946999999999782e+00 7.092289999999999983e-01 3.061523000000000216e+00 2.856444999999999901e+00
1.235352000000000006e+00 2.094726999999999784e+00 7.080079999999999707e-01 3.051757999999999971e+00 2.851563000000000070e+00
1.220703000000000094e+00 2.084960999999999842e+00 6.994629999999999459e-01 3.043213000000000168e+00 2.861327999999999872e+00
1.202393000000000045e+00 2.075194999999999901e+00 6.933589999999999476e-01 3.041992000000000029e+00 2.832031000000000187e+00
1.186522999999999994e+00 2.065430000000000099e+00 6.884770000000000056e-01 3.032226999999999784e+00 2.828368999999999911e+00
1.170654000000000083e+00 2.055664000000000158e+00 6.823730000000000073e-01 3.016357000000000177e+00 2.836914000000000158e+00
1.157227000000000006e+00 2.045898000000000216e+00 6.787109999999999532e-01 3.012694999999999901e+00 2.811278999999999861e+00
1.137694999999999901e+00 2.036132999999999971e+00 6.726069999999999549e-01 3.007813000000000070e+00 2.817382999999999971e+00
1.121825999999999990e+00 2.027588000000000168e+00 6.689450000000000118e-01 2.994384999999999852e+00 2.818604000000000109e+00
1.108397999999999994e+00 2.017821999999999782e+00 6.616210000000000147e-01 2.984618999999999911e+00 2.807617000000000029e+00
1.088867000000000029e+00 2.008056999999999981e+00 6.591799999999999882e-01 2.974854000000000109e+00 2.797851999999999784e+00
1.072997999999999896e+00 1.998291000000000039e+00 6.542970000000000175e-01 2.973632999999999971e+00 2.778319999999999901e+00
1.059569999999999901e+00 1.989746000000000015e+00 6.506349999999999634e-01 2.963867000000000029e+00 2.792968999999999813e+00
1.041260000000000074e+00 1.978760000000000074e+00 6.457519999999999927e-01 2.954101999999999784e+00 2.781982000000000177e+00
1.030272999999999994e+00 1.972655999999999965e+00 6.433109999999999662e-01 2.944335999999999842e+00 2.779541000000000039e+00
1.013184000000000085e+00 1.967772999999999994e+00 6.396479999999999944e-01 2.934569999999999901e+00 2.772216999999999931e+00
1.000977000000000006e+00 1.958007999999999971e+00 6.359860000000000513e-01 2.928466999999999931e+00 2.781982000000000177e+00
9.826660000000000394e-01 1.948242000000000029e+00 6.335450000000000248e-01 2.918700999999999990e+00 2.768555000000000099e+00
9.680180000000000451e-01 1.940917999999999921e+00 6.311039999999999983e-01 2.915039000000000158e+00 2.749023000000000216e+00
9.558109999999999662e-01 1.933594000000000035e+00 6.298829999999999707e-01 2.910156000000000187e+00 2.749023000000000216e+00
9.423829999999999707e-01 1.928711000000000064e+00 6.298829999999999707e-01 2.897949000000000108e+00 2.749023000000000216e+00
9.326170000000000293e-01 1.920166000000000039e+00 6.298829999999999707e-01 2.895507999999999971e+00 2.739257999999999971e+00
9.228520000000000056e-01 1.918944999999999901e+00 6.298829999999999707e-01 2.885742000000000029e+00 2.740479000000000109e+00
9.130859999999999532e-01 1.909180000000000099e+00 6.298829999999999707e-01 2.875976999999999784e+00 2.739257999999999971e+00
9.045410000000000394e-01 1.909180000000000099e+00 6.311039999999999983e-01 2.875976999999999784e+00 2.734375000000000000e+00
8.972170000000000423e-01 1.903075999999999990e+00 6.311039999999999983e-01 2.866210999999999842e+00 2.730713000000000168e+00
8.898930000000000451e-01 1.899413999999999936e+00 6.311039999999999983e-01 2.866210999999999842e+00 2.729492000000000029e+00
8.850099999999999634e-01 1.899413999999999936e+00 6.335450000000000248e-01 2.856444999999999901e+00 2.729492000000000029e+00
8.801269999999999927e-01 1.890868999999999911e+00 6.359860000000000513e-01 2.856444999999999901e+00 2.722167999999999921e+00
8.752440000000000220e-01 1.889647999999999994e+00 6.359860000000000513e-01 2.850341999999999931e+00 2.729492000000000029e+00
8.703610000000000513e-01 1.889647999999999994e+00 6.396479999999999944e-01 2.849120999999999793e+00 2.709960999999999842e+00
8.654789999999999983e-01 1.882324000000000108e+00 6.396479999999999944e-01 2.846680000000000099e+00 2.709960999999999842e+00
8.642579999999999707e-01 1.879882999999999971e+00 6.396479999999999944e-01 2.840575999999999990e+00 2.719726999999999784e+00
8.557129999999999459e-01 1.879882999999999971e+00 6.396479999999999944e-01 2.838134999999999852e+00 2.702637000000000178e+00
8.544920000000000293e-01 1.879882999999999971e+00 6.396479999999999944e-01 2.836914000000000158e+00 2.691650000000000098e+00
8.459470000000000045e-01 1.875000000000000000e+00 6.396479999999999944e-01 2.836914000000000158e+00 2.700194999999999901e+00
8.410640000000000338e-01 1.871337999999999946e+00 6.396479999999999944e-01 2.836914000000000158e+00 2.700194999999999901e+00
8.361819999999999808e-01 1.870117000000000029e+00 6.359860000000000513e-01 2.827148000000000216e+00 2.700194999999999901e+00
8.288569999999999549e-01 1.870117000000000029e+00 6.359860000000000513e-01 2.827148000000000216e+00 2.701416000000000039e+00
8.251950000000000118e-01 1.865234000000000059e+00 6.347660000000000524e-01 2.822265999999999941e+00 2.700194999999999901e+00
8.166499999999999870e-01 1.860352000000000006e+00 6.335450000000000248e-01 2.827148000000000216e+00 2.700194999999999901e+00
8.105470000000000175e-01 1.856689000000000034e+00 6.311039999999999983e-01 2.817382999999999971e+00 2.700194999999999901e+00
8.056640000000000468e-01 1.860352000000000006e+00 6.311039999999999983e-01 2.819824000000000108e+00 2.694091999999999931e+00
7.983400000000000496e-01 1.851806999999999981e+00 6.298829999999999707e-01 2.810058999999999862e+00 2.691650000000000098e+00
7.922360000000000513e-01 1.850586000000000064e+00 6.298829999999999707e-01 2.807617000000000029e+00 2.685547000000000128e+00
7.861329999999999707e-01 1.850586000000000064e+00 6.298829999999999707e-01 2.807617000000000029e+00 2.683104999999999851e+00
7.812500000000000000e-01 1.842041000000000039e+00 6.298829999999999707e-01 2.801514000000000060e+00 2.695313000000000070e+00
7.763670000000000293e-01 1.840819999999999901e+00 6.262210000000000276e-01 2.797851999999999784e+00 2.680664000000000158e+00
7.678220000000000045e-01 1.840819999999999901e+00 6.250000000000000000e-01 2.797851999999999784e+00 2.673340000000000050e+00
7.617190000000000349e-01 1.833496000000000015e+00 6.237789999999999724e-01 2.792968999999999813e+00 2.680664000000000158e+00
7.531740000000000101e-01 1.831055000000000099e+00 6.237789999999999724e-01 2.788085999999999842e+00 2.680664000000000158e+00
7.470700000000000118e-01 1.826171999999999906e+00 6.201170000000000293e-01 2.788085999999999842e+00 2.674561000000000188e+00
7.275390000000000468e-01 1.821288999999999936e+00 6.164549999999999752e-01 2.779541000000000039e+00 2.680664000000000158e+00
7.177729999999999944e-01 1.815185999999999966e+00 6.152339999999999476e-01 2.778319999999999901e+00 2.661132999999999971e+00
7.080079999999999707e-01 1.811522999999999994e+00 6.115720000000000045e-01 2.769775000000000098e+00 2.673340000000000050e+00
6.994629999999999459e-01 1.811522999999999994e+00 6.103520000000000056e-01 2.768555000000000099e+00 2.651367000000000029e+00
6.884770000000000056e-01 1.801757999999999971e+00 6.091309999999999780e-01 2.768555000000000099e+00 2.661132999999999971e+00
6.799319999999999808e-01 1.801757999999999971e+00 6.103520000000000056e-01 2.760009999999999852e+00 2.661132999999999971e+00
6.701660000000000394e-01 1.794434000000000085e+00 6.054690000000000349e-01 2.758789000000000158e+00 2.645264000000000060e+00
6.628420000000000423e-01 1.791992000000000029e+00 6.054690000000000349e-01 2.750243999999999911e+00 2.656250000000000000e+00
6.555180000000000451e-01 1.791992000000000029e+00 6.018069999999999808e-01 2.749023000000000216e+00 2.641601999999999784e+00
6.494140000000000468e-01 1.783447000000000005e+00 6.018069999999999808e-01 2.741699000000000108e+00 2.645264000000000060e+00
6.408690000000000220e-01 1.782227000000000006e+00 6.030269999999999797e-01 2.739257999999999971e+00 2.641601999999999784e+00
6.347660000000000524e-01 1.777344000000000035e+00 6.018069999999999808e-01 2.739257999999999971e+00 2.641601999999999784e+00
6.298829999999999707e-01 1.773681999999999981e+00 6.018069999999999808e-01 2.734375000000000000e+00 2.641601999999999784e+00
6.250000000000000000e-01 1.772461000000000064e+00 6.018069999999999808e-01 2.730713000000000168e+00 2.651367000000000029e+00
6.201170000000000293e-01 1.767578000000000094e+00 6.018069999999999808e-01 2.731933999999999862e+00 2.633056999999999981e+00
6.115720000000000045e-01 1.763916000000000039e+00 6.018069999999999808e-01 2.730713000000000168e+00 2.641601999999999784e+00
6.103520000000000056e-01 1.762694999999999901e+00 6.018069999999999808e-01 2.722167999999999921e+00 2.625732000000000177e+00
6.018069999999999808e-01 1.762694999999999901e+00 6.005859999999999532e-01 2.719726999999999784e+00 2.623291000000000039e+00
5.969240000000000101e-01 1.756591999999999931e+00 6.005859999999999532e-01 2.719726999999999784e+00 2.623291000000000039e+00
5.920410000000000394e-01 1.754150000000000098e+00 6.005859999999999532e-01 2.712401999999999980e+00 2.624512000000000178e+00
5.859379999999999589e-01 1.752930000000000099e+00 6.005859999999999532e-01 2.711181999999999981e+00 2.631835999999999842e+00
5.810549999999999882e-01 1.752930000000000099e+00 5.969240000000000101e-01 2.709960999999999842e+00 2.614745999999999793e+00
5.761720000000000175e-01 1.746825999999999990e+00 5.969240000000000101e-01 2.709960999999999842e+00 2.615966999999999931e+00
5.712890000000000468e-01 1.743163999999999936e+00 5.969240000000000101e-01 2.703857000000000177e+00 2.631835999999999842e+00
5.627440000000000220e-01 1.743163999999999936e+00 5.969240000000000101e-01 2.700194999999999901e+00 2.609862999999999822e+00
5.578610000000000513e-01 1.738280999999999965e+00 5.957029999999999825e-01 2.700194999999999901e+00 2.612305000000000099e+00
5.529789999999999983e-01 1.734618999999999911e+00 5.957029999999999825e-01 2.694091999999999931e+00 2.622069999999999901e+00
5.468750000000000000e-01 1.733397999999999994e+00 5.944819999999999549e-01 2.690430000000000099e+00 2.603759999999999852e+00
5.432129999999999459e-01 1.733397999999999994e+00 5.920410000000000394e-01 2.690430000000000099e+00 2.607422000000000128e+00
5.383299999999999752e-01 1.727295000000000025e+00 5.944819999999999549e-01 2.690430000000000099e+00 2.612305000000000099e+00
5.322270000000000056e-01 1.724854000000000109e+00 5.920410000000000394e-01 2.683104999999999851e+00 2.606200999999999990e+00
5.285640000000000338e-01 1.723632999999999971e+00 5.920410000000000394e-01 2.681884999999999852e+00 2.613525000000000098e+00
5.236819999999999808e-01 1.723632999999999971e+00 5.920410000000000394e-01 2.680664000000000158e+00 2.596436000000000188e+00
5.187990000000000101e-01 1.718750000000000000e+00 5.920410000000000394e-01 2.680664000000000158e+00 2.602539000000000158e+00
5.163569999999999549e-01 1.715087999999999946e+00 5.920410000000000394e-01 2.680664000000000158e+00 2.602539000000000158e+00
5.126950000000000118e-01 1.713867000000000029e+00 5.920410000000000394e-01 2.670898000000000216e+00 2.602539000000000158e+00
5.065920000000000423e-01 1.713867000000000029e+00 5.920410000000000394e-01 2.675781000000000187e+00 2.602539000000000158e+00
5.041499999999999870e-01 1.708984000000000059e+00 5.920410000000000394e-01 2.670898000000000216e+00 2.602539000000000158e+00
5.029299999999999882e-01 1.707764000000000060e+00 5.920410000000000394e-01 2.664794999999999803e+00 2.607422000000000128e+00
4.968259999999999899e-01 1.706542999999999921e+00 5.908200000000000118e-01 2.664794999999999803e+00 2.593993999999999911e+00
4.943850000000000189e-01 1.704102000000000006e+00 5.908200000000000118e-01 2.661132999999999971e+00 2.578125000000000000e+00
4.931639999999999913e-01 1.704102000000000006e+00 5.908200000000000118e-01 2.661132999999999971e+00 2.583007999999999971e+00
4.882810000000000206e-01 1.700439000000000034e+00 5.920410000000000394e-01 2.661132999999999971e+00 2.592773000000000216e+00
4.858399999999999941e-01 1.699219000000000035e+00 5.908200000000000118e-01 2.656250000000000000e+00 2.584229000000000109e+00
4.833979999999999944e-01 1.699219000000000035e+00 5.908200000000000118e-01 2.656250000000000000e+00 2.584229000000000109e+00
4.809570000000000234e-01 1.695556999999999981e+00 5.908200000000000118e-01 2.651367000000000029e+00 2.584229000000000109e+00
4.785159999999999969e-01 1.694336000000000064e+00 5.920410000000000394e-01 2.651367000000000029e+00 2.584229000000000109e+00
4.760739999999999972e-01 1.694336000000000064e+00 5.920410000000000394e-01 2.645264000000000060e+00 2.593993999999999911e+00
4.748539999999999983e-01 1.694336000000000064e+00 5.908200000000000118e-01 2.651367000000000029e+00 2.578125000000000000e+00
4.736330000000000262e-01 1.688231999999999955e+00 5.908200000000000118e-01 2.645264000000000060e+00 2.587890999999999941e+00
4.699710000000000276e-01 1.687011999999999956e+00 5.920410000000000394e-01 2.642821999999999782e+00 2.583007999999999971e+00
4.699710000000000276e-01 1.687011999999999956e+00 5.920410000000000394e-01 2.641601999999999784e+00 2.578125000000000000e+00
4.687500000000000000e-01 1.685791000000000039e+00 5.920410000000000394e-01 2.642821999999999782e+00 2.583007999999999971e+00
4.675289999999999724e-01 1.684569999999999901e+00 5.920410000000000394e-01 2.641601999999999784e+00 2.573242000000000029e+00
4.675289999999999724e-01 1.684569999999999901e+00 5.920410000000000394e-01 2.641601999999999784e+00 2.574463000000000168e+00
4.663089999999999735e-01 1.684569999999999901e+00 5.920410000000000394e-01 2.641601999999999784e+00 2.578125000000000000e+00
4.650880000000000014e-01 1.680908000000000069e+00 5.920410000000000394e-01 2.636718999999999813e+00 2.583007999999999971e+00
4.638669999999999738e-01 1.684569999999999901e+00 5.920410000000000394e-01 2.641601999999999784e+00 2.576903999999999861e+00
4.638669999999999738e-01 1.684569999999999901e+00 5.920410000000000394e-01 2.633056999999999981e+00 2.584229000000000109e+00
4.638669999999999738e-01 1.679688000000000070e+00 5.920410000000000394e-01 2.634276999999999980e+00 2.573242000000000029e+00
4.602049999999999752e-01 1.676025000000000098e+00 5.908200000000000118e-01 2.631835999999999842e+00 2.564696999999999782e+00
4.602049999999999752e-01 1.676025000000000098e+00 5.920410000000000394e-01 2.631835999999999842e+00 2.573242000000000029e+00
4.602049999999999752e-01 1.678466999999999931e+00 5.920410000000000394e-01 2.631835999999999842e+00 2.574463000000000168e+00
4.589840000000000031e-01 1.674805000000000099e+00 5.920410000000000394e-01 2.631835999999999842e+00 2.573242000000000029e+00
4.577640000000000042e-01 1.674805000000000099e+00 5.908200000000000118e-01 2.631835999999999842e+00 2.573242000000000029e+00
4.577640000000000042e-01 1.671143000000000045e+00 5.920410000000000394e-01 2.624512000000000178e+00 2.573242000000000029e+00
4.565429999999999766e-01 1.674805000000000099e+00 5.920410000000000394e-01 2.631835999999999842e+00 2.573242000000000029e+00
4.553220000000000045e-01 1.668700999999999990e+00 5.908200000000000118e-01 2.623291000000000039e+00 2.573242000000000029e+00
4.553220000000000045e-01 1.668700999999999990e+00 5.908200000000000118e-01 2.622069999999999901e+00 2.563476999999999784e+00
4.541020000000000056e-01 1.666260000000000074e+00 5.908200000000000118e-01 2.622069999999999901e+00 2.563476999999999784e+00
4.541020000000000056e-01 1.665038999999999936e+00 5.908200000000000118e-01 2.622069999999999901e+00 2.563476999999999784e+00
4.504389999999999783e-01 1.665038999999999936e+00 5.908200000000000118e-01 2.622069999999999901e+00 2.563476999999999784e+00
4.492189999999999794e-01 1.666260000000000074e+00 5.908200000000000118e-01 2.622069999999999901e+00 2.563476999999999784e+00
4.467769999999999797e-01 1.665038999999999936e+00 5.908200000000000118e-01 2.614745999999999793e+00 2.563476999999999784e+00
4.455569999999999808e-01 1.660155999999999965e+00 5.908200000000000118e-01 2.612305000000000099e+00 2.557373000000000118e+00
4.443360000000000087e-01 1.658935999999999966e+00 5.871579999999999577e-01 2.614745999999999793e+00 2.563476999999999784e+00
4.406740000000000101e-01 1.656493999999999911e+00 5.871579999999999577e-01 2.612305000000000099e+00 2.563476999999999784e+00
4.394529999999999825e-01 1.655272999999999994e+00 5.859379999999999589e-01 2.612305000000000099e+00 2.554931999999999981e+00
4.357909999999999839e-01 1.655272999999999994e+00 5.859379999999999589e-01 2.612305000000000099e+00 2.553710999999999842e+00
4.345700000000000118e-01 1.656493999999999911e+00 5.847170000000000423e-01 2.612305000000000099e+00 2.563476999999999784e+00
4.309080000000000132e-01 1.655272999999999994e+00 5.859379999999999589e-01 2.603759999999999852e+00 2.563476999999999784e+00
4.296880000000000144e-01 1.647949000000000108e+00 5.847170000000000423e-01 2.602539000000000158e+00 2.553710999999999842e+00
4.260249999999999870e-01 1.646729000000000109e+00 5.834960000000000147e-01 2.603759999999999852e+00 2.557373000000000118e+00
4.248049999999999882e-01 1.645507999999999971e+00 5.822749999999999870e-01 2.602539000000000158e+00 2.545166000000000039e+00
4.223629999999999884e-01 1.645507999999999971e+00 5.822749999999999870e-01 2.602539000000000158e+00 2.547607000000000177e+00
4.199220000000000175e-01 1.645507999999999971e+00 5.822749999999999870e-01 2.602539000000000158e+00 2.553710999999999842e+00
4.162600000000000189e-01 1.644287000000000054e+00 5.822749999999999870e-01 2.595215000000000050e+00 2.553710999999999842e+00
4.150389999999999913e-01 1.640625000000000000e+00 5.822749999999999870e-01 2.593993999999999911e+00 2.557373000000000118e+00
4.113769999999999927e-01 1.640625000000000000e+00 5.822749999999999870e-01 2.592773000000000216e+00 2.543944999999999901e+00
4.101560000000000206e-01 1.636962999999999946e+00 5.822749999999999870e-01 2.592773000000000216e+00 2.545166000000000039e+00
4.077149999999999941e-01 1.635742000000000029e+00 5.822749999999999870e-01 2.592773000000000216e+00 2.545166000000000039e+00
4.052729999999999944e-01 1.635742000000000029e+00 5.822749999999999870e-01 2.586669999999999803e+00 2.553710999999999842e+00
4.016109999999999958e-01 1.630859000000000059e+00 5.810549999999999882e-01 2.586669999999999803e+00 2.543944999999999901e+00
3.991700000000000248e-01 1.630859000000000059e+00 5.810549999999999882e-01 2.583007999999999971e+00 2.526854999999999851e+00
3.967289999999999983e-01 1.628417999999999921e+00 5.810549999999999882e-01 2.583007999999999971e+00 2.534180000000000099e+00
3.955080000000000262e-01 1.627197000000000005e+00 5.810549999999999882e-01 2.583007999999999971e+00 2.534180000000000099e+00
3.918460000000000276e-01 1.625977000000000006e+00 5.798339999999999606e-01 2.583007999999999971e+00 2.537841999999999931e+00
3.894039999999999724e-01 1.625977000000000006e+00 5.798339999999999606e-01 2.578125000000000000e+00 2.537841999999999931e+00
3.869630000000000014e-01 1.621094000000000035e+00 5.773930000000000451e-01 2.573242000000000029e+00 2.537841999999999931e+00
3.857419999999999738e-01 1.621094000000000035e+00 5.773930000000000451e-01 2.573242000000000029e+00 2.535400000000000098e+00
3.820799999999999752e-01 1.621094000000000035e+00 5.773930000000000451e-01 2.573242000000000029e+00 2.537841999999999931e+00
3.796390000000000042e-01 1.617431999999999981e+00 5.761720000000000175e-01 2.573242000000000029e+00 2.534180000000000099e+00
3.771970000000000045e-01 1.616211000000000064e+00 5.773930000000000451e-01 2.573242000000000029e+00 2.535400000000000098e+00
3.759770000000000056e-01 1.616211000000000064e+00 5.761720000000000175e-01 2.567139000000000060e+00 2.536620999999999793e+00
3.723139999999999783e-01 1.616211000000000064e+00 5.761720000000000175e-01 2.564696999999999782e+00 2.526854999999999851e+00
3.698730000000000073e-01 1.610106999999999955e+00 5.761720000000000175e-01 2.563476999999999784e+00 2.515868999999999911e+00
3.674319999999999808e-01 1.608886999999999956e+00 5.749509999999999899e-01 2.563476999999999784e+00 2.524414000000000158e+00
3.662110000000000087e-01 1.607666000000000039e+00 5.761720000000000175e-01 2.563476999999999784e+00 2.524414000000000158e+00
3.625490000000000101e-01 1.606444999999999901e+00 5.749509999999999899e-01 2.557373000000000118e+00 2.535400000000000098e+00
3.601070000000000104e-01 1.606444999999999901e+00 5.749509999999999899e-01 2.558593999999999813e+00 2.519531000000000187e+00
3.588870000000000116e-01 1.606444999999999901e+00 5.749509999999999899e-01 2.554931999999999981e+00 2.534180000000000099e+00
3.564450000000000118e-01 1.606444999999999901e+00 5.749509999999999899e-01 2.553710999999999842e+00 2.513428000000000218e+00
3.527830000000000132e-01 1.601563000000000070e+00 5.737299999999999622e-01 2.553710999999999842e+00 2.515868999999999911e+00
3.503419999999999868e-01 1.600341999999999931e+00 5.737299999999999622e-01 2.553710999999999842e+00 2.515868999999999911e+00
3.478999999999999870e-01 1.597900000000000098e+00 5.725099999999999634e-01 2.547607000000000177e+00 2.528075999999999990e+00
3.466799999999999882e-01 1.596680000000000099e+00 5.725099999999999634e-01 2.548827999999999872e+00 2.508544999999999803e+00
3.430179999999999896e-01 1.596680000000000099e+00 5.725099999999999634e-01 2.545166000000000039e+00 2.524414000000000158e+00
3.405759999999999899e-01 1.596680000000000099e+00 5.725099999999999634e-01 2.543944999999999901e+00 2.509765999999999941e+00
3.381350000000000189e-01 1.590575999999999990e+00 5.712890000000000468e-01 2.543944999999999901e+00 2.504882999999999971e+00
3.369139999999999913e-01 1.589355000000000073e+00 5.712890000000000468e-01 2.545166000000000039e+00 2.515868999999999911e+00
3.344730000000000203e-01 1.586913999999999936e+00 5.712890000000000468e-01 2.537841999999999931e+00 2.514648000000000216e+00
3.320310000000000206e-01 1.586913999999999936e+00 5.712890000000000468e-01 2.535400000000000098e+00 2.504882999999999971e+00
3.283690000000000220e-01 1.588135000000000074e+00 5.712890000000000468e-01 2.535400000000000098e+00 2.497558999999999862e+00
3.271479999999999944e-01 1.586913999999999936e+00 5.712890000000000468e-01 2.534180000000000099e+00 2.495117000000000029e+00
3.271479999999999944e-01 1.586913999999999936e+00 5.712890000000000468e-01 2.534180000000000099e+00 2.497558999999999862e+00
3.234859999999999958e-01 1.580810999999999966e+00 5.712890000000000468e-01 2.534180000000000099e+00 2.498778999999999861e+00
3.210450000000000248e-01 1.578368999999999911e+00 5.712890000000000468e-01 2.526854999999999851e+00 2.504882999999999971e+00
3.186039999999999983e-01 1.578368999999999911e+00 5.712890000000000468e-01 2.528075999999999990e+00 2.508544999999999803e+00
3.173830000000000262e-01 1.577147999999999994e+00 5.712890000000000468e-01 2.525634999999999852e+00 2.500000000000000000e+00
3.173830000000000262e-01 1.577147999999999994e+00 5.712890000000000468e-01 2.524414000000000158e+00 2.486571999999999782e+00
3.137210000000000276e-01 1.577147999999999994e+00 5.688480000000000203e-01 2.524414000000000158e+00 2.495117000000000029e+00
3.125000000000000000e-01 1.571045000000000025e+00 5.676269999999999927e-01 2.524414000000000158e+00 2.497558999999999862e+00
3.112789999999999724e-01 1.568604000000000109e+00 5.676269999999999927e-01 2.524414000000000158e+00 2.498778999999999861e+00
3.088380000000000014e-01 1.568604000000000109e+00 5.676269999999999927e-01 2.517090000000000050e+00 2.504882999999999971e+00
3.076169999999999738e-01 1.568604000000000109e+00 5.676269999999999927e-01 2.515868999999999911e+00 2.506104000000000109e+00
3.051760000000000028e-01 1.568604000000000109e+00 5.676269999999999927e-01 2.514648000000000216e+00 2.489014000000000060e+00
3.027340000000000031e-01 1.567382999999999971e+00 5.676269999999999927e-01 2.514648000000000216e+00 2.495117000000000029e+00
3.015140000000000042e-01 1.567382999999999971e+00 5.676269999999999927e-01 2.508544999999999803e+00 2.504882999999999971e+00
3.002929999999999766e-01 1.561279000000000083e+00 5.664059999999999651e-01 2.514648000000000216e+00 2.481688999999999812e+00
2.978520000000000056e-01 1.561279000000000083e+00 5.664059999999999651e-01 2.504882999999999971e+00 2.485351999999999784e+00
2.978520000000000056e-01 1.558837999999999946e+00 5.664059999999999651e-01 2.506104000000000109e+00 2.495117000000000029e+00
2.941889999999999783e-01 1.558837999999999946e+00 5.664059999999999651e-01 2.507324000000000108e+00 2.476806999999999981e+00
2.929689999999999794e-01 1.557617000000000029e+00 5.664059999999999651e-01 2.506104000000000109e+00 2.486571999999999782e+00
2.905269999999999797e-01 1.557617000000000029e+00 5.664059999999999651e-01 2.504882999999999971e+00 2.475585999999999842e+00
2.880860000000000087e-01 1.557617000000000029e+00 5.664059999999999651e-01 2.504882999999999971e+00 2.476806999999999981e+00
2.880860000000000087e-01 1.557617000000000029e+00 5.664059999999999651e-01 2.504882999999999971e+00 2.485351999999999784e+00
2.856449999999999823e-01 1.551514000000000060e+00 5.664059999999999651e-01 2.500000000000000000e+00 2.485351999999999784e+00
2.844240000000000101e-01 1.549072000000000005e+00 5.651859999999999662e-01 2.496338000000000168e+00 2.495117000000000029e+00
2.819820000000000104e-01 1.549072000000000005e+00 5.664059999999999651e-01 2.497558999999999862e+00 2.475585999999999842e+00
2.795409999999999839e-01 1.547852000000000006e+00 5.651859999999999662e-01 2.495117000000000029e+00 2.480468999999999813e+00
2.783200000000000118e-01 1.547852000000000006e+00 5.651859999999999662e-01 2.495117000000000029e+00 2.485351999999999784e+00
2.771000000000000130e-01 1.547852000000000006e+00 5.651859999999999662e-01 2.495117000000000029e+00 2.485351999999999784e+00
2.746580000000000132e-01 1.547852000000000006e+00 5.651859999999999662e-01 2.489014000000000060e+00 2.486571999999999782e+00
2.734380000000000144e-01 1.545409999999999950e+00 5.639650000000000496e-01 2.487792999999999921e+00 2.468262000000000178e+00
2.722169999999999868e-01 1.542969000000000035e+00 5.639650000000000496e-01 2.489014000000000060e+00 2.485351999999999784e+00
2.709960000000000147e-01 1.539306999999999981e+00 5.627440000000000220e-01 2.487792999999999921e+00 2.465819999999999901e+00
2.697749999999999870e-01 1.539306999999999981e+00 5.627440000000000220e-01 2.485351999999999784e+00 2.475585999999999842e+00
2.685549999999999882e-01 1.538086000000000064e+00 5.627440000000000220e-01 2.485351999999999784e+00 2.475585999999999842e+00
2.661129999999999884e-01 1.538086000000000064e+00 5.627440000000000220e-01 2.485351999999999784e+00 2.475585999999999842e+00
2.648929999999999896e-01 1.538086000000000064e+00 5.627440000000000220e-01 2.485351999999999784e+00 2.475585999999999842e+00
2.636720000000000175e-01 1.538086000000000064e+00 5.627440000000000220e-01 2.480468999999999813e+00 2.469482000000000177e+00
2.612300000000000177e-01 1.531981999999999955e+00 5.627440000000000220e-01 2.482909999999999950e+00 2.475585999999999842e+00
2.600100000000000189e-01 1.531981999999999955e+00 5.627440000000000220e-01 2.478026999999999980e+00 2.475585999999999842e+00
2.587889999999999913e-01 1.529541000000000039e+00 5.615229999999999944e-01 2.476806999999999981e+00 2.476806999999999981e+00
