1.367190000000000072e-01 1.323242000000000029e+00 5.419920000000000293e-01 2.165526999999999980e+00
1.367190000000000072e-01 1.323242000000000029e+00 5.419920000000000293e-01 2.164306999999999981e+00
1.367190000000000072e-01 1.323242000000000029e+00 5.419920000000000293e-01 2.165526999999999980e+00
1.367190000000000072e-01 1.323242000000000029e+00 5.419920000000000293e-01 2.166748000000000118e+00
1.367190000000000072e-01 1.323242000000000029e+00 5.419920000000000293e-01 2.166748000000000118e+00
1.367190000000000072e-01 1.317139000000000060e+00 5.419920000000000293e-01 2.165526999999999980e+00
1.367190000000000072e-01 1.323242000000000029e+00 5.419920000000000293e-01 2.164306999999999981e+00
1.354980000000000073e-01 1.323242000000000029e+00 5.432129999999999459e-01 2.164306999999999981e+00
1.367190000000000072e-01 1.323242000000000029e+00 5.419920000000000293e-01 2.164306999999999981e+00
1.367190000000000072e-01 1.318359000000000059e+00 5.419920000000000293e-01 2.166748000000000118e+00
1.354980000000000073e-01 1.318359000000000059e+00 5.419920000000000293e-01 2.167968999999999813e+00
1.367190000000000072e-01 1.318359000000000059e+00 5.419920000000000293e-01 2.167968999999999813e+00
1.367190000000000072e-01 1.323242000000000029e+00 5.419920000000000293e-01 2.166748000000000118e+00
1.367190000000000072e-01 1.319579999999999975e+00 5.419920000000000293e-01 2.164306999999999981e+00
1.367190000000000072e-01 1.317139000000000060e+00 5.419920000000000293e-01 2.164306999999999981e+00
1.367190000000000072e-01 1.323242000000000029e+00 5.419920000000000293e-01 2.165526999999999980e+00
1.367190000000000072e-01 1.319579999999999975e+00 5.419920000000000293e-01 2.164306999999999981e+00
1.367190000000000072e-01 1.323242000000000029e+00 5.419920000000000293e-01 2.172851999999999784e+00
1.367190000000000072e-01 1.323242000000000029e+00 5.419920000000000293e-01 2.165526999999999980e+00
1.367190000000000072e-01 1.323242000000000029e+00 5.419920000000000293e-01 2.166748000000000118e+00
1.367190000000000072e-01 1.323242000000000029e+00 5.419920000000000293e-01 2.164306999999999981e+00
1.367190000000000072e-01 1.323242000000000029e+00 5.419920000000000293e-01 2.166748000000000118e+00
1.379390000000000061e-01 1.323242000000000029e+00 5.432129999999999459e-01 2.164306999999999981e+00
1.379390000000000061e-01 1.323242000000000029e+00 5.432129999999999459e-01 2.164306999999999981e+00
1.391600000000000059e-01 1.323242000000000029e+00 5.432129999999999459e-01 2.167968999999999813e+00
1.416020000000000056e-01 1.323242000000000029e+00 5.432129999999999459e-01 2.167968999999999813e+00
1.416020000000000056e-01 1.323242000000000029e+00 5.432129999999999459e-01 2.172851999999999784e+00
1.428220000000000045e-01 1.323242000000000029e+00 5.444339999999999735e-01 2.172851999999999784e+00
1.464840000000000031e-01 1.324462999999999946e+00 5.456539999999999724e-01 2.172851999999999784e+00
1.489260000000000028e-01 1.324462999999999946e+00 5.468750000000000000e-01 2.172851999999999784e+00
1.513670000000000015e-01 1.328125000000000000e+00 5.468750000000000000e-01 2.172851999999999784e+00
1.562500000000000000e-01 1.328125000000000000e+00 5.480960000000000276e-01 2.172851999999999784e+00
1.599119999999999986e-01 1.333007999999999971e+00 5.517579999999999707e-01 2.177734000000000059e+00
1.647949999999999970e-01 1.333007999999999971e+00 5.529789999999999983e-01 2.182617000000000029e+00
1.708979999999999944e-01 1.335449000000000108e+00 5.541989999999999972e-01 2.182617000000000029e+00
1.782229999999999925e-01 1.342772999999999994e+00 5.554200000000000248e-01 2.183838000000000168e+00
1.867679999999999896e-01 1.342772999999999994e+00 5.615229999999999944e-01 2.185058999999999862e+00
1.953129999999999866e-01 1.347655999999999965e+00 5.627440000000000220e-01 2.194824000000000108e+00
2.062990000000000101e-01 1.353760000000000074e+00 5.664059999999999651e-01 2.194824000000000108e+00
2.197270000000000056e-01 1.358643000000000045e+00 5.712890000000000468e-01 2.202148000000000216e+00
2.307130000000000014e-01 1.364746000000000015e+00 5.737299999999999622e-01 2.207031000000000187e+00
2.441409999999999969e-01 1.372069999999999901e+00 5.773930000000000451e-01 2.213134999999999852e+00
2.587889999999999913e-01 1.378174000000000010e+00 5.810549999999999882e-01 2.218017999999999823e+00
2.722169999999999868e-01 1.386719000000000035e+00 5.834960000000000147e-01 2.225341999999999931e+00
2.856449999999999823e-01 1.392822000000000005e+00 5.859379999999999589e-01 2.232666000000000039e+00
2.990720000000000045e-01 1.401367000000000029e+00 5.871579999999999577e-01 2.241210999999999842e+00
3.137210000000000276e-01 1.411132999999999971e+00 5.908200000000000118e-01 2.250976999999999784e+00
3.271479999999999944e-01 1.412354000000000109e+00 5.908200000000000118e-01 2.252196999999999782e+00
3.405759999999999899e-01 1.420897999999999994e+00 5.920410000000000394e-01 2.260742000000000029e+00
3.527830000000000132e-01 1.430663999999999936e+00 5.920410000000000394e-01 2.270507999999999971e+00
3.637699999999999823e-01 1.433105000000000073e+00 5.957029999999999825e-01 2.280273000000000216e+00
3.759770000000000056e-01 1.440430000000000099e+00 5.957029999999999825e-01 2.280273000000000216e+00
3.857419999999999738e-01 1.444091999999999931e+00 5.969240000000000101e-01 2.290039000000000158e+00
3.955080000000000262e-01 1.450194999999999901e+00 5.969240000000000101e-01 2.299805000000000099e+00
4.052729999999999944e-01 1.459961000000000064e+00 6.005859999999999532e-01 2.299805000000000099e+00
4.150389999999999913e-01 1.461181999999999981e+00 6.005859999999999532e-01 2.309569999999999901e+00
4.248049999999999882e-01 1.469727000000000006e+00 6.005859999999999532e-01 2.319335999999999842e+00
4.345700000000000118e-01 1.472167999999999921e+00 6.018069999999999808e-01 2.321776999999999980e+00
4.443360000000000087e-01 1.479492000000000029e+00 6.018069999999999808e-01 2.329101999999999784e+00
4.553220000000000045e-01 1.481934000000000085e+00 6.054690000000000349e-01 2.332764000000000060e+00
4.675289999999999724e-01 1.489257999999999971e+00 6.103520000000000056e-01 2.342528999999999861e+00
4.797359999999999958e-01 1.494140999999999941e+00 6.103520000000000056e-01 2.349854000000000109e+00
4.931639999999999913e-01 1.500243999999999911e+00 6.127930000000000321e-01 2.358398000000000216e+00
5.065920000000000423e-01 1.508788999999999936e+00 6.201170000000000293e-01 2.368164000000000158e+00
5.236819999999999808e-01 1.519775000000000098e+00 6.237789999999999724e-01 2.377930000000000099e+00
5.578610000000000513e-01 1.542969000000000035e+00 6.555180000000000451e-01 2.387694999999999901e+00
6.262210000000000276e-01 1.586913999999999936e+00 7.141110000000000513e-01 2.416992000000000029e+00
7.324220000000000175e-01 1.655272999999999994e+00 7.812500000000000000e-01 2.456055000000000099e+00
8.642579999999999707e-01 1.728515999999999941e+00 8.447270000000000056e-01 2.515868999999999911e+00
1.000977000000000006e+00 1.812743999999999911e+00 8.935549999999999882e-01 2.592773000000000216e+00
1.123046999999999906e+00 1.890868999999999911e+00 9.338379999999999459e-01 2.670898000000000216e+00
1.225586000000000064e+00 1.958007999999999971e+00 9.619140000000000468e-01 2.749023000000000216e+00
1.308594000000000035e+00 2.016601999999999784e+00 9.814450000000000118e-01 2.811278999999999861e+00
1.373291000000000039e+00 2.065430000000000099e+00 9.960940000000000349e-01 2.875976999999999784e+00
1.422118999999999911e+00 2.104492000000000029e+00 1.000977000000000006e+00 2.927245999999999793e+00
1.459961000000000064e+00 2.136229999999999851e+00 1.000977000000000006e+00 2.973632999999999971e+00
1.459961000000000064e+00 2.136229999999999851e+00 1.000977000000000006e+00 2.973632999999999971e+00
1.489257999999999971e+00 2.164306999999999981e+00 1.000977000000000006e+00 3.004150000000000098e+00
1.508788999999999936e+00 2.187500000000000000e+00 1.000977000000000006e+00 3.032226999999999784e+00
1.522216999999999931e+00 2.207031000000000187e+00 9.924319999999999808e-01 3.055419999999999803e+00
1.531981999999999955e+00 2.215575999999999990e+00 9.838869999999999560e-01 3.081055000000000099e+00
1.538086000000000064e+00 2.226563000000000070e+00 9.753420000000000423e-01 3.092041000000000039e+00
1.539306999999999981e+00 2.231444999999999901e+00 9.643549999999999622e-01 3.101806999999999981e+00
1.539306999999999981e+00 2.241210999999999842e+00 9.533690000000000220e-01 3.120117000000000029e+00
1.538086000000000064e+00 2.242431999999999981e+00 9.423829999999999707e-01 3.125000000000000000e+00
1.530761999999999956e+00 2.250976999999999784e+00 9.301760000000000028e-01 3.125000000000000000e+00
1.528319999999999901e+00 2.244873000000000118e+00 9.228520000000000056e-01 3.129882999999999971e+00
1.522216999999999931e+00 2.246093999999999813e+00 9.094240000000000101e-01 3.134765999999999941e+00
1.518555000000000099e+00 2.242431999999999981e+00 8.996579999999999577e-01 3.129882999999999971e+00
1.510010000000000074e+00 2.241210999999999842e+00 8.911130000000000440e-01 3.131104000000000109e+00
1.508788999999999936e+00 2.241210999999999842e+00 8.837890000000000468e-01 3.129882999999999971e+00
1.499022999999999994e+00 2.241210999999999842e+00 8.740229999999999944e-01 3.129882999999999971e+00
1.490479000000000109e+00 2.236327999999999872e+00 8.642579999999999707e-01 3.129882999999999971e+00
1.483154000000000083e+00 2.231444999999999901e+00 8.557129999999999459e-01 3.129882999999999971e+00
1.473389000000000060e+00 2.231444999999999901e+00 8.496089999999999476e-01 3.125000000000000000e+00
1.466064000000000034e+00 2.222900000000000098e+00 8.410640000000000338e-01 3.121338000000000168e+00
1.461181999999999981e+00 2.221680000000000099e+00 8.349609999999999532e-01 3.120117000000000029e+00
1.450194999999999901e+00 2.213134999999999852e+00 8.264160000000000394e-01 3.114014000000000060e+00
1.440430000000000099e+00 2.205811000000000188e+00 8.215329999999999577e-01 3.111571999999999782e+00
1.433105000000000073e+00 2.203368999999999911e+00 8.154299999999999882e-01 3.110351999999999784e+00
1.422118999999999911e+00 2.194824000000000108e+00 8.093259999999999899e-01 3.103026999999999980e+00
1.414795000000000025e+00 2.192382999999999971e+00 8.020019999999999927e-01 3.100585999999999842e+00
1.406250000000000000e+00 2.187500000000000000e+00 7.971190000000000220e-01 3.100585999999999842e+00
1.401367000000000029e+00 2.182617000000000029e+00 7.922360000000000513e-01 3.093262000000000178e+00
1.391602000000000006e+00 2.175292999999999921e+00 7.873539999999999983e-01 3.090819999999999901e+00
1.386719000000000035e+00 2.172851999999999784e+00 7.861329999999999707e-01 3.083495999999999793e+00
1.373291000000000039e+00 2.163085999999999842e+00 7.812500000000000000e-01 3.081055000000000099e+00
1.365966999999999931e+00 2.163085999999999842e+00 7.775879999999999459e-01 3.081055000000000099e+00
1.357421999999999906e+00 2.154541000000000039e+00 7.727049999999999752e-01 3.072509999999999852e+00
1.352538999999999936e+00 2.148438000000000070e+00 7.702639999999999487e-01 3.071289000000000158e+00
1.342772999999999994e+00 2.145995999999999793e+00 7.666020000000000056e-01 3.065186000000000188e+00
1.333007999999999971e+00 2.138672000000000128e+00 7.617190000000000349e-01 3.057860999999999940e+00
1.324462999999999946e+00 2.133789000000000158e+00 7.580569999999999808e-01 3.055419999999999803e+00
1.313477000000000006e+00 2.126465000000000050e+00 7.531740000000000101e-01 3.051757999999999971e+00
1.303711000000000064e+00 2.124023000000000216e+00 7.482910000000000394e-01 3.051757999999999971e+00
1.295166000000000039e+00 2.115479000000000109e+00 7.470700000000000118e-01 3.043213000000000168e+00
1.287841999999999931e+00 2.114257999999999971e+00 7.470700000000000118e-01 3.041992000000000029e+00
1.278075999999999990e+00 2.104492000000000029e+00 7.421879999999999589e-01 3.033446999999999782e+00
1.274413999999999936e+00 2.098389000000000060e+00 7.409670000000000423e-01 3.032226999999999784e+00
1.264647999999999994e+00 2.094726999999999784e+00 7.373049999999999882e-01 3.027343999999999813e+00
1.256104000000000109e+00 2.094726999999999784e+00 7.336430000000000451e-01 3.022460999999999842e+00
1.248779000000000083e+00 2.087401999999999980e+00 7.324220000000000175e-01 3.015137000000000178e+00
1.236572000000000005e+00 2.084960999999999842e+00 7.275390000000000468e-01 3.012694999999999901e+00
1.229247999999999896e+00 2.075194999999999901e+00 7.238769999999999927e-01 3.006591999999999931e+00
1.219481999999999955e+00 2.075194999999999901e+00 7.189940000000000220e-01 3.004150000000000098e+00
1.210938000000000070e+00 2.070313000000000070e+00 7.177729999999999944e-01 3.002930000000000099e+00
1.199950999999999990e+00 2.059325999999999990e+00 7.141110000000000513e-01 2.993164000000000158e+00
1.190185999999999966e+00 2.055664000000000158e+00 7.092289999999999983e-01 2.993164000000000158e+00
1.181640999999999941e+00 2.049561000000000188e+00 7.080079999999999707e-01 2.983398000000000216e+00
1.171875000000000000e+00 2.045898000000000216e+00 7.043460000000000276e-01 2.983398000000000216e+00
1.163329999999999975e+00 2.037354000000000109e+00 7.031250000000000000e-01 2.973632999999999971e+00
1.153564000000000034e+00 2.036132999999999971e+00 6.994629999999999459e-01 2.973632999999999971e+00
1.147461000000000064e+00 2.027588000000000168e+00 7.006839999999999735e-01 2.963867000000000029e+00
1.140136999999999956e+00 2.026367000000000029e+00 6.982420000000000293e-01 2.963867000000000029e+00
1.130371000000000015e+00 2.019042999999999921e+00 6.982420000000000293e-01 2.955321999999999782e+00
1.127930000000000099e+00 2.016601999999999784e+00 6.945799999999999752e-01 2.955321999999999782e+00
1.118163999999999936e+00 2.009276999999999980e+00 6.945799999999999752e-01 2.946776999999999980e+00
1.108397999999999994e+00 2.006835999999999842e+00 6.921389999999999487e-01 2.945556999999999981e+00
1.099854000000000109e+00 2.004395000000000149e+00 6.896970000000000045e-01 2.938232000000000177e+00
1.092529000000000083e+00 1.999511999999999956e+00 6.884770000000000056e-01 2.935791000000000039e+00
1.082764000000000060e+00 1.997069999999999901e+00 6.884770000000000056e-01 2.934569999999999901e+00
1.075439000000000034e+00 1.989746000000000015e+00 6.835940000000000349e-01 2.927245999999999793e+00
1.069336000000000064e+00 1.987305000000000099e+00 6.823730000000000073e-01 2.924805000000000099e+00
1.059569999999999901e+00 1.978760000000000074e+00 6.787109999999999532e-01 2.918700999999999990e+00
1.049805000000000099e+00 1.977538999999999936e+00 6.787109999999999532e-01 2.915039000000000158e+00
1.040038999999999936e+00 1.971435999999999966e+00 6.750490000000000101e-01 2.915039000000000158e+00
1.030272999999999994e+00 1.967772999999999994e+00 6.713869999999999560e-01 2.907715000000000050e+00
1.020507999999999971e+00 1.962890999999999941e+00 6.689450000000000118e-01 2.905273000000000216e+00
1.011962999999999946e+00 1.958007999999999971e+00 6.689450000000000118e-01 2.896729000000000109e+00
1.002197000000000005e+00 1.953125000000000000e+00 6.652829999999999577e-01 2.895507999999999971e+00
9.924319999999999808e-01 1.948242000000000029e+00 6.628420000000000423e-01 2.895507999999999971e+00
9.814450000000000118e-01 1.948242000000000029e+00 6.603999999999999870e-01 2.885742000000000029e+00
9.728999999999999870e-01 1.938477000000000006e+00 6.591799999999999882e-01 2.885742000000000029e+00
9.631349999999999634e-01 1.936034999999999950e+00 6.555180000000000451e-01 2.875976999999999784e+00
9.533690000000000220e-01 1.928711000000000064e+00 6.542970000000000175e-01 2.869873000000000118e+00
9.436039999999999983e-01 1.922606999999999955e+00 6.506349999999999634e-01 2.866210999999999842e+00
9.338379999999999459e-01 1.918944999999999901e+00 6.494140000000000468e-01 2.858887000000000178e+00
9.252930000000000321e-01 1.912841999999999931e+00 6.494140000000000468e-01 2.856444999999999901e+00
9.167480000000000073e-01 1.909180000000000099e+00 6.457519999999999927e-01 2.856444999999999901e+00
9.082029999999999825e-01 1.909180000000000099e+00 6.494140000000000468e-01 2.849120999999999793e+00
8.984379999999999589e-01 1.899413999999999936e+00 6.433109999999999662e-01 2.849120999999999793e+00
8.898930000000000451e-01 1.894530999999999965e+00 6.433109999999999662e-01 2.836914000000000158e+00
8.837890000000000468e-01 1.889647999999999994e+00 6.408690000000000220e-01 2.846680000000000099e+00
8.752440000000000220e-01 1.889647999999999994e+00 6.408690000000000220e-01 2.829590000000000050e+00
8.654789999999999983e-01 1.883545000000000025e+00 6.408690000000000220e-01 2.827148000000000216e+00
8.593750000000000000e-01 1.879882999999999971e+00 6.396479999999999944e-01 2.827148000000000216e+00
8.544920000000000293e-01 1.879882999999999971e+00 6.372069999999999679e-01 2.819824000000000108e+00
8.459470000000000045e-01 1.875000000000000000e+00 6.396479999999999944e-01 2.811278999999999861e+00
8.544920000000000293e-01 1.873779000000000083e+00 6.457519999999999927e-01 2.817382999999999971e+00
8.752440000000000220e-01 1.879882999999999971e+00 6.616210000000000147e-01 2.817382999999999971e+00
9.143069999999999808e-01 1.889647999999999994e+00 6.933589999999999476e-01 2.828368999999999911e+00
9.753420000000000423e-01 1.910400000000000098e+00 7.373049999999999882e-01 2.850341999999999931e+00
1.051025000000000098e+00 1.940917999999999921e+00 7.861329999999999707e-01 2.875976999999999784e+00
1.132813000000000070e+00 1.982421999999999906e+00 8.349609999999999532e-01 2.915039000000000158e+00
1.215819999999999901e+00 2.026367000000000029e+00 8.752440000000000220e-01 2.954101999999999784e+00
1.293944999999999901e+00 2.069091999999999931e+00 9.094240000000000101e-01 2.995604999999999851e+00
1.362305000000000099e+00 2.109375000000000000e+00 9.375000000000000000e-01 3.035889000000000060e+00
1.412354000000000109e+00 2.145995999999999793e+00 9.521479999999999944e-01 3.071289000000000158e+00
1.455078000000000094e+00 2.182617000000000029e+00 9.619140000000000468e-01 3.105468999999999813e+00
1.485595999999999917e+00 2.202148000000000216e+00 9.619140000000000468e-01 3.129882999999999971e+00
1.513671999999999906e+00 2.222900000000000098e+00 9.619140000000000468e-01 3.154297000000000128e+00
1.533203000000000094e+00 2.241210999999999842e+00 9.619140000000000468e-01 3.168944999999999901e+00
1.542969000000000035e+00 2.253417999999999921e+00 9.570309999999999651e-01 3.188476999999999784e+00
1.549072000000000005e+00 2.265625000000000000e+00 9.521479999999999944e-01 3.198242000000000029e+00
1.557617000000000029e+00 2.272949000000000108e+00 9.423829999999999707e-01 3.208007999999999971e+00
1.551514000000000060e+00 2.280273000000000216e+00 9.326170000000000293e-01 3.209229000000000109e+00
1.547852000000000006e+00 2.281493999999999911e+00 9.179690000000000349e-01 3.217773000000000216e+00
1.542969000000000035e+00 2.280273000000000216e+00 9.069819999999999549e-01 3.217773000000000216e+00
1.535644999999999927e+00 2.280273000000000216e+00 8.947749999999999870e-01 3.217773000000000216e+00
1.520996000000000015e+00 2.276610999999999940e+00 8.837890000000000468e-01 3.217773000000000216e+00
1.508788999999999936e+00 2.270507999999999971e+00 8.703610000000000513e-01 3.211669999999999803e+00
1.499022999999999994e+00 2.270507999999999971e+00 8.593750000000000000e-01 3.208007999999999971e+00
1.489257999999999971e+00 2.265625000000000000e+00 8.483889999999999487e-01 3.208007999999999971e+00
1.479492000000000029e+00 2.260742000000000029e+00 8.398440000000000349e-01 3.208007999999999971e+00
1.469727000000000006e+00 2.252196999999999782e+00 8.349609999999999532e-01 3.200683999999999862e+00
1.459961000000000064e+00 2.250976999999999784e+00 8.251950000000000118e-01 3.192139000000000060e+00
1.450194999999999901e+00 2.244873000000000118e+00 8.190920000000000423e-01 3.188476999999999784e+00
1.440430000000000099e+00 2.241210999999999842e+00 8.117680000000000451e-01 3.188476999999999784e+00
1.430663999999999936e+00 2.231444999999999901e+00 8.056640000000000468e-01 3.178710999999999842e+00
1.416015999999999941e+00 2.231444999999999901e+00 7.971190000000000220e-01 3.178710999999999842e+00
1.402587999999999946e+00 2.221680000000000099e+00 7.910160000000000524e-01 3.170166000000000039e+00
1.391602000000000006e+00 2.211914000000000158e+00 7.861329999999999707e-01 3.168944999999999901e+00
1.375731999999999955e+00 2.211914000000000158e+00 7.763670000000000293e-01 3.159180000000000099e+00
1.362305000000000099e+00 2.202148000000000216e+00 7.678220000000000045e-01 3.154297000000000128e+00
1.346435999999999966e+00 2.192382999999999971e+00 7.617190000000000349e-01 3.149414000000000158e+00
1.334229000000000109e+00 2.186278999999999861e+00 7.568359999999999532e-01 3.139648000000000216e+00
1.317139000000000060e+00 2.174071999999999782e+00 7.482910000000000394e-01 3.129882999999999971e+00
1.304931999999999981e+00 2.170409999999999950e+00 7.421879999999999589e-01 3.129882999999999971e+00
1.293944999999999901e+00 2.163085999999999842e+00 7.385249999999999870e-01 3.120117000000000029e+00
1.284180000000000099e+00 2.154541000000000039e+00 7.336430000000000451e-01 3.112792999999999921e+00
1.269530999999999965e+00 2.147216999999999931e+00 7.287599999999999634e-01 3.104248000000000118e+00
1.258545000000000025e+00 2.143555000000000099e+00 7.275390000000000468e-01 3.100585999999999842e+00
1.248779000000000083e+00 2.135009999999999852e+00 7.226559999999999651e-01 3.090819999999999901e+00
1.236572000000000005e+00 2.133789000000000158e+00 7.189940000000000220e-01 3.084716999999999931e+00
1.226806999999999981e+00 2.124023000000000216e+00 7.177729999999999944e-01 3.081055000000000099e+00
1.215819999999999901e+00 2.116699000000000108e+00 7.141110000000000513e-01 3.073729999999999851e+00
1.206055000000000099e+00 2.114257999999999971e+00 7.092289999999999983e-01 3.071289000000000158e+00
1.191405999999999965e+00 2.105713000000000168e+00 7.080079999999999707e-01 3.063965000000000050e+00
1.186522999999999994e+00 2.098389000000000060e+00 7.043460000000000276e-01 3.055419999999999803e+00
1.171875000000000000e+00 2.094726999999999784e+00 7.006839999999999735e-01 3.051757999999999971e+00
1.160889000000000060e+00 2.086181999999999981e+00 6.982420000000000293e-01 3.041992000000000029e+00
1.148681999999999981e+00 2.078857000000000177e+00 6.945799999999999752e-01 3.041992000000000029e+00
1.137694999999999901e+00 2.075194999999999901e+00 6.896970000000000045e-01 3.032226999999999784e+00
1.127930000000000099e+00 2.065430000000000099e+00 6.848140000000000338e-01 3.032226999999999784e+00
1.112060999999999966e+00 2.060547000000000128e+00 6.799319999999999808e-01 3.016357000000000177e+00
1.099854000000000109e+00 2.055664000000000158e+00 6.787109999999999532e-01 3.012694999999999901e+00
1.092529000000000083e+00 2.045898000000000216e+00 6.726069999999999549e-01 3.004150000000000098e+00
1.079102000000000006e+00 2.037354000000000109e+00 6.701660000000000394e-01 2.995604999999999851e+00
1.064453000000000094e+00 2.031250000000000000e+00 6.652829999999999577e-01 2.993164000000000158e+00
1.051025000000000098e+00 2.026367000000000029e+00 6.628420000000000423e-01 2.983398000000000216e+00
1.040038999999999936e+00 2.016601999999999784e+00 6.591799999999999882e-01 2.974854000000000109e+00
1.030272999999999994e+00 2.008056999999999981e+00 6.591799999999999882e-01 2.973632999999999971e+00
1.015625000000000000e+00 2.006835999999999842e+00 6.530759999999999899e-01 2.965088000000000168e+00
1.002197000000000005e+00 1.990966999999999931e+00 6.494140000000000468e-01 2.955321999999999782e+00
9.912109999999999532e-01 1.987305000000000099e+00 6.457519999999999927e-01 2.946776999999999980e+00
9.814450000000000118e-01 1.978760000000000074e+00 6.445309999999999651e-01 2.944335999999999842e+00
9.716799999999999882e-01 1.977538999999999936e+00 6.396479999999999944e-01 2.934569999999999901e+00
9.570309999999999651e-01 1.967772999999999994e+00 6.408690000000000220e-01 2.924805000000000099e+00
9.460450000000000248e-01 1.967772999999999994e+00 6.396479999999999944e-01 2.924805000000000099e+00
9.362789999999999724e-01 1.958007999999999971e+00 6.396479999999999944e-01 2.916259999999999852e+00
9.252930000000000321e-01 1.949462999999999946e+00 6.396479999999999944e-01 2.915039000000000158e+00
9.143069999999999808e-01 1.948242000000000029e+00 6.396479999999999944e-01 2.905273000000000216e+00
8.947749999999999870e-01 1.938477000000000006e+00 6.335450000000000248e-01 2.895507999999999971e+00
8.874509999999999899e-01 1.928711000000000064e+00 6.323239999999999972e-01 2.895507999999999971e+00
8.740229999999999944e-01 1.922606999999999955e+00 6.311039999999999983e-01 2.885742000000000029e+00
8.654789999999999983e-01 1.918944999999999901e+00 6.298829999999999707e-01 2.885742000000000029e+00
8.544920000000000293e-01 1.910400000000000098e+00 6.298829999999999707e-01 2.877196999999999782e+00
8.447270000000000056e-01 1.909180000000000099e+00 6.262210000000000276e-01 2.875976999999999784e+00
8.349609999999999532e-01 1.903075999999999990e+00 6.250000000000000000e-01 2.867431999999999981e+00
8.251950000000000118e-01 1.904296999999999906e+00 6.237789999999999724e-01 2.866210999999999842e+00
8.154299999999999882e-01 1.893310999999999966e+00 6.237789999999999724e-01 2.857666000000000039e+00
8.081049999999999622e-01 1.889647999999999994e+00 6.225589999999999735e-01 2.856444999999999901e+00
8.007809999999999651e-01 1.883545000000000025e+00 6.213379999999999459e-01 2.847900000000000098e+00
7.910160000000000524e-01 1.883545000000000025e+00 6.213379999999999459e-01 2.846680000000000099e+00
7.861329999999999707e-01 1.879882999999999971e+00 6.213379999999999459e-01 2.839354999999999851e+00
7.775879999999999459e-01 1.873779000000000083e+00 6.201170000000000293e-01 2.836914000000000158e+00
7.702639999999999487e-01 1.870117000000000029e+00 6.201170000000000293e-01 2.839354999999999851e+00
7.617190000000000349e-01 1.870117000000000029e+00 6.201170000000000293e-01 2.827148000000000216e+00
7.568359999999999532e-01 1.861572000000000005e+00 6.201170000000000293e-01 2.828368999999999911e+00
7.482910000000000394e-01 1.860352000000000006e+00 6.201170000000000293e-01 2.818604000000000109e+00
7.409670000000000423e-01 1.855469000000000035e+00 6.164549999999999752e-01 2.817382999999999971e+00
7.336430000000000451e-01 1.850586000000000064e+00 6.152339999999999476e-01 2.817382999999999971e+00
7.275390000000000468e-01 1.850586000000000064e+00 6.152339999999999476e-01 2.811278999999999861e+00
7.189940000000000220e-01 1.843261999999999956e+00 6.140139999999999487e-01 2.801514000000000060e+00
7.128910000000000524e-01 1.840819999999999901e+00 6.115720000000000045e-01 2.807617000000000029e+00
7.080079999999999707e-01 1.840819999999999901e+00 6.115720000000000045e-01 2.800292999999999921e+00
6.994629999999999459e-01 1.834716999999999931e+00 6.115720000000000045e-01 2.797851999999999784e+00
6.921389999999999487e-01 1.831055000000000099e+00 6.103520000000000056e-01 2.797851999999999784e+00
6.884770000000000056e-01 1.824950999999999990e+00 6.103520000000000056e-01 2.788085999999999842e+00
6.787109999999999532e-01 1.823730000000000073e+00 6.103520000000000056e-01 2.788085999999999842e+00
6.701660000000000394e-01 1.821288999999999936e+00 6.066890000000000338e-01 2.788085999999999842e+00
6.652829999999999577e-01 1.816405999999999965e+00 6.066890000000000338e-01 2.778319999999999901e+00
6.591799999999999882e-01 1.812743999999999911e+00 6.054690000000000349e-01 2.778319999999999901e+00
6.506349999999999634e-01 1.811522999999999994e+00 6.054690000000000349e-01 2.778319999999999901e+00
6.457519999999999927e-01 1.806640999999999941e+00 6.054690000000000349e-01 2.769775000000000098e+00
6.396479999999999944e-01 1.802979000000000109e+00 6.042480000000000073e-01 2.768555000000000099e+00
6.335450000000000248e-01 1.801757999999999971e+00 6.018069999999999808e-01 2.763672000000000128e+00
6.262210000000000276e-01 1.796875000000000000e+00 6.018069999999999808e-01 2.763672000000000128e+00
6.213379999999999459e-01 1.796875000000000000e+00 6.018069999999999808e-01 2.758789000000000158e+00
6.140139999999999487e-01 1.791992000000000029e+00 6.005859999999999532e-01 2.758789000000000158e+00
6.103520000000000056e-01 1.791992000000000029e+00 6.005859999999999532e-01 2.751465000000000050e+00
6.018069999999999808e-01 1.784667999999999921e+00 6.005859999999999532e-01 2.753906000000000187e+00
5.908200000000000118e-01 1.782227000000000006e+00 6.005859999999999532e-01 2.740479000000000109e+00
5.847170000000000423e-01 1.774901999999999980e+00 5.969240000000000101e-01 2.739257999999999971e+00
5.786130000000000440e-01 1.773681999999999981e+00 5.969240000000000101e-01 2.739257999999999971e+00
5.725099999999999634e-01 1.772461000000000064e+00 5.969240000000000101e-01 2.739257999999999971e+00
5.664059999999999651e-01 1.766356999999999955e+00 5.969240000000000101e-01 2.729492000000000029e+00
5.615229999999999944e-01 1.763916000000000039e+00 5.957029999999999825e-01 2.729492000000000029e+00
5.578610000000000513e-01 1.762694999999999901e+00 5.944819999999999549e-01 2.729492000000000029e+00
5.517579999999999707e-01 1.759033000000000069e+00 5.920410000000000394e-01 2.720946999999999782e+00
5.468750000000000000e-01 1.754150000000000098e+00 5.920410000000000394e-01 2.719726999999999784e+00
5.419920000000000293e-01 1.752930000000000099e+00 5.920410000000000394e-01 2.719726999999999784e+00
5.358889999999999487e-01 1.752930000000000099e+00 5.920410000000000394e-01 2.719726999999999784e+00
5.322270000000000056e-01 1.746825999999999990e+00 5.908200000000000118e-01 2.712401999999999980e+00
5.273440000000000349e-01 1.748046999999999906e+00 5.908200000000000118e-01 2.709960999999999842e+00
5.224609999999999532e-01 1.743163999999999936e+00 5.908200000000000118e-01 2.709960999999999842e+00
5.175779999999999825e-01 1.743163999999999936e+00 5.908200000000000118e-01 2.702637000000000178e+00
5.139160000000000394e-01 1.738280999999999965e+00 5.908200000000000118e-01 2.700194999999999901e+00
5.090329999999999577e-01 1.734618999999999911e+00 5.908200000000000118e-01 2.700194999999999901e+00
5.065920000000000423e-01 1.733397999999999994e+00 5.908200000000000118e-01 2.700194999999999901e+00
5.029299999999999882e-01 1.729735999999999940e+00 5.908200000000000118e-01 2.694091999999999931e+00
4.968259999999999899e-01 1.724854000000000109e+00 5.871579999999999577e-01 2.695313000000000070e+00
4.931639999999999913e-01 1.723632999999999971e+00 5.871579999999999577e-01 2.690430000000000099e+00
4.882810000000000206e-01 1.723632999999999971e+00 5.859379999999999589e-01 2.684325999999999990e+00
4.833979999999999944e-01 1.718750000000000000e+00 5.859379999999999589e-01 2.681884999999999852e+00
4.797359999999999958e-01 1.716309000000000085e+00 5.859379999999999589e-01 2.680664000000000158e+00
4.748539999999999983e-01 1.716309000000000085e+00 5.847170000000000423e-01 2.680664000000000158e+00
4.724119999999999986e-01 1.713867000000000029e+00 5.847170000000000423e-01 2.680664000000000158e+00
4.687500000000000000e-01 1.713867000000000029e+00 5.847170000000000423e-01 2.675781000000000187e+00
4.638669999999999738e-01 1.705322000000000005e+00 5.822749999999999870e-01 2.672118999999999911e+00
4.602049999999999752e-01 1.704102000000000006e+00 5.822749999999999870e-01 2.670898000000000216e+00
4.577640000000000042e-01 1.704102000000000006e+00 5.847170000000000423e-01 2.670898000000000216e+00
4.541020000000000056e-01 1.704102000000000006e+00 5.822749999999999870e-01 2.663574000000000108e+00
4.541020000000000056e-01 1.696776999999999980e+00 5.847170000000000423e-01 2.661132999999999971e+00
4.455569999999999808e-01 1.694336000000000064e+00 5.822749999999999870e-01 2.661132999999999971e+00
4.443360000000000087e-01 1.694336000000000064e+00 5.822749999999999870e-01 2.661132999999999971e+00
4.443360000000000087e-01 1.694336000000000064e+00 5.822749999999999870e-01 2.661132999999999971e+00
4.394529999999999825e-01 1.694336000000000064e+00 5.822749999999999870e-01 2.656250000000000000e+00
4.357909999999999839e-01 1.687011999999999956e+00 5.822749999999999870e-01 2.651367000000000029e+00
4.345700000000000118e-01 1.684569999999999901e+00 5.822749999999999870e-01 2.651367000000000029e+00
4.309080000000000132e-01 1.684569999999999901e+00 5.822749999999999870e-01 2.651367000000000029e+00
4.284669999999999868e-01 1.684569999999999901e+00 5.822749999999999870e-01 2.644042999999999921e+00
4.260249999999999870e-01 1.684569999999999901e+00 5.822749999999999870e-01 2.646484000000000059e+00
4.248049999999999882e-01 1.676025000000000098e+00 5.810549999999999882e-01 2.646484000000000059e+00
4.211429999999999896e-01 1.676025000000000098e+00 5.810549999999999882e-01 2.641601999999999784e+00
4.174800000000000177e-01 1.674805000000000099e+00 5.810549999999999882e-01 2.641601999999999784e+00
4.150389999999999913e-01 1.674805000000000099e+00 5.810549999999999882e-01 2.641601999999999784e+00
4.125980000000000203e-01 1.674805000000000099e+00 5.810549999999999882e-01 2.635498000000000118e+00
4.101560000000000206e-01 1.668700999999999990e+00 5.810549999999999882e-01 2.631835999999999842e+00
4.064940000000000220e-01 1.666260000000000074e+00 5.810549999999999882e-01 2.633056999999999981e+00
4.052729999999999944e-01 1.665038999999999936e+00 5.773930000000000451e-01 2.631835999999999842e+00
4.016109999999999958e-01 1.666260000000000074e+00 5.773930000000000451e-01 2.631835999999999842e+00
3.991700000000000248e-01 1.661377000000000104e+00 5.798339999999999606e-01 2.623291000000000039e+00
3.955080000000000262e-01 1.660155999999999965e+00 5.773930000000000451e-01 2.623291000000000039e+00
3.955080000000000262e-01 1.656493999999999911e+00 5.773930000000000451e-01 2.622069999999999901e+00
3.918460000000000276e-01 1.656493999999999911e+00 5.761720000000000175e-01 2.622069999999999901e+00
3.894039999999999724e-01 1.655272999999999994e+00 5.761720000000000175e-01 2.617188000000000070e+00
3.857419999999999738e-01 1.650390999999999941e+00 5.761720000000000175e-01 2.612305000000000099e+00
3.857419999999999738e-01 1.649170000000000025e+00 5.761720000000000175e-01 2.613525000000000098e+00
3.820799999999999752e-01 1.649170000000000025e+00 5.761720000000000175e-01 2.612305000000000099e+00
3.784179999999999766e-01 1.646729000000000109e+00 5.761720000000000175e-01 2.612305000000000099e+00
3.771970000000000045e-01 1.645507999999999971e+00 5.749509999999999899e-01 2.606200999999999990e+00
3.759770000000000056e-01 1.645507999999999971e+00 5.725099999999999634e-01 2.606200999999999990e+00
3.723139999999999783e-01 1.640625000000000000e+00 5.737299999999999622e-01 2.604979999999999851e+00
3.698730000000000073e-01 1.640625000000000000e+00 5.737299999999999622e-01 2.602539000000000158e+00
3.674319999999999808e-01 1.636962999999999946e+00 5.725099999999999634e-01 2.602539000000000158e+00
3.662110000000000087e-01 1.635742000000000029e+00 5.725099999999999634e-01 2.602539000000000158e+00
3.613279999999999825e-01 1.635742000000000029e+00 5.725099999999999634e-01 2.603759999999999852e+00
3.588870000000000116e-01 1.635742000000000029e+00 5.712890000000000468e-01 2.593993999999999911e+00
3.576659999999999839e-01 1.629639000000000060e+00 5.712890000000000468e-01 2.592773000000000216e+00
3.564450000000000118e-01 1.627197000000000005e+00 5.712890000000000468e-01 2.592773000000000216e+00
3.527830000000000132e-01 1.625977000000000006e+00 5.712890000000000468e-01 2.592773000000000216e+00
3.503419999999999868e-01 1.627197000000000005e+00 5.712890000000000468e-01 2.586669999999999803e+00
3.478999999999999870e-01 1.625977000000000006e+00 5.712890000000000468e-01 2.586669999999999803e+00
3.466799999999999882e-01 1.625977000000000006e+00 5.712890000000000468e-01 2.584229000000000109e+00
3.442379999999999884e-01 1.621094000000000035e+00 5.700680000000000192e-01 2.584229000000000109e+00
3.417970000000000175e-01 1.617431999999999981e+00 5.712890000000000468e-01 2.583007999999999971e+00
3.393550000000000177e-01 1.616211000000000064e+00 5.712890000000000468e-01 2.583007999999999971e+00
3.369139999999999913e-01 1.616211000000000064e+00 5.688480000000000203e-01 2.578125000000000000e+00
3.369139999999999913e-01 1.611328000000000094e+00 5.688480000000000203e-01 2.578125000000000000e+00
3.344730000000000203e-01 1.610106999999999955e+00 5.676269999999999927e-01 2.574463000000000168e+00
3.320310000000000206e-01 1.607666000000000039e+00 5.712890000000000468e-01 2.573242000000000029e+00
3.283690000000000220e-01 1.607666000000000039e+00 5.676269999999999927e-01 2.573242000000000029e+00
3.283690000000000220e-01 1.606444999999999901e+00 5.676269999999999927e-01 2.573242000000000029e+00
3.271479999999999944e-01 1.606444999999999901e+00 5.712890000000000468e-01 2.565917999999999921e+00
3.234859999999999958e-01 1.606444999999999901e+00 5.676269999999999927e-01 2.563476999999999784e+00
3.222659999999999969e-01 1.606444999999999901e+00 5.676269999999999927e-01 2.563476999999999784e+00
3.210450000000000248e-01 1.599121000000000015e+00 5.676269999999999927e-01 2.563476999999999784e+00
3.186039999999999983e-01 1.600341999999999931e+00 5.676269999999999927e-01 2.563476999999999784e+00
3.173830000000000262e-01 1.599121000000000015e+00 5.688480000000000203e-01 2.563476999999999784e+00
3.173830000000000262e-01 1.596680000000000099e+00 5.664059999999999651e-01 2.563476999999999784e+00
3.137210000000000276e-01 1.596680000000000099e+00 5.676269999999999927e-01 2.558593999999999813e+00
3.137210000000000276e-01 1.597900000000000098e+00 5.676269999999999927e-01 2.554931999999999981e+00
3.125000000000000000e-01 1.596680000000000099e+00 5.664059999999999651e-01 2.553710999999999842e+00
3.125000000000000000e-01 1.591796999999999906e+00 5.676269999999999927e-01 2.553710999999999842e+00
3.100589999999999735e-01 1.590575999999999990e+00 5.664059999999999651e-01 2.553710999999999842e+00
3.088380000000000014e-01 1.589355000000000073e+00 5.664059999999999651e-01 2.553710999999999842e+00
3.076169999999999738e-01 1.586913999999999936e+00 5.676269999999999927e-01 2.547607000000000177e+00
3.076169999999999738e-01 1.586913999999999936e+00 5.676269999999999927e-01 2.553710999999999842e+00
3.076169999999999738e-01 1.589355000000000073e+00 5.676269999999999927e-01 2.543944999999999901e+00
3.039549999999999752e-01 1.586913999999999936e+00 5.664059999999999651e-01 2.543944999999999901e+00
3.027340000000000031e-01 1.582030999999999965e+00 5.664059999999999651e-01 2.545166000000000039e+00
3.027340000000000031e-01 1.582030999999999965e+00 5.664059999999999651e-01 2.537841999999999931e+00
3.002929999999999766e-01 1.580810999999999966e+00 5.664059999999999651e-01 2.543944999999999901e+00
2.990720000000000045e-01 1.578368999999999911e+00 5.664059999999999651e-01 2.543944999999999901e+00
2.978520000000000056e-01 1.578368999999999911e+00 5.664059999999999651e-01 2.543944999999999901e+00
2.978520000000000056e-01 1.577147999999999994e+00 5.664059999999999651e-01 2.537841999999999931e+00
2.966309999999999780e-01 1.577147999999999994e+00 5.664059999999999651e-01 2.536620999999999793e+00
2.941889999999999783e-01 1.577147999999999994e+00 5.664059999999999651e-01 2.534180000000000099e+00
2.941889999999999783e-01 1.573485999999999940e+00 5.664059999999999651e-01 2.534180000000000099e+00
2.929689999999999794e-01 1.572265999999999941e+00 5.664059999999999651e-01 2.536620999999999793e+00
2.917480000000000073e-01 1.573485999999999940e+00 5.651859999999999662e-01 2.534180000000000099e+00
2.905269999999999797e-01 1.571045000000000025e+00 5.651859999999999662e-01 2.534180000000000099e+00
2.893069999999999808e-01 1.568604000000000109e+00 5.651859999999999662e-01 2.534180000000000099e+00
2.893069999999999808e-01 1.567382999999999971e+00 5.651859999999999662e-01 2.526854999999999851e+00
2.880860000000000087e-01 1.567382999999999971e+00 5.651859999999999662e-01 2.525634999999999852e+00
2.880860000000000087e-01 1.567382999999999971e+00 5.651859999999999662e-01 2.534180000000000099e+00
2.880860000000000087e-01 1.567382999999999971e+00 5.651859999999999662e-01 2.524414000000000158e+00
2.844240000000000101e-01 1.567382999999999971e+00 5.651859999999999662e-01 2.524414000000000158e+00
2.844240000000000101e-01 1.562500000000000000e+00 5.664059999999999651e-01 2.524414000000000158e+00
2.844240000000000101e-01 1.562500000000000000e+00 5.664059999999999651e-01 2.524414000000000158e+00
2.844240000000000101e-01 1.561279000000000083e+00 5.664059999999999651e-01 2.524414000000000158e+00
2.832029999999999825e-01 1.561279000000000083e+00 5.664059999999999651e-01 2.519531000000000187e+00
2.844240000000000101e-01 1.558837999999999946e+00 5.664059999999999651e-01 2.517090000000000050e+00
2.832029999999999825e-01 1.562500000000000000e+00 5.651859999999999662e-01 2.518311000000000188e+00
2.832029999999999825e-01 1.558837999999999946e+00 5.651859999999999662e-01 2.517090000000000050e+00
2.819820000000000104e-01 1.557617000000000029e+00 5.664059999999999651e-01 2.514648000000000216e+00
2.819820000000000104e-01 1.557617000000000029e+00 5.651859999999999662e-01 2.514648000000000216e+00
2.807620000000000116e-01 1.557617000000000029e+00 5.651859999999999662e-01 2.514648000000000216e+00
2.807620000000000116e-01 1.557617000000000029e+00 5.664059999999999651e-01 2.514648000000000216e+00
2.795409999999999839e-01 1.551514000000000060e+00 5.651859999999999662e-01 2.514648000000000216e+00
2.795409999999999839e-01 1.557617000000000029e+00 5.651859999999999662e-01 2.514648000000000216e+00
2.783200000000000118e-01 1.553954999999999975e+00 5.651859999999999662e-01 2.508544999999999803e+00
2.783200000000000118e-01 1.552734000000000059e+00 5.651859999999999662e-01 2.506104000000000109e+00
2.783200000000000118e-01 1.549072000000000005e+00 5.627440000000000220e-01 2.508544999999999803e+00
2.783200000000000118e-01 1.549072000000000005e+00 5.651859999999999662e-01 2.504882999999999971e+00
2.783200000000000118e-01 1.547852000000000006e+00 5.651859999999999662e-01 2.504882999999999971e+00
2.783200000000000118e-01 1.547852000000000006e+00 5.651859999999999662e-01 2.504882999999999971e+00
2.758789999999999853e-01 1.547852000000000006e+00 5.639650000000000496e-01 2.501221000000000139e+00
2.758789999999999853e-01 1.547852000000000006e+00 5.639650000000000496e-01 2.504882999999999971e+00
2.746580000000000132e-01 1.547852000000000006e+00 5.639650000000000496e-01 2.504882999999999971e+00
2.746580000000000132e-01 1.547852000000000006e+00 5.639650000000000496e-01 2.500000000000000000e+00
2.746580000000000132e-01 1.544189000000000034e+00 5.651859999999999662e-01 2.500000000000000000e+00
2.746580000000000132e-01 1.542969000000000035e+00 5.639650000000000496e-01 2.498778999999999861e+00
2.746580000000000132e-01 1.540526999999999980e+00 5.651859999999999662e-01 2.495117000000000029e+00
2.734380000000000144e-01 1.541747999999999896e+00 5.651859999999999662e-01 2.495117000000000029e+00
