2.148440000000000072e-01 1.479492000000000029e+00 5.676269999999999927e-01 2.329101999999999784e+00
2.148440000000000072e-01 1.479492000000000029e+00 5.664059999999999651e-01 2.329101999999999784e+00
2.148440000000000072e-01 1.479492000000000029e+00 5.664059999999999651e-01 2.329101999999999784e+00
2.148440000000000072e-01 1.479492000000000029e+00 5.664059999999999651e-01 2.330321999999999782e+00
2.136230000000000073e-01 1.480712999999999946e+00 5.664059999999999651e-01 2.329101999999999784e+00
2.136230000000000073e-01 1.479492000000000029e+00 5.676269999999999927e-01 2.330321999999999782e+00
2.136230000000000073e-01 1.479492000000000029e+00 5.664059999999999651e-01 2.329101999999999784e+00
2.136230000000000073e-01 1.479492000000000029e+00 5.664059999999999651e-01 2.329101999999999784e+00
2.111820000000000086e-01 1.480712999999999946e+00 5.664059999999999651e-01 2.329101999999999784e+00
2.124020000000000075e-01 1.479492000000000029e+00 5.664059999999999651e-01 2.329101999999999784e+00
2.111820000000000086e-01 1.479492000000000029e+00 5.664059999999999651e-01 2.329101999999999784e+00
2.111820000000000086e-01 1.479492000000000029e+00 5.651859999999999662e-01 2.329101999999999784e+00
2.111820000000000086e-01 1.479492000000000029e+00 5.664059999999999651e-01 2.329101999999999784e+00
2.111820000000000086e-01 1.479492000000000029e+00 5.651859999999999662e-01 2.329101999999999784e+00
2.111820000000000086e-01 1.479492000000000029e+00 5.664059999999999651e-01 2.329101999999999784e+00
2.111820000000000086e-01 1.479492000000000029e+00 5.664059999999999651e-01 2.329101999999999784e+00
2.111820000000000086e-01 1.479492000000000029e+00 5.664059999999999651e-01 2.329101999999999784e+00
2.136230000000000073e-01 1.479492000000000029e+00 5.676269999999999927e-01 2.329101999999999784e+00
2.136230000000000073e-01 1.479492000000000029e+00 5.664059999999999651e-01 2.329101999999999784e+00
2.148440000000000072e-01 1.479492000000000029e+00 5.664059999999999651e-01 2.329101999999999784e+00
2.160640000000000061e-01 1.479492000000000029e+00 5.676269999999999927e-01 2.329101999999999784e+00
2.197270000000000056e-01 1.479492000000000029e+00 5.676269999999999927e-01 2.330321999999999782e+00
2.209470000000000045e-01 1.479492000000000029e+00 5.712890000000000468e-01 2.330321999999999782e+00
2.233890000000000042e-01 1.481934000000000085e+00 5.712890000000000468e-01 2.330321999999999782e+00
2.258300000000000030e-01 1.480712999999999946e+00 5.712890000000000468e-01 2.331542999999999921e+00
2.307130000000000014e-01 1.483154000000000083e+00 5.725099999999999634e-01 2.332764000000000060e+00
2.343750000000000000e-01 1.489257999999999971e+00 5.725099999999999634e-01 2.333984000000000059e+00
2.368159999999999987e-01 1.485595999999999917e+00 5.749509999999999899e-01 2.338867000000000029e+00
2.416989999999999972e-01 1.489257999999999971e+00 5.749509999999999899e-01 2.343750000000000000e+00
2.453609999999999958e-01 1.489257999999999971e+00 5.773930000000000451e-01 2.338867000000000029e+00
2.526860000000000217e-01 1.490479000000000109e+00 5.773930000000000451e-01 2.348632999999999971e+00
2.563480000000000203e-01 1.491699000000000108e+00 5.810549999999999882e-01 2.343750000000000000e+00
2.636720000000000175e-01 1.495360999999999940e+00 5.810549999999999882e-01 2.343750000000000000e+00
2.685549999999999882e-01 1.499022999999999994e+00 5.810549999999999882e-01 2.348632999999999971e+00
2.734380000000000144e-01 1.499022999999999994e+00 5.822749999999999870e-01 2.348632999999999971e+00
2.795409999999999839e-01 1.502685999999999966e+00 5.834960000000000147e-01 2.351074000000000108e+00
2.844240000000000101e-01 1.503905999999999965e+00 5.847170000000000423e-01 2.358398000000000216e+00
2.893069999999999808e-01 1.508788999999999936e+00 5.847170000000000423e-01 2.358398000000000216e+00
2.978520000000000056e-01 1.510010000000000074e+00 5.847170000000000423e-01 2.358398000000000216e+00
3.015140000000000042e-01 1.510010000000000074e+00 5.847170000000000423e-01 2.360840000000000050e+00
3.076169999999999738e-01 1.512450999999999990e+00 5.859379999999999589e-01 2.368164000000000158e+00
3.112789999999999724e-01 1.517333999999999961e+00 5.871579999999999577e-01 2.368164000000000158e+00
3.149410000000000265e-01 1.518555000000000099e+00 5.871579999999999577e-01 2.368164000000000158e+00
3.198239999999999972e-01 1.519775000000000098e+00 5.908200000000000118e-01 2.371825999999999990e+00
3.234859999999999958e-01 1.522216999999999931e+00 5.908200000000000118e-01 2.377930000000000099e+00
3.283690000000000220e-01 1.519775000000000098e+00 5.883789999999999853e-01 2.377930000000000099e+00
3.320310000000000206e-01 1.522216999999999931e+00 5.908200000000000118e-01 2.377930000000000099e+00
3.369139999999999913e-01 1.528319999999999901e+00 5.871579999999999577e-01 2.379150000000000098e+00
3.393550000000000177e-01 1.528319999999999901e+00 5.908200000000000118e-01 2.381591999999999931e+00
3.430179999999999896e-01 1.528319999999999901e+00 5.908200000000000118e-01 2.381591999999999931e+00
3.478999999999999870e-01 1.531981999999999955e+00 5.908200000000000118e-01 2.387694999999999901e+00
3.527830000000000132e-01 1.538086000000000064e+00 5.908200000000000118e-01 2.388916000000000039e+00
3.576659999999999839e-01 1.538086000000000064e+00 5.920410000000000394e-01 2.391357000000000177e+00
3.662110000000000087e-01 1.538086000000000064e+00 5.944819999999999549e-01 2.398681999999999981e+00
3.723139999999999783e-01 1.542969000000000035e+00 5.957029999999999825e-01 2.397460999999999842e+00
3.796390000000000042e-01 1.547852000000000006e+00 5.969240000000000101e-01 2.401123000000000118e+00
3.869630000000000014e-01 1.547852000000000006e+00 6.005859999999999532e-01 2.407226999999999784e+00
3.955080000000000262e-01 1.549072000000000005e+00 6.005859999999999532e-01 2.407226999999999784e+00
4.040529999999999955e-01 1.557617000000000029e+00 6.018069999999999808e-01 2.416992000000000029e+00
4.138180000000000192e-01 1.558837999999999946e+00 6.042480000000000073e-01 2.416992000000000029e+00
4.211429999999999896e-01 1.561279000000000083e+00 6.054690000000000349e-01 2.426757999999999971e+00
4.296880000000000144e-01 1.564940999999999915e+00 6.066890000000000338e-01 2.426757999999999971e+00
4.382320000000000104e-01 1.567382999999999971e+00 6.103520000000000056e-01 2.430419999999999803e+00
4.467769999999999797e-01 1.571045000000000025e+00 6.103520000000000056e-01 2.436523000000000216e+00
4.553220000000000045e-01 1.577147999999999994e+00 6.115720000000000045e-01 2.441406000000000187e+00
4.650880000000000014e-01 1.578368999999999911e+00 6.115720000000000045e-01 2.446289000000000158e+00
4.736330000000000262e-01 1.586913999999999936e+00 6.115720000000000045e-01 2.448729999999999851e+00
4.833979999999999944e-01 1.586913999999999936e+00 6.152339999999999476e-01 2.456055000000000099e+00
4.895019999999999927e-01 1.589355000000000073e+00 6.164549999999999752e-01 2.459716999999999931e+00
4.980470000000000175e-01 1.596680000000000099e+00 6.201170000000000293e-01 2.465819999999999901e+00
5.078129999999999589e-01 1.596680000000000099e+00 6.201170000000000293e-01 2.467041000000000039e+00
5.187990000000000101e-01 1.606444999999999901e+00 6.225589999999999735e-01 2.475585999999999842e+00
5.322270000000000056e-01 1.606444999999999901e+00 6.250000000000000000e-01 2.485351999999999784e+00
5.456539999999999724e-01 1.616211000000000064e+00 6.311039999999999983e-01 2.489014000000000060e+00
5.615229999999999944e-01 1.618651999999999980e+00 6.347660000000000524e-01 2.496338000000000168e+00
5.749509999999999899e-01 1.625977000000000006e+00 6.396479999999999944e-01 2.514648000000000216e+00
5.749509999999999899e-01 1.625977000000000006e+00 6.396479999999999944e-01 2.514648000000000216e+00
5.908200000000000118e-01 1.635742000000000029e+00 6.433109999999999662e-01 2.514648000000000216e+00
6.103520000000000056e-01 1.640625000000000000e+00 6.494140000000000468e-01 2.529297000000000128e+00
6.250000000000000000e-01 1.649170000000000025e+00 6.506349999999999634e-01 2.535400000000000098e+00
6.420900000000000496e-01 1.656493999999999911e+00 6.567380000000000440e-01 2.543944999999999901e+00
6.603999999999999870e-01 1.665038999999999936e+00 6.616210000000000147e-01 2.553710999999999842e+00
6.787109999999999532e-01 1.676025000000000098e+00 6.640629999999999589e-01 2.563476999999999784e+00
6.982420000000000293e-01 1.684569999999999901e+00 6.701660000000000394e-01 2.575683999999999862e+00
7.141110000000000513e-01 1.694336000000000064e+00 6.750490000000000101e-01 2.586669999999999803e+00
7.373049999999999882e-01 1.704102000000000006e+00 6.799319999999999808e-01 2.602539000000000158e+00
7.568359999999999532e-01 1.716309000000000085e+00 6.848140000000000338e-01 2.612305000000000099e+00
7.775879999999999459e-01 1.726074000000000108e+00 6.921389999999999487e-01 2.622069999999999901e+00
8.007809999999999651e-01 1.738280999999999965e+00 6.994629999999999459e-01 2.634276999999999980e+00
8.251950000000000118e-01 1.754150000000000098e+00 7.080079999999999707e-01 2.651367000000000029e+00
8.459470000000000045e-01 1.763916000000000039e+00 7.128910000000000524e-01 2.661132999999999971e+00
8.740229999999999944e-01 1.783447000000000005e+00 7.189940000000000220e-01 2.674561000000000188e+00
8.947749999999999870e-01 1.796875000000000000e+00 7.275390000000000468e-01 2.695313000000000070e+00
9.179690000000000349e-01 1.811522999999999994e+00 7.348630000000000440e-01 2.709960999999999842e+00
9.423829999999999707e-01 1.824950999999999990e+00 7.409670000000000423e-01 2.719726999999999784e+00
9.716799999999999882e-01 1.840819999999999901e+00 7.482910000000000394e-01 2.739257999999999971e+00
9.912109999999999532e-01 1.854247999999999896e+00 7.568359999999999532e-01 2.750243999999999911e+00
1.011962999999999946e+00 1.870117000000000029e+00 7.617190000000000349e-01 2.762450999999999990e+00
1.036377000000000104e+00 1.879882999999999971e+00 7.690430000000000321e-01 2.779541000000000039e+00
1.059569999999999901e+00 1.893310999999999966e+00 7.763670000000000293e-01 2.797851999999999784e+00
1.080322000000000005e+00 1.910400000000000098e+00 7.812500000000000000e-01 2.807617000000000029e+00
1.099854000000000109e+00 1.921386999999999956e+00 7.861329999999999707e-01 2.821044999999999803e+00
1.118163999999999936e+00 1.938477000000000006e+00 7.861329999999999707e-01 2.838134999999999852e+00
1.130371000000000015e+00 1.948242000000000029e+00 7.861329999999999707e-01 2.847900000000000098e+00
1.138916000000000039e+00 1.958007999999999971e+00 7.861329999999999707e-01 2.856444999999999901e+00
1.147461000000000064e+00 1.960449000000000108e+00 7.861329999999999707e-01 2.875976999999999784e+00
1.157227000000000006e+00 1.968993999999999911e+00 7.824710000000000276e-01 2.875976999999999784e+00
1.158447000000000005e+00 1.972655999999999965e+00 7.800289999999999724e-01 2.879639000000000060e+00
1.158447000000000005e+00 1.972655999999999965e+00 7.800289999999999724e-01 2.879639000000000060e+00
1.162109000000000059e+00 1.977538999999999936e+00 7.763670000000000293e-01 2.888183999999999862e+00
1.166992000000000029e+00 1.979980000000000073e+00 7.763670000000000293e-01 2.895507999999999971e+00
1.166992000000000029e+00 1.987305000000000099e+00 7.678220000000000045e-01 2.896729000000000109e+00
1.166992000000000029e+00 1.987305000000000099e+00 7.678220000000000045e-01 2.897949000000000108e+00
1.168212999999999946e+00 1.990966999999999931e+00 7.678220000000000045e-01 2.905273000000000216e+00
1.171875000000000000e+00 1.997069999999999901e+00 7.727049999999999752e-01 2.905273000000000216e+00
1.182860999999999940e+00 2.000732000000000177e+00 7.812500000000000000e-01 2.915039000000000158e+00
1.196288999999999936e+00 2.016601999999999784e+00 7.958979999999999944e-01 2.916259999999999852e+00
1.220703000000000094e+00 2.026367000000000029e+00 8.154299999999999882e-01 2.924805000000000099e+00
1.254882999999999971e+00 2.045898000000000216e+00 8.361819999999999808e-01 2.944335999999999842e+00
1.293944999999999901e+00 2.065430000000000099e+00 8.605960000000000276e-01 2.957764000000000060e+00
1.333007999999999971e+00 2.088623000000000118e+00 8.776859999999999662e-01 2.976074000000000108e+00
1.365966999999999931e+00 2.109375000000000000e+00 8.935549999999999882e-01 2.996825999999999990e+00
1.396484000000000059e+00 2.133789000000000158e+00 9.033200000000000118e-01 3.016357000000000177e+00
1.425780999999999965e+00 2.147216999999999931e+00 9.094240000000000101e-01 3.033446999999999782e+00
1.450194999999999901e+00 2.172851999999999784e+00 9.228520000000000056e-01 3.051757999999999971e+00
1.479492000000000029e+00 2.185058999999999862e+00 9.338379999999999459e-01 3.071289000000000158e+00
1.508788999999999936e+00 2.213134999999999852e+00 9.521479999999999944e-01 3.090819999999999901e+00
1.540526999999999980e+00 2.231444999999999901e+00 9.753420000000000423e-01 3.110351999999999784e+00
1.586913999999999936e+00 2.254639000000000060e+00 1.004639000000000060e+00 3.131104000000000109e+00
1.635742000000000029e+00 2.285156000000000187e+00 1.042480000000000073e+00 3.159180000000000099e+00
1.694336000000000064e+00 2.319335999999999842e+00 1.080322000000000005e+00 3.188476999999999784e+00
1.744385000000000074e+00 2.352294999999999803e+00 1.112060999999999966e+00 3.217773000000000216e+00
1.795654000000000083e+00 2.387694999999999901e+00 1.137694999999999901e+00 3.247069999999999901e+00
1.832275000000000098e+00 2.421875000000000000e+00 1.152344000000000035e+00 3.276367000000000029e+00
1.870117000000000029e+00 2.446289000000000158e+00 1.163329999999999975e+00 3.297118999999999911e+00
1.890868999999999911e+00 2.467041000000000039e+00 1.168212999999999946e+00 3.319091999999999931e+00
1.910400000000000098e+00 2.486571999999999782e+00 1.171875000000000000e+00 3.344726999999999784e+00
1.928711000000000064e+00 2.504882999999999971e+00 1.166992000000000029e+00 3.354492000000000029e+00
1.938477000000000006e+00 2.519531000000000187e+00 1.162109000000000059e+00 3.366699000000000108e+00
1.938477000000000006e+00 2.534180000000000099e+00 1.157227000000000006e+00 3.375243999999999911e+00
1.942139000000000060e+00 2.543944999999999901e+00 1.147461000000000064e+00 3.383789000000000158e+00
1.948242000000000029e+00 2.545166000000000039e+00 1.138916000000000039e+00 3.393555000000000099e+00
1.949462999999999946e+00 2.553710999999999842e+00 1.127930000000000099e+00 3.395995999999999793e+00
1.942139000000000060e+00 2.553710999999999842e+00 1.118163999999999936e+00 3.403319999999999901e+00
1.938477000000000006e+00 2.558593999999999813e+00 1.108397999999999994e+00 3.403319999999999901e+00
1.938477000000000006e+00 2.563476999999999784e+00 1.098632999999999971e+00 3.397216999999999931e+00
1.928711000000000064e+00 2.557373000000000118e+00 1.085204999999999975e+00 3.405762000000000178e+00
1.918944999999999901e+00 2.563476999999999784e+00 1.070556999999999981e+00 3.403319999999999901e+00
1.903075999999999990e+00 2.553710999999999842e+00 1.051025000000000098e+00 3.403319999999999901e+00
1.890868999999999911e+00 2.547607000000000177e+00 1.033935999999999966e+00 3.403319999999999901e+00
1.879882999999999971e+00 2.543944999999999901e+00 1.015625000000000000e+00 3.403319999999999901e+00
1.864014000000000060e+00 2.535400000000000098e+00 1.000977000000000006e+00 3.393555000000000099e+00
1.850586000000000064e+00 2.534180000000000099e+00 9.826660000000000394e-01 3.387450999999999990e+00
1.831055000000000099e+00 2.524414000000000158e+00 9.716799999999999882e-01 3.385009999999999852e+00
1.815185999999999966e+00 2.514648000000000216e+00 9.582519999999999927e-01 3.383789000000000158e+00
1.801757999999999971e+00 2.508544999999999803e+00 9.448239999999999972e-01 3.374023000000000216e+00
1.784667999999999921e+00 2.498778999999999861e+00 9.338379999999999459e-01 3.365479000000000109e+00
1.772461000000000064e+00 2.495117000000000029e+00 9.240720000000000045e-01 3.364257999999999971e+00
1.754150000000000098e+00 2.485351999999999784e+00 9.130859999999999532e-01 3.354492000000000029e+00
1.743163999999999936e+00 2.476806999999999981e+00 9.033200000000000118e-01 3.354492000000000029e+00
1.726074000000000108e+00 2.467041000000000039e+00 8.898930000000000451e-01 3.338623000000000118e+00
1.707764000000000060e+00 2.465819999999999901e+00 8.776859999999999662e-01 3.334960999999999842e+00
1.694336000000000064e+00 2.456055000000000099e+00 8.654789999999999983e-01 3.326416000000000039e+00
1.674805000000000099e+00 2.446289000000000158e+00 8.557129999999999459e-01 3.325194999999999901e+00
1.656493999999999911e+00 2.436523000000000216e+00 8.459470000000000045e-01 3.315430000000000099e+00
1.639404000000000083e+00 2.426757999999999971e+00 8.361819999999999808e-01 3.308104999999999851e+00
1.621094000000000035e+00 2.416992000000000029e+00 8.264160000000000394e-01 3.298340000000000050e+00
1.606444999999999901e+00 2.407226999999999784e+00 8.190920000000000423e-01 3.288574000000000108e+00
1.586913999999999936e+00 2.398681999999999981e+00 8.093259999999999899e-01 3.286132999999999971e+00
1.571045000000000025e+00 2.387694999999999901e+00 8.020019999999999927e-01 3.276367000000000029e+00
1.557617000000000029e+00 2.377930000000000099e+00 7.958979999999999944e-01 3.266601999999999784e+00
1.538086000000000064e+00 2.369384999999999852e+00 7.873539999999999983e-01 3.256835999999999842e+00
1.520996000000000015e+00 2.360840000000000050e+00 7.812500000000000000e-01 3.249512000000000178e+00
1.502685999999999966e+00 2.351074000000000108e+00 7.763670000000000293e-01 3.247069999999999901e+00
1.485595999999999917e+00 2.338867000000000029e+00 7.690430000000000321e-01 3.237305000000000099e+00
1.469727000000000006e+00 2.330321999999999782e+00 7.629390000000000338e-01 3.227539000000000158e+00
1.450194999999999901e+00 2.319335999999999842e+00 7.580569999999999808e-01 3.217773000000000216e+00
1.430663999999999936e+00 2.310791000000000039e+00 7.519529999999999825e-01 3.211669999999999803e+00
1.414795000000000025e+00 2.302245999999999793e+00 7.470700000000000118e-01 3.208007999999999971e+00
1.401367000000000029e+00 2.291259999999999852e+00 7.434079999999999577e-01 3.198242000000000029e+00
1.384276999999999980e+00 2.290039000000000158e+00 7.385249999999999870e-01 3.189696999999999782e+00
1.372069999999999901e+00 2.280273000000000216e+00 7.373049999999999882e-01 3.181151999999999980e+00
1.356200999999999990e+00 2.270507999999999971e+00 7.336430000000000451e-01 3.179931999999999981e+00
1.342772999999999994e+00 2.265625000000000000e+00 7.324220000000000175e-01 3.168944999999999901e+00
1.333007999999999971e+00 2.260742000000000029e+00 7.299799999999999622e-01 3.164063000000000070e+00
1.323242000000000029e+00 2.250976999999999784e+00 7.287599999999999634e-01 3.159180000000000099e+00
1.308594000000000035e+00 2.244873000000000118e+00 7.287599999999999634e-01 3.150634999999999852e+00
1.300049000000000010e+00 2.242431999999999981e+00 7.275390000000000468e-01 3.149414000000000158e+00
1.293944999999999901e+00 2.231444999999999901e+00 7.275390000000000468e-01 3.139648000000000216e+00
1.279296999999999906e+00 2.226563000000000070e+00 7.275390000000000468e-01 3.133544999999999803e+00
1.268310999999999966e+00 2.221680000000000099e+00 7.238769999999999927e-01 3.129882999999999971e+00
1.258545000000000025e+00 2.214354999999999851e+00 7.226559999999999651e-01 3.132324000000000108e+00
1.250000000000000000e+00 2.211914000000000158e+00 7.214359999999999662e-01 3.120117000000000029e+00
1.245117000000000029e+00 2.203368999999999911e+00 7.214359999999999662e-01 3.114014000000000060e+00
1.235352000000000006e+00 2.202148000000000216e+00 7.214359999999999662e-01 3.110351999999999784e+00
1.225586000000000064e+00 2.196044999999999803e+00 7.214359999999999662e-01 3.110351999999999784e+00
1.217041000000000039e+00 2.192382999999999971e+00 7.189940000000000220e-01 3.100585999999999842e+00
1.210938000000000070e+00 2.187500000000000000e+00 7.189940000000000220e-01 3.100585999999999842e+00
1.206055000000000099e+00 2.182617000000000029e+00 7.189940000000000220e-01 3.100585999999999842e+00
1.196288999999999936e+00 2.182617000000000029e+00 7.189940000000000220e-01 3.090819999999999901e+00
1.186522999999999994e+00 2.174071999999999782e+00 7.177729999999999944e-01 3.090819999999999901e+00
1.177979000000000109e+00 2.172851999999999784e+00 7.141110000000000513e-01 3.084716999999999931e+00
1.171875000000000000e+00 2.167968999999999813e+00 7.128910000000000524e-01 3.081055000000000099e+00
1.160889000000000060e+00 2.163085999999999842e+00 7.128910000000000524e-01 3.081055000000000099e+00
1.152344000000000035e+00 2.156982000000000177e+00 7.080079999999999707e-01 3.073729999999999851e+00
1.147461000000000064e+00 2.153319999999999901e+00 7.080079999999999707e-01 3.071289000000000158e+00
1.137694999999999901e+00 2.153319999999999901e+00 7.043460000000000276e-01 3.071289000000000158e+00
1.127930000000000099e+00 2.144775000000000098e+00 7.031250000000000000e-01 3.061523000000000216e+00
1.113280999999999965e+00 2.143555000000000099e+00 6.994629999999999459e-01 3.061523000000000216e+00
1.104735999999999940e+00 2.135009999999999852e+00 6.982420000000000293e-01 3.056640999999999941e+00
1.094970999999999917e+00 2.133789000000000158e+00 6.982420000000000293e-01 3.050536999999999832e+00
1.085204999999999975e+00 2.126465000000000050e+00 6.921389999999999487e-01 3.051757999999999971e+00
1.079102000000000006e+00 2.124023000000000216e+00 6.896970000000000045e-01 3.041992000000000029e+00
1.069336000000000064e+00 2.115479000000000109e+00 6.884770000000000056e-01 3.046875000000000000e+00
1.059569999999999901e+00 2.114257999999999971e+00 6.848140000000000338e-01 3.032226999999999784e+00
1.049805000000000099e+00 2.109375000000000000e+00 6.835940000000000349e-01 3.034667999999999921e+00
1.040038999999999936e+00 2.104492000000000029e+00 6.799319999999999808e-01 3.026123000000000118e+00
1.030272999999999994e+00 2.097167999999999921e+00 6.799319999999999808e-01 3.022460999999999842e+00
1.021729000000000109e+00 2.094726999999999784e+00 6.787109999999999532e-01 3.022460999999999842e+00
1.015625000000000000e+00 2.089843999999999813e+00 6.799319999999999808e-01 3.012694999999999901e+00
1.010742000000000029e+00 2.084960999999999842e+00 6.787109999999999532e-01 3.012694999999999901e+00
1.002197000000000005e+00 2.084960999999999842e+00 6.799319999999999808e-01 3.006591999999999931e+00
9.960940000000000349e-01 2.077637000000000178e+00 6.787109999999999532e-01 3.004150000000000098e+00
9.912109999999999532e-01 2.075194999999999901e+00 6.787109999999999532e-01 3.002930000000000099e+00
9.826660000000000394e-01 2.075194999999999901e+00 6.750490000000000101e-01 2.996825999999999990e+00
9.814450000000000118e-01 2.069091999999999931e+00 6.750490000000000101e-01 2.994384999999999852e+00
9.716799999999999882e-01 2.065430000000000099e+00 6.750490000000000101e-01 2.994384999999999852e+00
9.667970000000000175e-01 2.065430000000000099e+00 6.726069999999999549e-01 2.993164000000000158e+00
9.582519999999999927e-01 2.059325999999999990e+00 6.701660000000000394e-01 2.985840000000000050e+00
9.521479999999999944e-01 2.055664000000000158e+00 6.701660000000000394e-01 2.983398000000000216e+00
9.436039999999999983e-01 2.055664000000000158e+00 6.689450000000000118e-01 2.983398000000000216e+00
9.387210000000000276e-01 2.045898000000000216e+00 6.689450000000000118e-01 2.974854000000000109e+00
9.326170000000000293e-01 2.045898000000000216e+00 6.689450000000000118e-01 2.973632999999999971e+00
9.240720000000000045e-01 2.039794999999999803e+00 6.640629999999999589e-01 2.973632999999999971e+00
9.179690000000000349e-01 2.036132999999999971e+00 6.628420000000000423e-01 2.965088000000000168e+00
9.130859999999999532e-01 2.036132999999999971e+00 6.628420000000000423e-01 2.963867000000000029e+00
9.094240000000000101e-01 2.031250000000000000e+00 6.616210000000000147e-01 2.963867000000000029e+00
9.033200000000000118e-01 2.031250000000000000e+00 6.628420000000000423e-01 2.957764000000000060e+00
8.984379999999999589e-01 2.026367000000000029e+00 6.603999999999999870e-01 2.954101999999999784e+00
8.947749999999999870e-01 2.026367000000000029e+00 6.616210000000000147e-01 2.954101999999999784e+00
8.935549999999999882e-01 2.020264000000000060e+00 6.616210000000000147e-01 2.949218999999999813e+00
8.886720000000000175e-01 2.016601999999999784e+00 6.628420000000000423e-01 2.949218999999999813e+00
8.862299999999999622e-01 2.016601999999999784e+00 6.652829999999999577e-01 2.947998000000000118e+00
8.850099999999999634e-01 2.016601999999999784e+00 6.652829999999999577e-01 2.944335999999999842e+00
8.850099999999999634e-01 2.016601999999999784e+00 6.689450000000000118e-01 2.944335999999999842e+00
8.850099999999999634e-01 2.016601999999999784e+00 6.689450000000000118e-01 2.944335999999999842e+00
8.874509999999999899e-01 2.016601999999999784e+00 6.713869999999999560e-01 2.949218999999999813e+00
8.898930000000000451e-01 2.016601999999999784e+00 6.750490000000000101e-01 2.944335999999999842e+00
8.935549999999999882e-01 2.016601999999999784e+00 6.750490000000000101e-01 2.944335999999999842e+00
8.947749999999999870e-01 2.011718999999999813e+00 6.750490000000000101e-01 2.944335999999999842e+00
8.972170000000000423e-01 2.016601999999999784e+00 6.787109999999999532e-01 2.949218999999999813e+00
8.984379999999999589e-01 2.016601999999999784e+00 6.799319999999999808e-01 2.944335999999999842e+00
9.033200000000000118e-01 2.016601999999999784e+00 6.787109999999999532e-01 2.944335999999999842e+00
9.033200000000000118e-01 2.016601999999999784e+00 6.799319999999999808e-01 2.944335999999999842e+00
9.033200000000000118e-01 2.014159999999999950e+00 6.799319999999999808e-01 2.944335999999999842e+00
9.033200000000000118e-01 2.012938999999999812e+00 6.811519999999999797e-01 2.944335999999999842e+00
9.033200000000000118e-01 2.016601999999999784e+00 6.799319999999999808e-01 2.944335999999999842e+00
9.033200000000000118e-01 2.016601999999999784e+00 6.799319999999999808e-01 2.944335999999999842e+00
9.033200000000000118e-01 2.010498000000000118e+00 6.787109999999999532e-01 2.944335999999999842e+00
8.984379999999999589e-01 2.011718999999999813e+00 6.787109999999999532e-01 2.938232000000000177e+00
8.972170000000000423e-01 2.008056999999999981e+00 6.750490000000000101e-01 2.944335999999999842e+00
8.935549999999999882e-01 2.006835999999999842e+00 6.701660000000000394e-01 2.938232000000000177e+00
8.850099999999999634e-01 2.006835999999999842e+00 6.701660000000000394e-01 2.939452999999999872e+00
8.837890000000000468e-01 1.998291000000000039e+00 6.689450000000000118e-01 2.934569999999999901e+00
8.776859999999999662e-01 1.998291000000000039e+00 6.652829999999999577e-01 2.934569999999999901e+00
8.740229999999999944e-01 1.997069999999999901e+00 6.640629999999999589e-01 2.934569999999999901e+00
8.666989999999999972e-01 1.997069999999999901e+00 6.603999999999999870e-01 2.927245999999999793e+00
8.642579999999999707e-01 1.987305000000000099e+00 6.603999999999999870e-01 2.928466999999999931e+00
8.557129999999999459e-01 1.987305000000000099e+00 6.591799999999999882e-01 2.924805000000000099e+00
8.508299999999999752e-01 1.987305000000000099e+00 6.591799999999999882e-01 2.924805000000000099e+00
8.459470000000000045e-01 1.978760000000000074e+00 6.567380000000000440e-01 2.918700999999999990e+00
8.447270000000000056e-01 1.978760000000000074e+00 6.555180000000000451e-01 2.916259999999999852e+00
8.361819999999999808e-01 1.977538999999999936e+00 6.555180000000000451e-01 2.915039000000000158e+00
8.349609999999999532e-01 1.977538999999999936e+00 6.542970000000000175e-01 2.915039000000000158e+00
8.288569999999999549e-01 1.968993999999999911e+00 6.530759999999999899e-01 2.908936000000000188e+00
8.251950000000000118e-01 1.967772999999999994e+00 6.542970000000000175e-01 2.907715000000000050e+00
8.203129999999999589e-01 1.967772999999999994e+00 6.530759999999999899e-01 2.905273000000000216e+00
8.166499999999999870e-01 1.962890999999999941e+00 6.506349999999999634e-01 2.905273000000000216e+00
8.154299999999999882e-01 1.961670000000000025e+00 6.518549999999999622e-01 2.905273000000000216e+00
8.105470000000000175e-01 1.958007999999999971e+00 6.506349999999999634e-01 2.897949000000000108e+00
8.056640000000000468e-01 1.958007999999999971e+00 6.506349999999999634e-01 2.895507999999999971e+00
8.020019999999999927e-01 1.958007999999999971e+00 6.494140000000000468e-01 2.895507999999999971e+00
7.995609999999999662e-01 1.953125000000000000e+00 6.494140000000000468e-01 2.895507999999999971e+00
7.971190000000000220e-01 1.949462999999999946e+00 6.494140000000000468e-01 2.895507999999999971e+00
7.922360000000000513e-01 1.948242000000000029e+00 6.494140000000000468e-01 2.886963000000000168e+00
7.873539999999999983e-01 1.942139000000000060e+00 6.494140000000000468e-01 2.885742000000000029e+00
7.861329999999999707e-01 1.940917999999999921e+00 6.457519999999999927e-01 2.885742000000000029e+00
7.812500000000000000e-01 1.939697000000000005e+00 6.445309999999999651e-01 2.885742000000000029e+00
7.775879999999999459e-01 1.938477000000000006e+00 6.433109999999999662e-01 2.878417999999999921e+00
7.763670000000000293e-01 1.938477000000000006e+00 6.445309999999999651e-01 2.875976999999999784e+00
7.727049999999999752e-01 1.933594000000000035e+00 6.445309999999999651e-01 2.875976999999999784e+00
7.666020000000000056e-01 1.931151999999999980e+00 6.445309999999999651e-01 2.875976999999999784e+00
7.629390000000000338e-01 1.929931999999999981e+00 6.445309999999999651e-01 2.875976999999999784e+00
7.580569999999999808e-01 1.928711000000000064e+00 6.433109999999999662e-01 2.875976999999999784e+00
7.568359999999999532e-01 1.928711000000000064e+00 6.433109999999999662e-01 2.866210999999999842e+00
7.531740000000000101e-01 1.922606999999999955e+00 6.408690000000000220e-01 2.866210999999999842e+00
7.482910000000000394e-01 1.921386999999999956e+00 6.408690000000000220e-01 2.866210999999999842e+00
7.470700000000000118e-01 1.918944999999999901e+00 6.408690000000000220e-01 2.860107000000000177e+00
7.409670000000000423e-01 1.918944999999999901e+00 6.396479999999999944e-01 2.857666000000000039e+00
7.373049999999999882e-01 1.912841999999999931e+00 6.396479999999999944e-01 2.856444999999999901e+00
7.336430000000000451e-01 1.910400000000000098e+00 6.359860000000000513e-01 2.856444999999999901e+00
7.287599999999999634e-01 1.909180000000000099e+00 6.359860000000000513e-01 2.856444999999999901e+00
7.275390000000000468e-01 1.909180000000000099e+00 6.347660000000000524e-01 2.856444999999999901e+00
7.202150000000000496e-01 1.903075999999999990e+00 6.323239999999999972e-01 2.846680000000000099e+00
7.177729999999999944e-01 1.899413999999999936e+00 6.311039999999999983e-01 2.846680000000000099e+00
7.141110000000000513e-01 1.899413999999999936e+00 6.311039999999999983e-01 2.840575999999999990e+00
7.092289999999999983e-01 1.899413999999999936e+00 6.311039999999999983e-01 2.840575999999999990e+00
7.043460000000000276e-01 1.890868999999999911e+00 6.298829999999999707e-01 2.836914000000000158e+00
7.031250000000000000e-01 1.889647999999999994e+00 6.298829999999999707e-01 2.841797000000000128e+00
7.006839999999999735e-01 1.889647999999999994e+00 6.311039999999999983e-01 2.836914000000000158e+00
6.994629999999999459e-01 1.887207000000000079e+00 6.298829999999999707e-01 2.836914000000000158e+00
6.982420000000000293e-01 1.884765999999999941e+00 6.298829999999999707e-01 2.838134999999999852e+00
6.945799999999999752e-01 1.881104000000000109e+00 6.298829999999999707e-01 2.829590000000000050e+00
6.909180000000000321e-01 1.879882999999999971e+00 6.298829999999999707e-01 2.827148000000000216e+00
6.884770000000000056e-01 1.876220999999999917e+00 6.262210000000000276e-01 2.821044999999999803e+00
6.884770000000000056e-01 1.875000000000000000e+00 6.274410000000000265e-01 2.827148000000000216e+00
6.823730000000000073e-01 1.872559000000000085e+00 6.262210000000000276e-01 2.819824000000000108e+00
6.799319999999999808e-01 1.870117000000000029e+00 6.250000000000000000e-01 2.818604000000000109e+00
6.750490000000000101e-01 1.870117000000000029e+00 6.237789999999999724e-01 2.817382999999999971e+00
6.701660000000000394e-01 1.865234000000000059e+00 6.237789999999999724e-01 2.817382999999999971e+00
6.689450000000000118e-01 1.862792999999999921e+00 6.213379999999999459e-01 2.817382999999999971e+00
6.652829999999999577e-01 1.861572000000000005e+00 6.237789999999999724e-01 2.814941000000000138e+00
6.640629999999999589e-01 1.861572000000000005e+00 6.237789999999999724e-01 2.808838000000000168e+00
6.628420000000000423e-01 1.860352000000000006e+00 6.237789999999999724e-01 2.808838000000000168e+00
6.640629999999999589e-01 1.860352000000000006e+00 6.262210000000000276e-01 2.808838000000000168e+00
6.726069999999999549e-01 1.860352000000000006e+00 6.335450000000000248e-01 2.807617000000000029e+00
6.787109999999999532e-01 1.860352000000000006e+00 6.359860000000000513e-01 2.808838000000000168e+00
6.848140000000000338e-01 1.860352000000000006e+00 6.396479999999999944e-01 2.807617000000000029e+00
6.909180000000000321e-01 1.862792999999999921e+00 6.408690000000000220e-01 2.810058999999999862e+00
6.994629999999999459e-01 1.870117000000000029e+00 6.457519999999999927e-01 2.817382999999999971e+00
7.080079999999999707e-01 1.870117000000000029e+00 6.494140000000000468e-01 2.817382999999999971e+00
7.189940000000000220e-01 1.871337999999999946e+00 6.542970000000000175e-01 2.817382999999999971e+00
7.421879999999999589e-01 1.882324000000000108e+00 6.628420000000000423e-01 2.832031000000000187e+00
7.568359999999999532e-01 1.883545000000000025e+00 6.689450000000000118e-01 2.836914000000000158e+00
7.727049999999999752e-01 1.889647999999999994e+00 6.738279999999999825e-01 2.836914000000000158e+00
7.897950000000000248e-01 1.899413999999999936e+00 6.799319999999999808e-01 2.840575999999999990e+00
8.093259999999999899e-01 1.904296999999999906e+00 6.884770000000000056e-01 2.847900000000000098e+00
8.288569999999999549e-01 1.911621000000000015e+00 6.958010000000000028e-01 2.857666000000000039e+00
8.544920000000000293e-01 1.920166000000000039e+00 7.031250000000000000e-01 2.867431999999999981e+00
8.764650000000000496e-01 1.933594000000000035e+00 7.128910000000000524e-01 2.875976999999999784e+00
9.045410000000000394e-01 1.940917999999999921e+00 7.238769999999999927e-01 2.888183999999999862e+00
9.326170000000000293e-01 1.959229000000000109e+00 7.336430000000000451e-01 2.897949000000000108e+00
9.619140000000000468e-01 1.967772999999999994e+00 7.434079999999999577e-01 2.915039000000000158e+00
9.863279999999999825e-01 1.981200999999999990e+00 7.507319999999999549e-01 2.924805000000000099e+00
1.011962999999999946e+00 1.992188000000000070e+00 7.568359999999999532e-01 2.934569999999999901e+00
1.033935999999999966e+00 2.001952999999999872e+00 7.629390000000000338e-01 2.954101999999999784e+00
1.059569999999999901e+00 2.016601999999999784e+00 7.678220000000000045e-01 2.963867000000000029e+00
1.079102000000000006e+00 2.026367000000000029e+00 7.727049999999999752e-01 2.973632999999999971e+00
1.099854000000000109e+00 2.036132999999999971e+00 7.775879999999999459e-01 2.983398000000000216e+00
1.118163999999999936e+00 2.045898000000000216e+00 7.812500000000000000e-01 2.993164000000000158e+00
1.137694999999999901e+00 2.055664000000000158e+00 7.873539999999999983e-01 3.002930000000000099e+00
1.149901999999999980e+00 2.065430000000000099e+00 7.873539999999999983e-01 3.012694999999999901e+00
1.166992000000000029e+00 2.075194999999999901e+00 7.910160000000000524e-01 3.016357000000000177e+00
1.177979000000000109e+00 2.084960999999999842e+00 7.958979999999999944e-01 3.032226999999999784e+00
1.196288999999999936e+00 2.094726999999999784e+00 8.007809999999999651e-01 3.035889000000000060e+00
1.208496000000000015e+00 2.098389000000000060e+00 8.020019999999999927e-01 3.045653999999999861e+00
1.221924000000000010e+00 2.105713000000000168e+00 8.068849999999999634e-01 3.051757999999999971e+00
1.236572000000000005e+00 2.114257999999999971e+00 8.154299999999999882e-01 3.062743999999999911e+00
1.254882999999999971e+00 2.125243999999999911e+00 8.215329999999999577e-01 3.072509999999999852e+00
1.273193000000000019e+00 2.133789000000000158e+00 8.300779999999999825e-01 3.079833999999999961e+00
1.287841999999999931e+00 2.143555000000000099e+00 8.349609999999999532e-01 3.090819999999999901e+00
1.303711000000000064e+00 2.153319999999999901e+00 8.398440000000000349e-01 3.103026999999999980e+00
1.318359000000000059e+00 2.163085999999999842e+00 8.447270000000000056e-01 3.110351999999999784e+00
1.339110999999999940e+00 2.175292999999999921e+00 8.557129999999999459e-01 3.114014000000000060e+00
1.401367000000000029e+00 2.203368999999999911e+00 8.886720000000000175e-01 3.139648000000000216e+00
1.425780999999999965e+00 2.221680000000000099e+00 8.984379999999999589e-01 3.153075999999999990e+00
1.450194999999999901e+00 2.232666000000000039e+00 9.045410000000000394e-01 3.168944999999999901e+00
1.469727000000000006e+00 2.250976999999999784e+00 9.069819999999999549e-01 3.178710999999999842e+00
1.484375000000000000e+00 2.260742000000000029e+00 9.094240000000000101e-01 3.193359000000000059e+00
1.499022999999999994e+00 2.270507999999999971e+00 9.130859999999999532e-01 3.199463000000000168e+00
1.508788999999999936e+00 2.280273000000000216e+00 9.130859999999999532e-01 3.208007999999999971e+00
1.518555000000000099e+00 2.285156000000000187e+00 9.130859999999999532e-01 3.217773000000000216e+00
1.529541000000000039e+00 2.299805000000000099e+00 9.179690000000000349e-01 3.227539000000000158e+00
1.550292999999999921e+00 2.309569999999999901e+00 9.362789999999999724e-01 3.227539000000000158e+00
1.577147999999999994e+00 2.329101999999999784e+00 9.619140000000000468e-01 3.240966999999999931e+00
1.616211000000000064e+00 2.343750000000000000e+00 9.912109999999999532e-01 3.258056999999999981e+00
1.656493999999999911e+00 2.368164000000000158e+00 1.020507999999999971e+00 3.276367000000000029e+00
1.704102000000000006e+00 2.397460999999999842e+00 1.049805000000000099e+00 3.297118999999999911e+00
1.743163999999999936e+00 2.421875000000000000e+00 1.065674000000000010e+00 3.319091999999999931e+00
1.766356999999999955e+00 2.441406000000000187e+00 1.072997999999999896e+00 3.337401999999999980e+00
1.791992000000000029e+00 2.458495999999999793e+00 1.074219000000000035e+00 3.359375000000000000e+00
1.801757999999999971e+00 2.470702999999999872e+00 1.069336000000000064e+00 3.366699000000000108e+00
1.811522999999999994e+00 2.480468999999999813e+00 1.059569999999999901e+00 3.383789000000000158e+00
1.816405999999999965e+00 2.486571999999999782e+00 1.051025000000000098e+00 3.387450999999999990e+00
1.816405999999999965e+00 2.495117000000000029e+00 1.042480000000000073e+00 3.393555000000000099e+00
1.813965000000000050e+00 2.495117000000000029e+00 1.035155999999999965e+00 3.393555000000000099e+00
1.812743999999999911e+00 2.498778999999999861e+00 1.030272999999999994e+00 3.397216999999999931e+00
1.812743999999999911e+00 2.504882999999999971e+00 1.020507999999999971e+00 3.403319999999999901e+00
1.805420000000000025e+00 2.504882999999999971e+00 1.010742000000000029e+00 3.397216999999999931e+00
1.801757999999999971e+00 2.497558999999999862e+00 9.960940000000000349e-01 3.403319999999999901e+00
1.791992000000000029e+00 2.496338000000000168e+00 9.851069999999999549e-01 3.394775000000000098e+00
1.782227000000000006e+00 2.495117000000000029e+00 9.753420000000000423e-01 3.393555000000000099e+00
1.772461000000000064e+00 2.495117000000000029e+00 9.619140000000000468e-01 3.394775000000000098e+00
1.754150000000000098e+00 2.485351999999999784e+00 9.472660000000000524e-01 3.387450999999999990e+00
1.743163999999999936e+00 2.486571999999999782e+00 9.375000000000000000e-01 3.385009999999999852e+00
1.733397999999999994e+00 2.476806999999999981e+00 9.277339999999999476e-01 3.383789000000000158e+00
1.723632999999999971e+00 2.475585999999999842e+00 9.228520000000000056e-01 3.374023000000000216e+00
1.705322000000000005e+00 2.465819999999999901e+00 9.130859999999999532e-01 3.374023000000000216e+00
1.694336000000000064e+00 2.459716999999999931e+00 9.033200000000000118e-01 3.364257999999999971e+00
1.678466999999999931e+00 2.456055000000000099e+00 8.886720000000000175e-01 3.364257999999999971e+00
1.665038999999999936e+00 2.447509999999999852e+00 8.752440000000000220e-01 3.358153999999999861e+00
1.641845999999999917e+00 2.436523000000000216e+00 8.642579999999999707e-01 3.348389000000000060e+00
1.625977000000000006e+00 2.427979000000000109e+00 8.508299999999999752e-01 3.344726999999999784e+00
1.606444999999999901e+00 2.416992000000000029e+00 8.361819999999999808e-01 3.334960999999999842e+00
1.586913999999999936e+00 2.407226999999999784e+00 8.264160000000000394e-01 3.325194999999999901e+00
1.567382999999999971e+00 2.402343999999999813e+00 8.154299999999999882e-01 3.315430000000000099e+00
1.551514000000000060e+00 2.387694999999999901e+00 8.056640000000000468e-01 3.309325999999999990e+00
1.529541000000000039e+00 2.377930000000000099e+00 7.958979999999999944e-01 3.305664000000000158e+00
1.512450999999999990e+00 2.368164000000000158e+00 7.873539999999999983e-01 3.295898000000000216e+00
1.499022999999999994e+00 2.363281000000000187e+00 7.800289999999999724e-01 3.286132999999999971e+00
1.479492000000000029e+00 2.348632999999999971e+00 7.727049999999999752e-01 3.276367000000000029e+00
1.461181999999999981e+00 2.338867000000000029e+00 7.666020000000000056e-01 3.267821999999999782e+00
1.444091999999999931e+00 2.329101999999999784e+00 7.580569999999999808e-01 3.266601999999999784e+00
1.430663999999999936e+00 2.319335999999999842e+00 7.531740000000000101e-01 3.259276999999999980e+00
1.412354000000000109e+00 2.309569999999999901e+00 7.470700000000000118e-01 3.247069999999999901e+00
1.401367000000000029e+00 2.301025000000000098e+00 7.470700000000000118e-01 3.237305000000000099e+00
1.383056999999999981e+00 2.290039000000000158e+00 7.397460000000000147e-01 3.237305000000000099e+00
1.373291000000000039e+00 2.285156000000000187e+00 7.373049999999999882e-01 3.227539000000000158e+00
1.362305000000000099e+00 2.280273000000000216e+00 7.373049999999999882e-01 3.217773000000000216e+00
1.352538999999999936e+00 2.275390999999999941e+00 7.324220000000000175e-01 3.212890999999999941e+00
1.335449000000000108e+00 2.264403999999999861e+00 7.287599999999999634e-01 3.203125000000000000e+00
1.324462999999999946e+00 2.254639000000000060e+00 7.275390000000000468e-01 3.198242000000000029e+00
1.313477000000000006e+00 2.250976999999999784e+00 7.226559999999999651e-01 3.188476999999999784e+00
1.298828000000000094e+00 2.244873000000000118e+00 7.189940000000000220e-01 3.181151999999999980e+00
1.285400000000000098e+00 2.235107000000000177e+00 7.141110000000000513e-01 3.178710999999999842e+00
1.274413999999999936e+00 2.225341999999999931e+00 7.116700000000000248e-01 3.170166000000000039e+00
