2.453609999999999958e-01 1.500243999999999911e+00 5.773930000000000451e-01 2.343750000000000000e+00
2.502440000000000220e-01 1.500243999999999911e+00 5.810549999999999882e-01 2.343750000000000000e+00
2.539060000000000206e-01 1.503905999999999965e+00 5.810549999999999882e-01 2.348632999999999971e+00
2.563480000000000203e-01 1.508788999999999936e+00 5.822749999999999870e-01 2.349854000000000109e+00
2.612300000000000177e-01 1.508788999999999936e+00 5.822749999999999870e-01 2.351074000000000108e+00
2.685549999999999882e-01 1.508788999999999936e+00 5.859379999999999589e-01 2.348632999999999971e+00
2.746580000000000132e-01 1.510010000000000074e+00 5.871579999999999577e-01 2.358398000000000216e+00
2.819820000000000104e-01 1.518555000000000099e+00 5.908200000000000118e-01 2.359618999999999911e+00
2.893069999999999808e-01 1.518555000000000099e+00 5.920410000000000394e-01 2.358398000000000216e+00
2.990720000000000045e-01 1.519775000000000098e+00 5.944819999999999549e-01 2.368164000000000158e+00
3.088380000000000014e-01 1.523438000000000070e+00 5.969240000000000101e-01 2.368164000000000158e+00
3.210450000000000248e-01 1.528319999999999901e+00 6.005859999999999532e-01 2.370604999999999851e+00
3.320310000000000206e-01 1.538086000000000064e+00 6.018069999999999808e-01 2.377930000000000099e+00
3.430179999999999896e-01 1.538086000000000064e+00 6.042480000000000073e-01 2.381591999999999931e+00
3.564450000000000118e-01 1.542969000000000035e+00 6.066890000000000338e-01 2.387694999999999901e+00
3.674319999999999808e-01 1.547852000000000006e+00 6.103520000000000056e-01 2.390137000000000178e+00
3.771970000000000045e-01 1.550292999999999921e+00 6.103520000000000056e-01 2.402343999999999813e+00
3.894039999999999724e-01 1.557617000000000029e+00 6.115720000000000045e-01 2.407226999999999784e+00
3.991700000000000248e-01 1.558837999999999946e+00 6.115720000000000045e-01 2.407226999999999784e+00
4.101560000000000206e-01 1.567382999999999971e+00 6.127930000000000321e-01 2.409667999999999921e+00
4.187009999999999899e-01 1.568604000000000109e+00 6.152339999999999476e-01 2.418213000000000168e+00
4.284669999999999868e-01 1.573485999999999940e+00 6.164549999999999752e-01 2.426757999999999971e+00
4.357909999999999839e-01 1.578368999999999911e+00 6.164549999999999752e-01 2.426757999999999971e+00
4.443360000000000087e-01 1.580810999999999966e+00 6.152339999999999476e-01 2.430419999999999803e+00
4.504389999999999783e-01 1.586913999999999936e+00 6.164549999999999752e-01 2.436523000000000216e+00
4.565429999999999766e-01 1.588135000000000074e+00 6.164549999999999752e-01 2.437743999999999911e+00
4.614260000000000028e-01 1.589355000000000073e+00 6.152339999999999476e-01 2.446289000000000158e+00
4.663089999999999735e-01 1.596680000000000099e+00 6.152339999999999476e-01 2.446289000000000158e+00
4.699710000000000276e-01 1.597900000000000098e+00 6.152339999999999476e-01 2.456055000000000099e+00
4.699710000000000276e-01 1.597900000000000098e+00 6.152339999999999476e-01 2.456055000000000099e+00
4.748539999999999983e-01 1.596680000000000099e+00 6.164549999999999752e-01 2.457275000000000098e+00
4.797359999999999958e-01 1.600341999999999931e+00 6.140139999999999487e-01 2.457275000000000098e+00
4.846190000000000220e-01 1.602783000000000069e+00 6.164549999999999752e-01 2.458495999999999793e+00
4.895019999999999927e-01 1.606444999999999901e+00 6.164549999999999752e-01 2.463379000000000207e+00
4.943850000000000189e-01 1.606444999999999901e+00 6.164549999999999752e-01 2.465819999999999901e+00
4.992679999999999896e-01 1.607666000000000039e+00 6.201170000000000293e-01 2.468262000000000178e+00
5.041499999999999870e-01 1.616211000000000064e+00 6.201170000000000293e-01 2.469482000000000177e+00
5.090329999999999577e-01 1.616211000000000064e+00 6.201170000000000293e-01 2.475585999999999842e+00
5.090329999999999577e-01 1.616211000000000064e+00 6.201170000000000293e-01 2.475585999999999842e+00
5.139160000000000394e-01 1.616211000000000064e+00 6.201170000000000293e-01 2.485351999999999784e+00
5.224609999999999532e-01 1.619872999999999896e+00 6.213379999999999459e-01 2.479248000000000118e+00
5.236819999999999808e-01 1.621094000000000035e+00 6.213379999999999459e-01 2.485351999999999784e+00
5.322270000000000056e-01 1.625977000000000006e+00 6.225589999999999735e-01 2.495117000000000029e+00
5.358889999999999487e-01 1.627197000000000005e+00 6.237789999999999724e-01 2.495117000000000029e+00
5.419920000000000293e-01 1.629639000000000060e+00 6.237789999999999724e-01 2.496338000000000168e+00
5.480960000000000276e-01 1.635742000000000029e+00 6.250000000000000000e-01 2.498778999999999861e+00
5.529789999999999983e-01 1.636962999999999946e+00 6.262210000000000276e-01 2.504882999999999971e+00
5.615229999999999944e-01 1.639404000000000083e+00 6.298829999999999707e-01 2.506104000000000109e+00
5.664059999999999651e-01 1.640625000000000000e+00 6.298829999999999707e-01 2.514648000000000216e+00
5.712890000000000468e-01 1.645507999999999971e+00 6.298829999999999707e-01 2.514648000000000216e+00
5.749509999999999899e-01 1.646729000000000109e+00 6.298829999999999707e-01 2.515868999999999911e+00
5.810549999999999882e-01 1.649170000000000025e+00 6.298829999999999707e-01 2.524414000000000158e+00
5.822749999999999870e-01 1.655272999999999994e+00 6.298829999999999707e-01 2.524414000000000158e+00
5.847170000000000423e-01 1.655272999999999994e+00 6.298829999999999707e-01 2.524414000000000158e+00
5.859379999999999589e-01 1.655272999999999994e+00 6.298829999999999707e-01 2.524414000000000158e+00
5.871579999999999577e-01 1.655272999999999994e+00 6.262210000000000276e-01 2.526854999999999851e+00
5.871579999999999577e-01 1.656493999999999911e+00 6.262210000000000276e-01 2.534180000000000099e+00
5.908200000000000118e-01 1.656493999999999911e+00 6.250000000000000000e-01 2.530517999999999823e+00
5.908200000000000118e-01 1.660155999999999965e+00 6.237789999999999724e-01 2.534180000000000099e+00
5.871579999999999577e-01 1.658935999999999966e+00 6.237789999999999724e-01 2.534180000000000099e+00
5.871579999999999577e-01 1.658935999999999966e+00 6.237789999999999724e-01 2.535400000000000098e+00
5.871579999999999577e-01 1.660155999999999965e+00 6.213379999999999459e-01 2.535400000000000098e+00
5.859379999999999589e-01 1.660155999999999965e+00 6.213379999999999459e-01 2.537841999999999931e+00
5.847170000000000423e-01 1.657715000000000050e+00 6.201170000000000293e-01 2.535400000000000098e+00
5.822749999999999870e-01 1.656493999999999911e+00 6.201170000000000293e-01 2.536620999999999793e+00
5.822749999999999870e-01 1.657715000000000050e+00 6.201170000000000293e-01 2.536620999999999793e+00
5.810549999999999882e-01 1.656493999999999911e+00 6.201170000000000293e-01 2.537841999999999931e+00
5.773930000000000451e-01 1.656493999999999911e+00 6.201170000000000293e-01 2.537841999999999931e+00
5.761720000000000175e-01 1.656493999999999911e+00 6.164549999999999752e-01 2.535400000000000098e+00
5.725099999999999634e-01 1.656493999999999911e+00 6.152339999999999476e-01 2.536620999999999793e+00
5.712890000000000468e-01 1.655272999999999994e+00 6.152339999999999476e-01 2.535400000000000098e+00
5.712890000000000468e-01 1.655272999999999994e+00 6.140139999999999487e-01 2.535400000000000098e+00
5.664059999999999651e-01 1.655272999999999994e+00 6.140139999999999487e-01 2.535400000000000098e+00
5.651859999999999662e-01 1.655272999999999994e+00 6.127930000000000321e-01 2.535400000000000098e+00
5.627440000000000220e-01 1.655272999999999994e+00 6.127930000000000321e-01 2.534180000000000099e+00
5.615229999999999944e-01 1.655272999999999994e+00 6.115720000000000045e-01 2.534180000000000099e+00
5.578610000000000513e-01 1.651610999999999940e+00 6.115720000000000045e-01 2.534180000000000099e+00
5.566410000000000524e-01 1.655272999999999994e+00 6.115720000000000045e-01 2.534180000000000099e+00
5.529789999999999983e-01 1.650390999999999941e+00 6.127930000000000321e-01 2.534180000000000099e+00
5.529789999999999983e-01 1.650390999999999941e+00 6.103520000000000056e-01 2.534180000000000099e+00
5.517579999999999707e-01 1.647949000000000108e+00 6.115720000000000045e-01 2.534180000000000099e+00
5.480960000000000276e-01 1.646729000000000109e+00 6.103520000000000056e-01 2.535400000000000098e+00
5.468750000000000000e-01 1.650390999999999941e+00 6.103520000000000056e-01 2.526854999999999851e+00
5.419920000000000293e-01 1.646729000000000109e+00 6.103520000000000056e-01 2.525634999999999852e+00
5.419920000000000293e-01 1.645507999999999971e+00 6.103520000000000056e-01 2.526854999999999851e+00
5.383299999999999752e-01 1.646729000000000109e+00 6.103520000000000056e-01 2.528075999999999990e+00
5.358889999999999487e-01 1.645507999999999971e+00 6.079099999999999504e-01 2.525634999999999852e+00
5.334470000000000045e-01 1.645507999999999971e+00 6.103520000000000056e-01 2.534180000000000099e+00
5.322270000000000056e-01 1.645507999999999971e+00 6.066890000000000338e-01 2.524414000000000158e+00
5.273440000000000349e-01 1.645507999999999971e+00 6.066890000000000338e-01 2.524414000000000158e+00
5.261230000000000073e-01 1.645507999999999971e+00 6.066890000000000338e-01 2.524414000000000158e+00
5.224609999999999532e-01 1.645507999999999971e+00 6.066890000000000338e-01 2.523193000000000019e+00
5.236819999999999808e-01 1.641845999999999917e+00 6.054690000000000349e-01 2.524414000000000158e+00
5.187990000000000101e-01 1.639404000000000083e+00 6.066890000000000338e-01 2.524414000000000158e+00
5.187990000000000101e-01 1.640625000000000000e+00 6.066890000000000338e-01 2.519531000000000187e+00
5.175779999999999825e-01 1.645507999999999971e+00 6.054690000000000349e-01 2.524414000000000158e+00
5.163569999999999549e-01 1.640625000000000000e+00 6.079099999999999504e-01 2.524414000000000158e+00
5.175779999999999825e-01 1.638184000000000085e+00 6.103520000000000056e-01 2.518311000000000188e+00
5.175779999999999825e-01 1.640625000000000000e+00 6.103520000000000056e-01 2.517090000000000050e+00
5.224609999999999532e-01 1.645507999999999971e+00 6.115720000000000045e-01 2.521973000000000020e+00
5.236819999999999808e-01 1.640625000000000000e+00 6.140139999999999487e-01 2.524414000000000158e+00
5.285640000000000338e-01 1.645507999999999971e+00 6.164549999999999752e-01 2.524414000000000158e+00
5.358889999999999487e-01 1.646729000000000109e+00 6.201170000000000293e-01 2.524414000000000158e+00
5.432129999999999459e-01 1.650390999999999941e+00 6.213379999999999459e-01 2.526854999999999851e+00
5.517579999999999707e-01 1.655272999999999994e+00 6.237789999999999724e-01 2.528075999999999990e+00
5.578610000000000513e-01 1.656493999999999911e+00 6.298829999999999707e-01 2.534180000000000099e+00
5.688480000000000203e-01 1.665038999999999936e+00 6.311039999999999983e-01 2.534180000000000099e+00
5.773930000000000451e-01 1.666260000000000074e+00 6.335450000000000248e-01 2.536620999999999793e+00
5.871579999999999577e-01 1.674805000000000099e+00 6.359860000000000513e-01 2.543944999999999901e+00
6.005859999999999532e-01 1.676025000000000098e+00 6.396479999999999944e-01 2.543944999999999901e+00
6.103520000000000056e-01 1.676025000000000098e+00 6.408690000000000220e-01 2.553710999999999842e+00
6.164549999999999752e-01 1.684569999999999901e+00 6.408690000000000220e-01 2.553710999999999842e+00
6.250000000000000000e-01 1.688231999999999955e+00 6.408690000000000220e-01 2.563476999999999784e+00
6.311039999999999983e-01 1.694336000000000064e+00 6.408690000000000220e-01 2.563476999999999784e+00
6.396479999999999944e-01 1.694336000000000064e+00 6.433109999999999662e-01 2.564696999999999782e+00
6.445309999999999651e-01 1.699219000000000035e+00 6.433109999999999662e-01 2.573242000000000029e+00
6.494140000000000468e-01 1.704102000000000006e+00 6.433109999999999662e-01 2.573242000000000029e+00
6.542970000000000175e-01 1.704102000000000006e+00 6.420900000000000496e-01 2.576903999999999861e+00
6.591799999999999882e-01 1.705322000000000005e+00 6.445309999999999651e-01 2.583007999999999971e+00
6.652829999999999577e-01 1.708984000000000059e+00 6.457519999999999927e-01 2.583007999999999971e+00
6.738279999999999825e-01 1.713867000000000029e+00 6.494140000000000468e-01 2.586669999999999803e+00
6.848140000000000338e-01 1.715087999999999946e+00 6.530759999999999899e-01 2.592773000000000216e+00
6.982420000000000293e-01 1.723632999999999971e+00 6.591799999999999882e-01 2.597656000000000187e+00
7.116700000000000248e-01 1.723632999999999971e+00 6.628420000000000423e-01 2.602539000000000158e+00
7.275390000000000468e-01 1.733397999999999994e+00 6.689450000000000118e-01 2.612305000000000099e+00
7.409670000000000423e-01 1.738280999999999965e+00 6.726069999999999549e-01 2.614745999999999793e+00
7.580569999999999808e-01 1.745605000000000073e+00 6.799319999999999808e-01 2.624512000000000178e+00
7.775879999999999459e-01 1.756591999999999931e+00 6.884770000000000056e-01 2.633056999999999981e+00
8.007809999999999651e-01 1.772461000000000064e+00 6.982420000000000293e-01 2.644042999999999921e+00
8.264160000000000394e-01 1.782227000000000006e+00 7.080079999999999707e-01 2.656250000000000000e+00
8.544920000000000293e-01 1.801757999999999971e+00 7.177729999999999944e-01 2.670898000000000216e+00
8.544920000000000293e-01 1.801757999999999971e+00 7.177729999999999944e-01 2.670898000000000216e+00
8.837890000000000468e-01 1.812743999999999911e+00 7.275390000000000468e-01 2.680664000000000158e+00
9.143069999999999808e-01 1.831055000000000099e+00 7.336430000000000451e-01 2.700194999999999901e+00
9.460450000000000248e-01 1.850586000000000064e+00 7.421879999999999589e-01 2.709960999999999842e+00
9.814450000000000118e-01 1.870117000000000029e+00 7.568359999999999532e-01 2.729492000000000029e+00
1.015625000000000000e+00 1.884765999999999941e+00 7.702639999999999487e-01 2.742919999999999803e+00
1.059569999999999901e+00 1.909180000000000099e+00 7.824710000000000276e-01 2.762450999999999990e+00
1.099854000000000109e+00 1.929931999999999981e+00 8.007809999999999651e-01 2.780762000000000178e+00
1.142578000000000094e+00 1.958007999999999971e+00 8.190920000000000423e-01 2.807617000000000029e+00
1.186522999999999994e+00 1.987305000000000099e+00 8.398440000000000349e-01 2.836914000000000158e+00
1.229247999999999896e+00 2.016601999999999784e+00 8.593750000000000000e-01 2.856444999999999901e+00
1.269530999999999965e+00 2.045898000000000216e+00 8.740229999999999944e-01 2.885742000000000029e+00
1.308594000000000035e+00 2.075194999999999901e+00 8.850099999999999634e-01 2.915039000000000158e+00
1.342772999999999994e+00 2.097167999999999921e+00 8.972170000000000423e-01 2.934569999999999901e+00
1.381836000000000064e+00 2.124023000000000216e+00 9.143069999999999808e-01 2.957764000000000060e+00
1.420897999999999994e+00 2.153319999999999901e+00 9.423829999999999707e-01 2.983398000000000216e+00
1.470947000000000005e+00 2.182617000000000029e+00 9.728999999999999870e-01 3.012694999999999901e+00
1.528319999999999901e+00 2.213134999999999852e+00 1.011962999999999946e+00 3.046875000000000000e+00
1.596680000000000099e+00 2.260742000000000029e+00 1.054688000000000070e+00 3.081055000000000099e+00
1.666260000000000074e+00 2.299805000000000099e+00 1.093750000000000000e+00 3.120117000000000029e+00
1.733397999999999994e+00 2.343750000000000000e+00 1.127930000000000099e+00 3.159180000000000099e+00
1.783447000000000005e+00 2.381591999999999931e+00 1.151122999999999896e+00 3.198242000000000029e+00
1.832275000000000098e+00 2.416992000000000029e+00 1.171875000000000000e+00 3.231200999999999990e+00
1.870117000000000029e+00 2.449950999999999990e+00 1.181640999999999941e+00 3.266601999999999784e+00
1.895752000000000104e+00 2.475585999999999842e+00 1.186522999999999994e+00 3.287354000000000109e+00
1.911621000000000015e+00 2.495117000000000029e+00 1.181640999999999941e+00 3.309325999999999990e+00
1.921386999999999956e+00 2.514648000000000216e+00 1.176757999999999971e+00 3.326416000000000039e+00
1.928711000000000064e+00 2.524414000000000158e+00 1.166992000000000029e+00 3.344726999999999784e+00
1.929931999999999981e+00 2.534180000000000099e+00 1.152344000000000035e+00 3.348389000000000060e+00
1.929931999999999981e+00 2.535400000000000098e+00 1.137694999999999901e+00 3.364257999999999971e+00
1.918944999999999901e+00 2.535400000000000098e+00 1.118163999999999936e+00 3.364257999999999971e+00
1.911621000000000015e+00 2.537841999999999931e+00 1.103515999999999941e+00 3.364257999999999971e+00
1.900635000000000074e+00 2.535400000000000098e+00 1.082764000000000060e+00 3.367919999999999803e+00
1.889647999999999994e+00 2.534180000000000099e+00 1.064453000000000094e+00 3.365479000000000109e+00
1.875000000000000000e+00 2.534180000000000099e+00 1.044921999999999906e+00 3.367919999999999803e+00
1.860352000000000006e+00 2.525634999999999852e+00 1.025390999999999941e+00 3.364257999999999971e+00
1.844481999999999955e+00 2.518311000000000188e+00 1.010742000000000029e+00 3.364257999999999971e+00
1.831055000000000099e+00 2.514648000000000216e+00 9.960940000000000349e-01 3.355713000000000168e+00
1.821288999999999936e+00 2.509765999999999941e+00 9.826660000000000394e-01 3.354492000000000029e+00
1.802979000000000109e+00 2.504882999999999971e+00 9.716799999999999882e-01 3.347167999999999921e+00
1.791992000000000029e+00 2.495117000000000029e+00 9.570309999999999651e-01 3.344726999999999784e+00
1.773681999999999981e+00 2.487792999999999921e+00 9.423829999999999707e-01 3.334960999999999842e+00
1.757813000000000070e+00 2.480468999999999813e+00 9.265139999999999487e-01 3.326416000000000039e+00
1.743163999999999936e+00 2.475585999999999842e+00 9.130859999999999532e-01 3.325194999999999901e+00
1.723632999999999971e+00 2.459716999999999931e+00 8.972170000000000423e-01 3.315430000000000099e+00
1.705322000000000005e+00 2.451172000000000128e+00 8.850099999999999634e-01 3.309325999999999990e+00
1.685791000000000039e+00 2.441406000000000187e+00 8.752440000000000220e-01 3.305664000000000158e+00
1.671143000000000045e+00 2.432860999999999940e+00 8.642579999999999707e-01 3.295898000000000216e+00
1.655272999999999994e+00 2.426757999999999971e+00 8.544920000000000293e-01 3.287354000000000109e+00
1.640625000000000000e+00 2.413330000000000197e+00 8.447270000000000056e-01 3.278808999999999862e+00
1.616211000000000064e+00 2.404784999999999950e+00 8.349609999999999532e-01 3.270264000000000060e+00
1.601563000000000070e+00 2.391357000000000177e+00 8.251950000000000118e-01 3.266601999999999784e+00
1.583252000000000104e+00 2.382813000000000070e+00 8.154299999999999882e-01 3.261718999999999813e+00
1.567382999999999971e+00 2.377930000000000099e+00 8.068849999999999634e-01 3.247069999999999901e+00
1.549072000000000005e+00 2.368164000000000158e+00 7.971190000000000220e-01 3.239745999999999793e+00
1.531981999999999955e+00 2.358398000000000216e+00 7.910160000000000524e-01 3.231200999999999990e+00
1.499022999999999994e+00 2.337645999999999891e+00 7.763670000000000293e-01 3.217773000000000216e+00
1.479492000000000029e+00 2.321776999999999980e+00 7.666020000000000056e-01 3.208007999999999971e+00
1.459961000000000064e+00 2.309569999999999901e+00 7.580569999999999808e-01 3.198242000000000029e+00
1.440430000000000099e+00 2.301025000000000098e+00 7.507319999999999549e-01 3.188476999999999784e+00
1.420897999999999994e+00 2.290039000000000158e+00 7.434079999999999577e-01 3.188476999999999784e+00
1.401367000000000029e+00 2.280273000000000216e+00 7.373049999999999882e-01 3.178710999999999842e+00
1.385497999999999896e+00 2.270507999999999971e+00 7.312009999999999899e-01 3.161620999999999793e+00
1.365966999999999931e+00 2.260742000000000029e+00 7.238769999999999927e-01 3.159180000000000099e+00
1.347655999999999965e+00 2.246093999999999813e+00 7.189940000000000220e-01 3.149414000000000158e+00
1.333007999999999971e+00 2.236327999999999872e+00 7.128910000000000524e-01 3.133544999999999803e+00
1.313477000000000006e+00 2.224120999999999793e+00 7.080079999999999707e-01 3.128661999999999832e+00
1.295166000000000039e+00 2.215575999999999990e+00 7.031250000000000000e-01 3.120117000000000029e+00
1.280518000000000045e+00 2.204590000000000050e+00 6.994629999999999459e-01 3.111571999999999782e+00
1.264647999999999994e+00 2.194824000000000108e+00 6.933589999999999476e-01 3.101806999999999981e+00
1.247559000000000085e+00 2.186278999999999861e+00 6.896970000000000045e-01 3.093262000000000178e+00
1.235352000000000006e+00 2.176514000000000060e+00 6.884770000000000056e-01 3.083495999999999793e+00
1.217041000000000039e+00 2.172851999999999784e+00 6.823730000000000073e-01 3.081055000000000099e+00
1.202393000000000045e+00 2.163085999999999842e+00 6.799319999999999808e-01 3.071289000000000158e+00
1.186522999999999994e+00 2.153319999999999901e+00 6.787109999999999532e-01 3.065186000000000188e+00
1.171875000000000000e+00 2.143555000000000099e+00 6.738279999999999825e-01 3.052979000000000109e+00
1.157227000000000006e+00 2.135009999999999852e+00 6.701660000000000394e-01 3.051757999999999971e+00
1.138916000000000039e+00 2.125243999999999911e+00 6.689450000000000118e-01 3.041992000000000029e+00
1.127930000000000099e+00 2.124023000000000216e+00 6.640629999999999589e-01 3.032226999999999784e+00
1.113280999999999965e+00 2.114257999999999971e+00 6.628420000000000423e-01 3.023681999999999981e+00
1.098632999999999971e+00 2.105713000000000168e+00 6.603999999999999870e-01 3.016357000000000177e+00
1.085204999999999975e+00 2.097167999999999921e+00 6.591799999999999882e-01 3.012694999999999901e+00
1.070556999999999981e+00 2.094726999999999784e+00 6.591799999999999882e-01 3.002930000000000099e+00
1.059569999999999901e+00 2.084960999999999842e+00 6.591799999999999882e-01 3.002930000000000099e+00
1.046143000000000045e+00 2.077637000000000178e+00 6.591799999999999882e-01 2.993164000000000158e+00
1.031493999999999911e+00 2.075194999999999901e+00 6.591799999999999882e-01 2.987061000000000188e+00
1.021729000000000109e+00 2.066650000000000098e+00 6.555180000000000451e-01 2.983398000000000216e+00
1.010742000000000029e+00 2.065430000000000099e+00 6.542970000000000175e-01 2.973632999999999971e+00
1.000977000000000006e+00 2.056884999999999852e+00 6.518549999999999622e-01 2.973632999999999971e+00
9.912109999999999532e-01 2.055664000000000158e+00 6.530759999999999899e-01 2.963867000000000029e+00
9.777829999999999577e-01 2.045898000000000216e+00 6.530759999999999899e-01 2.965088000000000168e+00
9.655759999999999899e-01 2.045898000000000216e+00 6.506349999999999634e-01 2.954101999999999784e+00
9.545900000000000496e-01 2.036132999999999971e+00 6.506349999999999634e-01 2.947998000000000118e+00
9.436039999999999983e-01 2.036132999999999971e+00 6.506349999999999634e-01 2.944335999999999842e+00
9.326170000000000293e-01 2.027588000000000168e+00 6.494140000000000468e-01 2.940674000000000010e+00
9.228520000000000056e-01 2.026367000000000029e+00 6.469730000000000203e-01 2.934569999999999901e+00
8.984379999999999589e-01 2.016601999999999784e+00 6.433109999999999662e-01 2.926025000000000098e+00
8.862299999999999622e-01 2.006835999999999842e+00 6.408690000000000220e-01 2.924805000000000099e+00
8.752440000000000220e-01 2.006835999999999842e+00 6.396479999999999944e-01 2.918700999999999990e+00
8.642579999999999707e-01 1.999511999999999956e+00 6.396479999999999944e-01 2.915039000000000158e+00
8.544920000000000293e-01 1.990966999999999931e+00 6.396479999999999944e-01 2.906493999999999911e+00
8.447270000000000056e-01 1.988525000000000098e+00 6.359860000000000513e-01 2.905273000000000216e+00
8.349609999999999532e-01 1.987305000000000099e+00 6.335450000000000248e-01 2.896729000000000109e+00
8.215329999999999577e-01 1.977538999999999936e+00 6.311039999999999983e-01 2.895507999999999971e+00
8.117680000000000451e-01 1.977538999999999936e+00 6.311039999999999983e-01 2.888183999999999862e+00
8.007809999999999651e-01 1.971435999999999966e+00 6.311039999999999983e-01 2.879639000000000060e+00
7.897950000000000248e-01 1.961670000000000025e+00 6.298829999999999707e-01 2.878417999999999921e+00
7.812500000000000000e-01 1.959229000000000109e+00 6.298829999999999707e-01 2.875976999999999784e+00
7.702639999999999487e-01 1.958007999999999971e+00 6.262210000000000276e-01 2.875976999999999784e+00
7.604980000000000073e-01 1.953125000000000000e+00 6.262210000000000276e-01 2.867431999999999981e+00
7.519529999999999825e-01 1.948242000000000029e+00 6.250000000000000000e-01 2.860107000000000177e+00
7.421879999999999589e-01 1.942139000000000060e+00 6.237789999999999724e-01 2.856444999999999901e+00
7.324220000000000175e-01 1.943359000000000059e+00 6.237789999999999724e-01 2.856444999999999901e+00
7.238769999999999927e-01 1.938477000000000006e+00 6.225589999999999735e-01 2.856444999999999901e+00
7.177729999999999944e-01 1.933594000000000035e+00 6.225589999999999735e-01 2.847900000000000098e+00
7.080079999999999707e-01 1.928711000000000064e+00 6.213379999999999459e-01 2.840575999999999990e+00
6.982420000000000293e-01 1.921386999999999956e+00 6.213379999999999459e-01 2.839354999999999851e+00
6.896970000000000045e-01 1.918944999999999901e+00 6.201170000000000293e-01 2.834473000000000020e+00
6.823730000000000073e-01 1.918944999999999901e+00 6.201170000000000293e-01 2.836914000000000158e+00
6.726069999999999549e-01 1.911621000000000015e+00 6.201170000000000293e-01 2.827148000000000216e+00
6.591799999999999882e-01 1.909180000000000099e+00 6.164549999999999752e-01 2.827148000000000216e+00
6.494140000000000468e-01 1.900635000000000074e+00 6.152339999999999476e-01 2.817382999999999971e+00
6.408690000000000220e-01 1.899413999999999936e+00 6.152339999999999476e-01 2.817382999999999971e+00
6.335450000000000248e-01 1.899413999999999936e+00 6.140139999999999487e-01 2.811278999999999861e+00
6.250000000000000000e-01 1.890868999999999911e+00 6.140139999999999487e-01 2.807617000000000029e+00
6.201170000000000293e-01 1.889647999999999994e+00 6.127930000000000321e-01 2.807617000000000029e+00
6.115720000000000045e-01 1.883545000000000025e+00 6.115720000000000045e-01 2.799071999999999782e+00
6.005859999999999532e-01 1.879882999999999971e+00 6.115720000000000045e-01 2.797851999999999784e+00
5.920410000000000394e-01 1.875000000000000000e+00 6.115720000000000045e-01 2.797851999999999784e+00
5.859379999999999589e-01 1.872559000000000085e+00 6.115720000000000045e-01 2.789306999999999981e+00
5.798339999999999606e-01 1.870117000000000029e+00 6.103520000000000056e-01 2.788085999999999842e+00
5.737299999999999622e-01 1.870117000000000029e+00 6.103520000000000056e-01 2.781982000000000177e+00
5.676269999999999927e-01 1.864014000000000060e+00 6.103520000000000056e-01 2.778319999999999901e+00
5.627440000000000220e-01 1.861572000000000005e+00 6.103520000000000056e-01 2.778319999999999901e+00
5.566410000000000524e-01 1.860352000000000006e+00 6.103520000000000056e-01 2.778319999999999901e+00
5.529789999999999983e-01 1.855469000000000035e+00 6.091309999999999780e-01 2.770995999999999793e+00
5.529789999999999983e-01 1.855469000000000035e+00 6.091309999999999780e-01 2.770995999999999793e+00
5.480960000000000276e-01 1.854247999999999896e+00 6.066890000000000338e-01 2.768555000000000099e+00
5.432129999999999459e-01 1.851806999999999981e+00 6.103520000000000056e-01 2.762450999999999990e+00
5.383299999999999752e-01 1.851806999999999981e+00 6.066890000000000338e-01 2.768555000000000099e+00
5.334470000000000045e-01 1.850586000000000064e+00 6.066890000000000338e-01 2.760009999999999852e+00
5.273440000000000349e-01 1.843261999999999956e+00 6.066890000000000338e-01 2.758789000000000158e+00
5.249019999999999797e-01 1.840819999999999901e+00 6.066890000000000338e-01 2.758789000000000158e+00
5.187990000000000101e-01 1.840819999999999901e+00 6.066890000000000338e-01 2.758789000000000158e+00
5.151369999999999560e-01 1.840819999999999901e+00 6.066890000000000338e-01 2.758789000000000158e+00
5.126950000000000118e-01 1.834716999999999931e+00 6.054690000000000349e-01 2.751465000000000050e+00
5.078129999999999589e-01 1.832275000000000098e+00 6.054690000000000349e-01 2.749023000000000216e+00
5.029299999999999882e-01 1.831055000000000099e+00 6.054690000000000349e-01 2.749023000000000216e+00
4.980470000000000175e-01 1.831055000000000099e+00 6.054690000000000349e-01 2.742919999999999803e+00
4.943850000000000189e-01 1.824950999999999990e+00 6.042480000000000073e-01 2.740479000000000109e+00
4.931639999999999913e-01 1.821288999999999936e+00 6.042480000000000073e-01 2.739257999999999971e+00
4.931639999999999913e-01 1.821288999999999936e+00 6.042480000000000073e-01 2.739257999999999971e+00
4.882810000000000206e-01 1.821288999999999936e+00 6.054690000000000349e-01 2.739257999999999971e+00
4.821779999999999955e-01 1.821288999999999936e+00 6.042480000000000073e-01 2.739257999999999971e+00
4.772950000000000248e-01 1.818848000000000020e+00 6.030269999999999797e-01 2.729492000000000029e+00
4.748539999999999983e-01 1.813965000000000050e+00 6.018069999999999808e-01 2.729492000000000029e+00
4.736330000000000262e-01 1.811522999999999994e+00 6.018069999999999808e-01 2.729492000000000029e+00
4.687500000000000000e-01 1.811522999999999994e+00 6.018069999999999808e-01 2.723389000000000060e+00
4.675289999999999724e-01 1.807860999999999940e+00 6.018069999999999808e-01 2.722167999999999921e+00
4.638669999999999738e-01 1.811522999999999994e+00 6.005859999999999532e-01 2.723389000000000060e+00
4.577640000000000042e-01 1.801757999999999971e+00 6.005859999999999532e-01 2.719726999999999784e+00
4.553220000000000045e-01 1.801757999999999971e+00 6.005859999999999532e-01 2.719726999999999784e+00
4.516600000000000059e-01 1.798095999999999917e+00 6.005859999999999532e-01 2.711181999999999981e+00
4.492189999999999794e-01 1.796875000000000000e+00 6.005859999999999532e-01 2.711181999999999981e+00
4.479980000000000073e-01 1.793212999999999946e+00 6.005859999999999532e-01 2.709960999999999842e+00
4.443360000000000087e-01 1.791992000000000029e+00 6.005859999999999532e-01 2.709960999999999842e+00
4.443360000000000087e-01 1.791992000000000029e+00 6.005859999999999532e-01 2.712401999999999980e+00
4.382320000000000104e-01 1.791992000000000029e+00 6.005859999999999532e-01 2.703857000000000177e+00
4.357909999999999839e-01 1.783447000000000005e+00 6.005859999999999532e-01 2.700194999999999901e+00
4.345700000000000118e-01 1.782227000000000006e+00 5.969240000000000101e-01 2.700194999999999901e+00
4.345700000000000118e-01 1.782227000000000006e+00 6.005859999999999532e-01 2.700194999999999901e+00
4.309080000000000132e-01 1.782227000000000006e+00 6.005859999999999532e-01 2.700194999999999901e+00
4.296880000000000144e-01 1.782227000000000006e+00 5.981450000000000378e-01 2.700194999999999901e+00
4.296880000000000144e-01 1.774901999999999980e+00 6.005859999999999532e-01 2.691650000000000098e+00
4.272460000000000147e-01 1.774901999999999980e+00 6.005859999999999532e-01 2.691650000000000098e+00
4.260249999999999870e-01 1.773681999999999981e+00 6.005859999999999532e-01 2.690430000000000099e+00
4.260249999999999870e-01 1.772461000000000064e+00 6.005859999999999532e-01 2.690430000000000099e+00
4.260249999999999870e-01 1.772461000000000064e+00 6.005859999999999532e-01 2.690430000000000099e+00
4.260249999999999870e-01 1.772461000000000064e+00 6.005859999999999532e-01 2.690430000000000099e+00
4.260249999999999870e-01 1.772461000000000064e+00 6.005859999999999532e-01 2.690430000000000099e+00
4.260249999999999870e-01 1.763916000000000039e+00 6.005859999999999532e-01 2.681884999999999852e+00
4.272460000000000147e-01 1.763916000000000039e+00 6.018069999999999808e-01 2.681884999999999852e+00
4.284669999999999868e-01 1.763916000000000039e+00 6.005859999999999532e-01 2.681884999999999852e+00
4.296880000000000144e-01 1.763916000000000039e+00 6.018069999999999808e-01 2.683104999999999851e+00
4.309080000000000132e-01 1.762694999999999901e+00 6.018069999999999808e-01 2.681884999999999852e+00
4.321289999999999853e-01 1.762694999999999901e+00 6.018069999999999808e-01 2.680664000000000158e+00
4.345700000000000118e-01 1.763916000000000039e+00 6.018069999999999808e-01 2.680664000000000158e+00
4.357909999999999839e-01 1.762694999999999901e+00 6.018069999999999808e-01 2.680664000000000158e+00
4.370120000000000116e-01 1.762694999999999901e+00 6.018069999999999808e-01 2.680664000000000158e+00
4.394529999999999825e-01 1.762694999999999901e+00 6.054690000000000349e-01 2.680664000000000158e+00
4.394529999999999825e-01 1.762694999999999901e+00 6.054690000000000349e-01 2.680664000000000158e+00
4.406740000000000101e-01 1.762694999999999901e+00 6.054690000000000349e-01 2.680664000000000158e+00
4.455569999999999808e-01 1.759033000000000069e+00 6.054690000000000349e-01 2.680664000000000158e+00
4.467769999999999797e-01 1.762694999999999901e+00 6.054690000000000349e-01 2.680664000000000158e+00
4.492189999999999794e-01 1.762694999999999901e+00 6.054690000000000349e-01 2.680664000000000158e+00
4.541020000000000056e-01 1.762694999999999901e+00 6.054690000000000349e-01 2.680664000000000158e+00
4.541020000000000056e-01 1.762694999999999901e+00 6.066890000000000338e-01 2.677001999999999882e+00
4.553220000000000045e-01 1.762694999999999901e+00 6.066890000000000338e-01 2.681884999999999852e+00
4.589840000000000031e-01 1.762694999999999901e+00 6.079099999999999504e-01 2.680664000000000158e+00
4.638669999999999738e-01 1.762694999999999901e+00 6.103520000000000056e-01 2.680664000000000158e+00
4.650880000000000014e-01 1.762694999999999901e+00 6.103520000000000056e-01 2.680664000000000158e+00
4.687500000000000000e-01 1.762694999999999901e+00 6.103520000000000056e-01 2.677001999999999882e+00
4.736330000000000262e-01 1.759033000000000069e+00 6.103520000000000056e-01 2.680664000000000158e+00
4.748539999999999983e-01 1.762694999999999901e+00 6.103520000000000056e-01 2.680664000000000158e+00
4.772950000000000248e-01 1.762694999999999901e+00 6.103520000000000056e-01 2.680664000000000158e+00
4.797359999999999958e-01 1.762694999999999901e+00 6.103520000000000056e-01 2.680664000000000158e+00
4.846190000000000220e-01 1.762694999999999901e+00 6.115720000000000045e-01 2.680664000000000158e+00
4.870610000000000217e-01 1.762694999999999901e+00 6.115720000000000045e-01 2.680664000000000158e+00
4.895019999999999927e-01 1.762694999999999901e+00 6.127930000000000321e-01 2.680664000000000158e+00
4.931639999999999913e-01 1.759033000000000069e+00 6.140139999999999487e-01 2.681884999999999852e+00
4.968259999999999899e-01 1.762694999999999901e+00 6.140139999999999487e-01 2.680664000000000158e+00
4.992679999999999896e-01 1.762694999999999901e+00 6.140139999999999487e-01 2.684325999999999990e+00
5.041499999999999870e-01 1.762694999999999901e+00 6.152339999999999476e-01 2.681884999999999852e+00
5.065920000000000423e-01 1.762694999999999901e+00 6.164549999999999752e-01 2.680664000000000158e+00
5.126950000000000118e-01 1.762694999999999901e+00 6.164549999999999752e-01 2.683104999999999851e+00
5.139160000000000394e-01 1.762694999999999901e+00 6.201170000000000293e-01 2.690430000000000099e+00
5.187990000000000101e-01 1.763916000000000039e+00 6.201170000000000293e-01 2.684325999999999990e+00
5.224609999999999532e-01 1.763916000000000039e+00 6.201170000000000293e-01 2.690430000000000099e+00
5.273440000000000349e-01 1.765136999999999956e+00 6.201170000000000293e-01 2.691650000000000098e+00
5.322270000000000056e-01 1.766356999999999955e+00 6.201170000000000293e-01 2.690430000000000099e+00
5.334470000000000045e-01 1.766356999999999955e+00 6.213379999999999459e-01 2.691650000000000098e+00
5.383299999999999752e-01 1.772461000000000064e+00 6.201170000000000293e-01 2.690430000000000099e+00
5.419920000000000293e-01 1.766356999999999955e+00 6.201170000000000293e-01 2.686767999999999823e+00
5.456539999999999724e-01 1.772461000000000064e+00 6.213379999999999459e-01 2.695313000000000070e+00
5.468750000000000000e-01 1.773681999999999981e+00 6.213379999999999459e-01 2.690430000000000099e+00
5.517579999999999707e-01 1.772461000000000064e+00 6.213379999999999459e-01 2.691650000000000098e+00
5.517579999999999707e-01 1.772461000000000064e+00 6.213379999999999459e-01 2.691650000000000098e+00
5.529789999999999983e-01 1.772461000000000064e+00 6.213379999999999459e-01 2.691650000000000098e+00
5.554200000000000248e-01 1.772461000000000064e+00 6.213379999999999459e-01 2.692870999999999793e+00
5.578610000000000513e-01 1.772461000000000064e+00 6.213379999999999459e-01 2.692870999999999793e+00
5.578610000000000513e-01 1.772461000000000064e+00 6.225589999999999735e-01 2.695313000000000070e+00
5.615229999999999944e-01 1.772461000000000064e+00 6.213379999999999459e-01 2.692870999999999793e+00
5.627440000000000220e-01 1.772461000000000064e+00 6.225589999999999735e-01 2.694091999999999931e+00
5.627440000000000220e-01 1.772461000000000064e+00 6.213379999999999459e-01 2.692870999999999793e+00
5.651859999999999662e-01 1.772461000000000064e+00 6.213379999999999459e-01 2.700194999999999901e+00
5.664059999999999651e-01 1.772461000000000064e+00 6.213379999999999459e-01 2.692870999999999793e+00
5.664059999999999651e-01 1.772461000000000064e+00 6.213379999999999459e-01 2.694091999999999931e+00
5.664059999999999651e-01 1.772461000000000064e+00 6.213379999999999459e-01 2.694091999999999931e+00
5.664059999999999651e-01 1.772461000000000064e+00 6.213379999999999459e-01 2.694091999999999931e+00
5.676269999999999927e-01 1.772461000000000064e+00 6.213379999999999459e-01 2.692870999999999793e+00
5.676269999999999927e-01 1.772461000000000064e+00 6.213379999999999459e-01 2.692870999999999793e+00
5.676269999999999927e-01 1.766356999999999955e+00 6.201170000000000293e-01 2.694091999999999931e+00
5.712890000000000468e-01 1.772461000000000064e+00 6.201170000000000293e-01 2.691650000000000098e+00
5.712890000000000468e-01 1.772461000000000064e+00 6.201170000000000293e-01 2.694091999999999931e+00
5.712890000000000468e-01 1.772461000000000064e+00 6.213379999999999459e-01 2.692870999999999793e+00
5.725099999999999634e-01 1.772461000000000064e+00 6.213379999999999459e-01 2.694091999999999931e+00
5.737299999999999622e-01 1.772461000000000064e+00 6.213379999999999459e-01 2.692870999999999793e+00
5.761720000000000175e-01 1.766356999999999955e+00 6.213379999999999459e-01 2.692870999999999793e+00
5.773930000000000451e-01 1.768799000000000010e+00 6.225589999999999735e-01 2.691650000000000098e+00
5.810549999999999882e-01 1.768799000000000010e+00 6.237789999999999724e-01 2.694091999999999931e+00
5.822749999999999870e-01 1.772461000000000064e+00 6.250000000000000000e-01 2.694091999999999931e+00
5.871579999999999577e-01 1.772461000000000064e+00 6.262210000000000276e-01 2.694091999999999931e+00
5.920410000000000394e-01 1.772461000000000064e+00 6.298829999999999707e-01 2.700194999999999901e+00
5.969240000000000101e-01 1.772461000000000064e+00 6.298829999999999707e-01 2.700194999999999901e+00
6.030269999999999797e-01 1.776122999999999896e+00 6.311039999999999983e-01 2.700194999999999901e+00
6.115720000000000045e-01 1.777344000000000035e+00 6.347660000000000524e-01 2.700194999999999901e+00
6.213379999999999459e-01 1.782227000000000006e+00 6.396479999999999944e-01 2.702637000000000178e+00
6.311039999999999983e-01 1.785889000000000060e+00 6.408690000000000220e-01 2.709960999999999842e+00
6.420900000000000496e-01 1.791992000000000029e+00 6.457519999999999927e-01 2.709960999999999842e+00
6.555180000000000451e-01 1.791992000000000029e+00 6.506349999999999634e-01 2.714843999999999813e+00
6.689450000000000118e-01 1.801757999999999971e+00 6.518549999999999622e-01 2.722167999999999921e+00
6.799319999999999808e-01 1.801757999999999971e+00 6.555180000000000451e-01 2.729492000000000029e+00
6.933589999999999476e-01 1.806640999999999941e+00 6.591799999999999882e-01 2.734375000000000000e+00
7.043460000000000276e-01 1.811522999999999994e+00 6.628420000000000423e-01 2.739257999999999971e+00
7.177729999999999944e-01 1.815185999999999966e+00 6.652829999999999577e-01 2.739257999999999971e+00
7.312009999999999899e-01 1.821288999999999936e+00 6.701660000000000394e-01 2.749023000000000216e+00
7.482910000000000394e-01 1.828613000000000044e+00 6.787109999999999532e-01 2.758789000000000158e+00
7.678220000000000045e-01 1.834716999999999931e+00 6.848140000000000338e-01 2.760009999999999852e+00
7.861329999999999707e-01 1.843261999999999956e+00 6.921389999999999487e-01 2.768555000000000099e+00
8.068849999999999634e-01 1.854247999999999896e+00 6.994629999999999459e-01 2.772216999999999931e+00
8.264160000000000394e-01 1.861572000000000005e+00 7.031250000000000000e-01 2.788085999999999842e+00
8.471680000000000321e-01 1.871337999999999946e+00 7.104489999999999972e-01 2.797851999999999784e+00
8.666989999999999972e-01 1.879882999999999971e+00 7.141110000000000513e-01 2.807617000000000029e+00
8.850099999999999634e-01 1.889647999999999994e+00 7.189940000000000220e-01 2.811278999999999861e+00
9.045410000000000394e-01 1.899413999999999936e+00 7.226559999999999651e-01 2.821044999999999803e+00
9.228520000000000056e-01 1.910400000000000098e+00 7.275390000000000468e-01 2.832031000000000187e+00
9.338379999999999459e-01 1.918944999999999901e+00 7.275390000000000468e-01 2.838134999999999852e+00
9.472660000000000524e-01 1.922606999999999955e+00 7.287599999999999634e-01 2.840575999999999990e+00
9.619140000000000468e-01 1.929931999999999981e+00 7.287599999999999634e-01 2.856444999999999901e+00
9.716799999999999882e-01 1.938477000000000006e+00 7.312009999999999899e-01 2.858887000000000178e+00
9.826660000000000394e-01 1.942139000000000060e+00 7.373049999999999882e-01 2.868651999999999980e+00
1.000977000000000006e+00 1.949462999999999946e+00 7.397460000000000147e-01 2.878417999999999921e+00
1.014404000000000083e+00 1.958007999999999971e+00 7.470700000000000118e-01 2.885742000000000029e+00
1.031493999999999911e+00 1.967772999999999994e+00 7.531740000000000101e-01 2.895507999999999971e+00
1.051025000000000098e+00 1.977538999999999936e+00 7.617190000000000349e-01 2.905273000000000216e+00
1.079102000000000006e+00 1.987305000000000099e+00 7.714839999999999476e-01 2.915039000000000158e+00
1.094970999999999917e+00 1.997069999999999901e+00 7.812500000000000000e-01 2.918700999999999990e+00
1.118163999999999936e+00 2.006835999999999842e+00 7.861329999999999707e-01 2.934569999999999901e+00
1.137694999999999901e+00 2.016601999999999784e+00 7.910160000000000524e-01 2.944335999999999842e+00
1.157227000000000006e+00 2.031250000000000000e+00 7.922360000000000513e-01 2.957764000000000060e+00
1.171875000000000000e+00 2.038574000000000108e+00 7.958979999999999944e-01 2.963867000000000029e+00
1.187743999999999911e+00 2.045898000000000216e+00 7.971190000000000220e-01 2.973632999999999971e+00
1.196288999999999936e+00 2.050781000000000187e+00 7.983400000000000496e-01 2.983398000000000216e+00
1.206055000000000099e+00 2.059325999999999990e+00 7.971190000000000220e-01 2.993164000000000158e+00
1.215819999999999901e+00 2.065430000000000099e+00 8.007809999999999651e-01 3.002930000000000099e+00
