2.624509999999999899e-01 1.723632999999999971e+00 6.347660000000000524e-01 2.534180000000000099e+00 2.465819999999999901e+00
2.612300000000000177e-01 1.724854000000000109e+00 6.359860000000000513e-01 2.534180000000000099e+00 2.475585999999999842e+00
2.612300000000000177e-01 1.723632999999999971e+00 6.335450000000000248e-01 2.534180000000000099e+00 2.475585999999999842e+00
2.612300000000000177e-01 1.724854000000000109e+00 6.335450000000000248e-01 2.536620999999999793e+00 2.475585999999999842e+00
2.624509999999999899e-01 1.728515999999999941e+00 6.347660000000000524e-01 2.535400000000000098e+00 2.470702999999999872e+00
2.612300000000000177e-01 1.723632999999999971e+00 6.347660000000000524e-01 2.535400000000000098e+00 2.468262000000000178e+00
2.612300000000000177e-01 1.723632999999999971e+00 6.335450000000000248e-01 2.536620999999999793e+00 2.475585999999999842e+00
2.612300000000000177e-01 1.724854000000000109e+00 6.335450000000000248e-01 2.535400000000000098e+00 2.475585999999999842e+00
2.612300000000000177e-01 1.723632999999999971e+00 6.347660000000000524e-01 2.539063000000000070e+00 2.457275000000000098e+00
2.612300000000000177e-01 1.723632999999999971e+00 6.323239999999999972e-01 2.534180000000000099e+00 2.465819999999999901e+00
2.600100000000000189e-01 1.723632999999999971e+00 6.323239999999999972e-01 2.536620999999999793e+00 2.469482000000000177e+00
2.600100000000000189e-01 1.726074000000000108e+00 6.335450000000000248e-01 2.534180000000000099e+00 2.480468999999999813e+00
2.600100000000000189e-01 1.723632999999999971e+00 6.323239999999999972e-01 2.535400000000000098e+00 2.485351999999999784e+00
2.600100000000000189e-01 1.723632999999999971e+00 6.323239999999999972e-01 2.534180000000000099e+00 2.465819999999999901e+00
2.587889999999999913e-01 1.723632999999999971e+00 6.311039999999999983e-01 2.534180000000000099e+00 2.478026999999999980e+00
2.587889999999999913e-01 1.723632999999999971e+00 6.311039999999999983e-01 2.534180000000000099e+00 2.485351999999999784e+00
2.587889999999999913e-01 1.723632999999999971e+00 6.311039999999999983e-01 2.535400000000000098e+00 2.475585999999999842e+00
2.587889999999999913e-01 1.723632999999999971e+00 6.311039999999999983e-01 2.534180000000000099e+00 2.465819999999999901e+00
2.587889999999999913e-01 1.723632999999999971e+00 6.311039999999999983e-01 2.534180000000000099e+00 2.469482000000000177e+00
2.587889999999999913e-01 1.723632999999999971e+00 6.311039999999999983e-01 2.534180000000000099e+00 2.485351999999999784e+00
2.575680000000000192e-01 1.723632999999999971e+00 6.311039999999999983e-01 2.534180000000000099e+00 2.476806999999999981e+00
2.587889999999999913e-01 1.723632999999999971e+00 6.311039999999999983e-01 2.534180000000000099e+00 2.475585999999999842e+00
2.587889999999999913e-01 1.723632999999999971e+00 6.311039999999999983e-01 2.534180000000000099e+00 2.475585999999999842e+00
2.587889999999999913e-01 1.723632999999999971e+00 6.311039999999999983e-01 2.534180000000000099e+00 2.478026999999999980e+00
2.587889999999999913e-01 1.723632999999999971e+00 6.311039999999999983e-01 2.535400000000000098e+00 2.485351999999999784e+00
2.600100000000000189e-01 1.723632999999999971e+00 6.323239999999999972e-01 2.534180000000000099e+00 2.465819999999999901e+00
2.612300000000000177e-01 1.723632999999999971e+00 6.311039999999999983e-01 2.534180000000000099e+00 2.467041000000000039e+00
2.624509999999999899e-01 1.723632999999999971e+00 6.347660000000000524e-01 2.534180000000000099e+00 2.469482000000000177e+00
2.648929999999999896e-01 1.723632999999999971e+00 6.335450000000000248e-01 2.534180000000000099e+00 2.485351999999999784e+00
2.661129999999999884e-01 1.723632999999999971e+00 6.347660000000000524e-01 2.536620999999999793e+00 2.475585999999999842e+00
2.697749999999999870e-01 1.723632999999999971e+00 6.347660000000000524e-01 2.534180000000000099e+00 2.475585999999999842e+00
2.722169999999999868e-01 1.724854000000000109e+00 6.359860000000000513e-01 2.536620999999999793e+00 2.475585999999999842e+00
2.783200000000000118e-01 1.724854000000000109e+00 6.359860000000000513e-01 2.536620999999999793e+00 2.475585999999999842e+00
2.832029999999999825e-01 1.724854000000000109e+00 6.396479999999999944e-01 2.543944999999999901e+00 2.475585999999999842e+00
2.929689999999999794e-01 1.733397999999999994e+00 6.445309999999999651e-01 2.543944999999999901e+00 2.476806999999999981e+00
3.076169999999999738e-01 1.733397999999999994e+00 6.457519999999999927e-01 2.543944999999999901e+00 2.476806999999999981e+00
3.222659999999999969e-01 1.740723000000000020e+00 6.518549999999999622e-01 2.547607000000000177e+00 2.476806999999999981e+00
3.405759999999999899e-01 1.744385000000000074e+00 6.591799999999999882e-01 2.553710999999999842e+00 2.467041000000000039e+00
3.601070000000000104e-01 1.752930000000000099e+00 6.616210000000000147e-01 2.558593999999999813e+00 2.476806999999999981e+00
3.796390000000000042e-01 1.754150000000000098e+00 6.652829999999999577e-01 2.563476999999999784e+00 2.485351999999999784e+00
3.967289999999999983e-01 1.762694999999999901e+00 6.689450000000000118e-01 2.573242000000000029e+00 2.486571999999999782e+00
4.162600000000000189e-01 1.766356999999999955e+00 6.726069999999999549e-01 2.574463000000000168e+00 2.495117000000000029e+00
4.345700000000000118e-01 1.773681999999999981e+00 6.787109999999999532e-01 2.583007999999999971e+00 2.485351999999999784e+00
4.541020000000000056e-01 1.782227000000000006e+00 6.787109999999999532e-01 2.586669999999999803e+00 2.495117000000000029e+00
4.699710000000000276e-01 1.791992000000000029e+00 6.823730000000000073e-01 2.592773000000000216e+00 2.495117000000000029e+00
4.919430000000000192e-01 1.796875000000000000e+00 6.835940000000000349e-01 2.602539000000000158e+00 2.504882999999999971e+00
5.126950000000000118e-01 1.801757999999999971e+00 6.896970000000000045e-01 2.612305000000000099e+00 2.517090000000000050e+00
5.334470000000000045e-01 1.811522999999999994e+00 6.945799999999999752e-01 2.622069999999999901e+00 2.535400000000000098e+00
5.578610000000000513e-01 1.821288999999999936e+00 7.006839999999999735e-01 2.631835999999999842e+00 2.534180000000000099e+00
5.810549999999999882e-01 1.831055000000000099e+00 7.043460000000000276e-01 2.641601999999999784e+00 2.535400000000000098e+00
6.054690000000000349e-01 1.840819999999999901e+00 7.104489999999999972e-01 2.651367000000000029e+00 2.543944999999999901e+00
6.298829999999999707e-01 1.845703000000000094e+00 7.177729999999999944e-01 2.661132999999999971e+00 2.543944999999999901e+00
6.579589999999999606e-01 1.860352000000000006e+00 7.226559999999999651e-01 2.664794999999999803e+00 2.547607000000000177e+00
6.823730000000000073e-01 1.870117000000000029e+00 7.287599999999999634e-01 2.680664000000000158e+00 2.563476999999999784e+00
7.080079999999999707e-01 1.879882999999999971e+00 7.373049999999999882e-01 2.692870999999999793e+00 2.567139000000000060e+00
7.324220000000000175e-01 1.889647999999999994e+00 7.409670000000000423e-01 2.703857000000000177e+00 2.585449000000000108e+00
7.531740000000000101e-01 1.899413999999999936e+00 7.421879999999999589e-01 2.719726999999999784e+00 2.584229000000000109e+00
7.763670000000000293e-01 1.909180000000000099e+00 7.470700000000000118e-01 2.729492000000000029e+00 2.592773000000000216e+00
7.897950000000000248e-01 1.918944999999999901e+00 7.470700000000000118e-01 2.739257999999999971e+00 2.593993999999999911e+00
8.056640000000000468e-01 1.925049000000000010e+00 7.482910000000000394e-01 2.749023000000000216e+00 2.606200999999999990e+00
8.190920000000000423e-01 1.932372999999999896e+00 7.519529999999999825e-01 2.758789000000000158e+00 2.622069999999999901e+00
8.361819999999999808e-01 1.938477000000000006e+00 7.568359999999999532e-01 2.768555000000000099e+00 2.622069999999999901e+00
8.544920000000000293e-01 1.948242000000000029e+00 7.580569999999999808e-01 2.778319999999999901e+00 2.625732000000000177e+00
8.679200000000000248e-01 1.958007999999999971e+00 7.666020000000000056e-01 2.788085999999999842e+00 2.641601999999999784e+00
8.850099999999999634e-01 1.967772999999999994e+00 7.690430000000000321e-01 2.797851999999999784e+00 2.641601999999999784e+00
9.033200000000000118e-01 1.972655999999999965e+00 7.727049999999999752e-01 2.810058999999999862e+00 2.645264000000000060e+00
9.143069999999999808e-01 1.981200999999999990e+00 7.763670000000000293e-01 2.819824000000000108e+00 2.661132999999999971e+00
9.289549999999999752e-01 1.987305000000000099e+00 7.763670000000000293e-01 2.827148000000000216e+00 2.661132999999999971e+00
9.423829999999999707e-01 1.997069999999999901e+00 7.775879999999999459e-01 2.836914000000000158e+00 2.661132999999999971e+00
9.472660000000000524e-01 1.998291000000000039e+00 7.763670000000000293e-01 2.849120999999999793e+00 2.670898000000000216e+00
9.533690000000000220e-01 2.006835999999999842e+00 7.763670000000000293e-01 2.850341999999999931e+00 2.670898000000000216e+00
9.619140000000000468e-01 2.008056999999999981e+00 7.763670000000000293e-01 2.858887000000000178e+00 2.662354000000000109e+00
9.631349999999999634e-01 2.016601999999999784e+00 7.727049999999999752e-01 2.866210999999999842e+00 2.674561000000000188e+00
9.680180000000000451e-01 2.016601999999999784e+00 7.714839999999999476e-01 2.866210999999999842e+00 2.690430000000000099e+00
9.716799999999999882e-01 2.017821999999999782e+00 7.702639999999999487e-01 2.871093999999999813e+00 2.695313000000000070e+00
9.765629999999999589e-01 2.020264000000000060e+00 7.690430000000000321e-01 2.877196999999999782e+00 2.700194999999999901e+00
9.777829999999999577e-01 2.026367000000000029e+00 7.678220000000000045e-01 2.877196999999999782e+00 2.690430000000000099e+00
9.814450000000000118e-01 2.027588000000000168e+00 7.678220000000000045e-01 2.885742000000000029e+00 2.681884999999999852e+00
9.838869999999999560e-01 2.031250000000000000e+00 7.678220000000000045e-01 2.885742000000000029e+00 2.690430000000000099e+00
9.912109999999999532e-01 2.032471000000000139e+00 7.690430000000000321e-01 2.890625000000000000e+00 2.691650000000000098e+00
9.924319999999999808e-01 2.036132999999999971e+00 7.714839999999999476e-01 2.895507999999999971e+00 2.700194999999999901e+00
1.000977000000000006e+00 2.036132999999999971e+00 7.727049999999999752e-01 2.895507999999999971e+00 2.703857000000000177e+00
1.005859000000000059e+00 2.045898000000000216e+00 7.763670000000000293e-01 2.899169999999999803e+00 2.711181999999999981e+00
1.013184000000000085e+00 2.047118999999999911e+00 7.788089999999999735e-01 2.907715000000000050e+00 2.701416000000000039e+00
1.022949000000000108e+00 2.055664000000000158e+00 7.812500000000000000e-01 2.907715000000000050e+00 2.709960999999999842e+00
1.040038999999999936e+00 2.065430000000000099e+00 7.873539999999999983e-01 2.915039000000000158e+00 2.711181999999999981e+00
1.051025000000000098e+00 2.065430000000000099e+00 7.958979999999999944e-01 2.924805000000000099e+00 2.719726999999999784e+00
1.069336000000000064e+00 2.075194999999999901e+00 8.056640000000000468e-01 2.934569999999999901e+00 2.720946999999999782e+00
1.083984000000000059e+00 2.084960999999999842e+00 8.093259999999999899e-01 2.938232000000000177e+00 2.733153999999999861e+00
1.098632999999999971e+00 2.089843999999999813e+00 8.154299999999999882e-01 2.944335999999999842e+00 2.730713000000000168e+00
1.108397999999999994e+00 2.094726999999999784e+00 8.154299999999999882e-01 2.954101999999999784e+00 2.739257999999999971e+00
1.118163999999999936e+00 2.104492000000000029e+00 8.154299999999999882e-01 2.966308999999999862e+00 2.749023000000000216e+00
1.124268000000000045e+00 2.105713000000000168e+00 8.117680000000000451e-01 2.965088000000000168e+00 2.749023000000000216e+00
1.127930000000000099e+00 2.109375000000000000e+00 8.117680000000000451e-01 2.973632999999999971e+00 2.740479000000000109e+00
1.130371000000000015e+00 2.114257999999999971e+00 8.105470000000000175e-01 2.977294999999999803e+00 2.751465000000000050e+00
1.132813000000000070e+00 2.114257999999999971e+00 8.093259999999999899e-01 2.983398000000000216e+00 2.758789000000000158e+00
1.137694999999999901e+00 2.115479000000000109e+00 8.068849999999999634e-01 2.983398000000000216e+00 2.761229999999999851e+00
1.137694999999999901e+00 2.124023000000000216e+00 8.056640000000000468e-01 2.985840000000000050e+00 2.772216999999999931e+00
1.137694999999999901e+00 2.124023000000000216e+00 8.056640000000000468e-01 2.985840000000000050e+00 2.778319999999999901e+00
1.137694999999999901e+00 2.124023000000000216e+00 8.007809999999999651e-01 2.993164000000000158e+00 2.768555000000000099e+00
1.134033000000000069e+00 2.124023000000000216e+00 8.007809999999999651e-01 2.993164000000000158e+00 2.770995999999999793e+00
1.137694999999999901e+00 2.125243999999999911e+00 8.020019999999999927e-01 2.993164000000000158e+00 2.779541000000000039e+00
1.137694999999999901e+00 2.125243999999999911e+00 8.056640000000000468e-01 2.994384999999999852e+00 2.778319999999999901e+00
1.147461000000000064e+00 2.133789000000000158e+00 8.068849999999999634e-01 2.996825999999999990e+00 2.768555000000000099e+00
1.148681999999999981e+00 2.133789000000000158e+00 8.093259999999999899e-01 3.002930000000000099e+00 2.761229999999999851e+00
1.157227000000000006e+00 2.143555000000000099e+00 8.154299999999999882e-01 3.004150000000000098e+00 2.788085999999999842e+00
1.166992000000000029e+00 2.144775000000000098e+00 8.203129999999999589e-01 3.012694999999999901e+00 2.768555000000000099e+00
1.177979000000000109e+00 2.153319999999999901e+00 8.300779999999999825e-01 3.015137000000000178e+00 2.778319999999999901e+00
1.196288999999999936e+00 2.156982000000000177e+00 8.398440000000000349e-01 3.022460999999999842e+00 2.781982000000000177e+00
1.207275000000000098e+00 2.166748000000000118e+00 8.471680000000000321e-01 3.032226999999999784e+00 2.797851999999999784e+00
1.217041000000000039e+00 2.174071999999999782e+00 8.544920000000000293e-01 3.041992000000000029e+00 2.797851999999999784e+00
1.235352000000000006e+00 2.183838000000000168e+00 8.557129999999999459e-01 3.046875000000000000e+00 2.807617000000000029e+00
1.240234000000000059e+00 2.192382999999999971e+00 8.593750000000000000e-01 3.051757999999999971e+00 2.807617000000000029e+00
1.250000000000000000e+00 2.202148000000000216e+00 8.642579999999999707e-01 3.052979000000000109e+00 2.808838000000000168e+00
1.256104000000000109e+00 2.203368999999999911e+00 8.642579999999999707e-01 3.066406000000000187e+00 2.797851999999999784e+00
1.256104000000000109e+00 2.203368999999999911e+00 8.642579999999999707e-01 3.066406000000000187e+00 2.797851999999999784e+00
1.264647999999999994e+00 2.213134999999999852e+00 8.642579999999999707e-01 3.071289000000000158e+00 2.811278999999999861e+00
1.268310999999999966e+00 2.214354999999999851e+00 8.642579999999999707e-01 3.071289000000000158e+00 2.827148000000000216e+00
1.269530999999999965e+00 2.221680000000000099e+00 8.605960000000000276e-01 3.076172000000000128e+00 2.828368999999999911e+00
1.269530999999999965e+00 2.221680000000000099e+00 8.581539999999999724e-01 3.085938000000000070e+00 2.828368999999999911e+00
1.274413999999999936e+00 2.225341999999999931e+00 8.557129999999999459e-01 3.081055000000000099e+00 2.836914000000000158e+00
1.274413999999999936e+00 2.222900000000000098e+00 8.544920000000000293e-01 3.082275000000000098e+00 2.836914000000000158e+00
1.270752000000000104e+00 2.225341999999999931e+00 8.508299999999999752e-01 3.084716999999999931e+00 2.832031000000000187e+00
1.268310999999999966e+00 2.231444999999999901e+00 8.459470000000000045e-01 3.084716999999999931e+00 2.838134999999999852e+00
1.264647999999999994e+00 2.231444999999999901e+00 8.447270000000000056e-01 3.084716999999999931e+00 2.827148000000000216e+00
1.258545000000000025e+00 2.225341999999999931e+00 8.361819999999999808e-01 3.083495999999999793e+00 2.818604000000000109e+00
1.254882999999999971e+00 2.225341999999999931e+00 8.312990000000000101e-01 3.083495999999999793e+00 2.827148000000000216e+00
1.246337999999999946e+00 2.222900000000000098e+00 8.251950000000000118e-01 3.083495999999999793e+00 2.828368999999999911e+00
1.239014000000000060e+00 2.224120999999999793e+00 8.190920000000000423e-01 3.081055000000000099e+00 2.838134999999999852e+00
1.228026999999999980e+00 2.221680000000000099e+00 8.154299999999999882e-01 3.081055000000000099e+00 2.832031000000000187e+00
1.219481999999999955e+00 2.211914000000000158e+00 8.068849999999999634e-01 3.081055000000000099e+00 2.840575999999999990e+00
1.207275000000000098e+00 2.211914000000000158e+00 8.020019999999999927e-01 3.072509999999999852e+00 2.851563000000000070e+00
1.197510000000000074e+00 2.203368999999999911e+00 7.958979999999999944e-01 3.071289000000000158e+00 2.836914000000000158e+00
1.182860999999999940e+00 2.196044999999999803e+00 7.897950000000000248e-01 3.071289000000000158e+00 2.832031000000000187e+00
1.170654000000000083e+00 2.192382999999999971e+00 7.861329999999999707e-01 3.061523000000000216e+00 2.836914000000000158e+00
1.157227000000000006e+00 2.192382999999999971e+00 7.788089999999999735e-01 3.055419999999999803e+00 2.836914000000000158e+00
1.147461000000000064e+00 2.182617000000000029e+00 7.763670000000000293e-01 3.052979000000000109e+00 2.818604000000000109e+00
1.134033000000000069e+00 2.174071999999999782e+00 7.678220000000000045e-01 3.051757999999999971e+00 2.807617000000000029e+00
1.119385000000000074e+00 2.172851999999999784e+00 7.617190000000000349e-01 3.046875000000000000e+00 2.807617000000000029e+00
1.108397999999999994e+00 2.163085999999999842e+00 7.580569999999999808e-01 3.041992000000000029e+00 2.811278999999999861e+00
1.093750000000000000e+00 2.153319999999999901e+00 7.531740000000000101e-01 3.032226999999999784e+00 2.817382999999999971e+00
1.079102000000000006e+00 2.153319999999999901e+00 7.470700000000000118e-01 3.032226999999999784e+00 2.808838000000000168e+00
1.069336000000000064e+00 2.145995999999999793e+00 7.434079999999999577e-01 3.026123000000000118e+00 2.817382999999999971e+00
1.053466999999999931e+00 2.135009999999999852e+00 7.409670000000000423e-01 3.013916000000000039e+00 2.800292999999999921e+00
1.040038999999999936e+00 2.133789000000000158e+00 7.373049999999999882e-01 3.012694999999999901e+00 2.789306999999999981e+00
1.026610999999999940e+00 2.124023000000000216e+00 7.324220000000000175e-01 3.006591999999999931e+00 2.799071999999999782e+00
1.015625000000000000e+00 2.117919999999999803e+00 7.287599999999999634e-01 2.996825999999999990e+00 2.781982000000000177e+00
1.005859000000000059e+00 2.114257999999999971e+00 7.263180000000000192e-01 2.993164000000000158e+00 2.778319999999999901e+00
9.924319999999999808e-01 2.109375000000000000e+00 7.226559999999999651e-01 2.993164000000000158e+00 2.780762000000000178e+00
9.814450000000000118e-01 2.104492000000000029e+00 7.189940000000000220e-01 2.983398000000000216e+00 2.789306999999999981e+00
9.716799999999999882e-01 2.097167999999999921e+00 7.177729999999999944e-01 2.974854000000000109e+00 2.788085999999999842e+00
9.631349999999999634e-01 2.094726999999999784e+00 7.177729999999999944e-01 2.973632999999999971e+00 2.762450999999999990e+00
9.545900000000000496e-01 2.089843999999999813e+00 7.153319999999999679e-01 2.967528999999999861e+00 2.788085999999999842e+00
9.484860000000000513e-01 2.084960999999999842e+00 7.141110000000000513e-01 2.965088000000000168e+00 2.768555000000000099e+00
9.423829999999999707e-01 2.080077999999999872e+00 7.141110000000000513e-01 2.967528999999999861e+00 2.762450999999999990e+00
9.338379999999999459e-01 2.076416000000000039e+00 7.141110000000000513e-01 2.955321999999999782e+00 2.768555000000000099e+00
9.326170000000000293e-01 2.075194999999999901e+00 7.141110000000000513e-01 2.954101999999999784e+00 2.752686000000000188e+00
9.240720000000000045e-01 2.075194999999999901e+00 7.177729999999999944e-01 2.954101999999999784e+00 2.760009999999999852e+00
9.228520000000000056e-01 2.066650000000000098e+00 7.177729999999999944e-01 2.946776999999999980e+00 2.758789000000000158e+00
9.143069999999999808e-01 2.065430000000000099e+00 7.177729999999999944e-01 2.944335999999999842e+00 2.753906000000000187e+00
9.143069999999999808e-01 2.065430000000000099e+00 7.177729999999999944e-01 2.944335999999999842e+00 2.753906000000000187e+00
9.130859999999999532e-01 2.065430000000000099e+00 7.177729999999999944e-01 2.944335999999999842e+00 2.760009999999999852e+00
9.057619999999999560e-01 2.059325999999999990e+00 7.177729999999999944e-01 2.944335999999999842e+00 2.752686000000000188e+00
9.033200000000000118e-01 2.059325999999999990e+00 7.177729999999999944e-01 2.938232000000000177e+00 2.768555000000000099e+00
8.972170000000000423e-01 2.056884999999999852e+00 7.141110000000000513e-01 2.934569999999999901e+00 2.749023000000000216e+00
8.935549999999999882e-01 2.055664000000000158e+00 7.141110000000000513e-01 2.934569999999999901e+00 2.749023000000000216e+00
8.898930000000000451e-01 2.055664000000000158e+00 7.141110000000000513e-01 2.934569999999999901e+00 2.750243999999999911e+00
8.850099999999999634e-01 2.050781000000000187e+00 7.128910000000000524e-01 2.928466999999999931e+00 2.758789000000000158e+00
8.801269999999999927e-01 2.047118999999999911e+00 7.128910000000000524e-01 2.927245999999999793e+00 2.739257999999999971e+00
8.752440000000000220e-01 2.048340000000000050e+00 7.116700000000000248e-01 2.924805000000000099e+00 2.749023000000000216e+00
8.703610000000000513e-01 2.045898000000000216e+00 7.092289999999999983e-01 2.924805000000000099e+00 2.749023000000000216e+00
8.654789999999999983e-01 2.045898000000000216e+00 7.092289999999999983e-01 2.924805000000000099e+00 2.749023000000000216e+00
8.618160000000000265e-01 2.039794999999999803e+00 7.080079999999999707e-01 2.916259999999999852e+00 2.749023000000000216e+00
8.544920000000000293e-01 2.036132999999999971e+00 7.080079999999999707e-01 2.916259999999999852e+00 2.749023000000000216e+00
8.483889999999999487e-01 2.036132999999999971e+00 7.080079999999999707e-01 2.915039000000000158e+00 2.729492000000000029e+00
8.447270000000000056e-01 2.036132999999999971e+00 7.080079999999999707e-01 2.916259999999999852e+00 2.739257999999999971e+00
8.410640000000000338e-01 2.036132999999999971e+00 7.043460000000000276e-01 2.915039000000000158e+00 2.729492000000000029e+00
8.374019999999999797e-01 2.031250000000000000e+00 7.080079999999999707e-01 2.906493999999999911e+00 2.739257999999999971e+00
8.349609999999999532e-01 2.031250000000000000e+00 7.080079999999999707e-01 2.906493999999999911e+00 2.739257999999999971e+00
8.349609999999999532e-01 2.026367000000000029e+00 7.080079999999999707e-01 2.906493999999999911e+00 2.729492000000000029e+00
8.312990000000000101e-01 2.027588000000000168e+00 7.092289999999999983e-01 2.907715000000000050e+00 2.723389000000000060e+00
8.312990000000000101e-01 2.026367000000000029e+00 7.092289999999999983e-01 2.905273000000000216e+00 2.739257999999999971e+00
8.288569999999999549e-01 2.026367000000000029e+00 7.092289999999999983e-01 2.905273000000000216e+00 2.739257999999999971e+00
8.264160000000000394e-01 2.026367000000000029e+00 7.080079999999999707e-01 2.905273000000000216e+00 2.734375000000000000e+00
8.251950000000000118e-01 2.026367000000000029e+00 7.092289999999999983e-01 2.906493999999999911e+00 2.750243999999999911e+00
8.251950000000000118e-01 2.026367000000000029e+00 7.092289999999999983e-01 2.899169999999999803e+00 2.739257999999999971e+00
8.203129999999999589e-01 2.026367000000000029e+00 7.092289999999999983e-01 2.896729000000000109e+00 2.733153999999999861e+00
8.166499999999999870e-01 2.020264000000000060e+00 7.080079999999999707e-01 2.896729000000000109e+00 2.729492000000000029e+00
8.154299999999999882e-01 2.017821999999999782e+00 7.080079999999999707e-01 2.896729000000000109e+00 2.729492000000000029e+00
8.117680000000000451e-01 2.017821999999999782e+00 7.080079999999999707e-01 2.895507999999999971e+00 2.719726999999999784e+00
8.105470000000000175e-01 2.016601999999999784e+00 7.080079999999999707e-01 2.895507999999999971e+00 2.720946999999999782e+00
8.068849999999999634e-01 2.016601999999999784e+00 7.080079999999999707e-01 2.895507999999999971e+00 2.730713000000000168e+00
8.056640000000000468e-01 2.016601999999999784e+00 7.080079999999999707e-01 2.890625000000000000e+00 2.729492000000000029e+00
8.056640000000000468e-01 2.016601999999999784e+00 7.080079999999999707e-01 2.891846000000000139e+00 2.739257999999999971e+00
8.020019999999999927e-01 2.016601999999999784e+00 7.092289999999999983e-01 2.890625000000000000e+00 2.722167999999999921e+00
8.007809999999999651e-01 2.016601999999999784e+00 7.080079999999999707e-01 2.888183999999999862e+00 2.730713000000000168e+00
7.983400000000000496e-01 2.016601999999999784e+00 7.080079999999999707e-01 2.885742000000000029e+00 2.729492000000000029e+00
7.971190000000000220e-01 2.011718999999999813e+00 7.080079999999999707e-01 2.890625000000000000e+00 2.729492000000000029e+00
7.958979999999999944e-01 2.011718999999999813e+00 7.080079999999999707e-01 2.885742000000000029e+00 2.729492000000000029e+00
7.897950000000000248e-01 2.010498000000000118e+00 7.080079999999999707e-01 2.885742000000000029e+00 2.724609000000000059e+00
7.897950000000000248e-01 2.009276999999999980e+00 7.080079999999999707e-01 2.885742000000000029e+00 2.729492000000000029e+00
7.861329999999999707e-01 2.010498000000000118e+00 7.043460000000000276e-01 2.879639000000000060e+00 2.739257999999999971e+00
7.861329999999999707e-01 2.008056999999999981e+00 7.031250000000000000e-01 2.885742000000000029e+00 2.719726999999999784e+00
7.800289999999999724e-01 2.006835999999999842e+00 7.031250000000000000e-01 2.879639000000000060e+00 2.729492000000000029e+00
7.775879999999999459e-01 2.006835999999999842e+00 7.031250000000000000e-01 2.878417999999999921e+00 2.719726999999999784e+00
7.714839999999999476e-01 2.006835999999999842e+00 7.019039999999999724e-01 2.875976999999999784e+00 2.719726999999999784e+00
7.678220000000000045e-01 2.000732000000000177e+00 6.994629999999999459e-01 2.875976999999999784e+00 2.720946999999999782e+00
7.629390000000000338e-01 1.997069999999999901e+00 6.994629999999999459e-01 2.872313999999999812e+00 2.736816000000000138e+00
7.580569999999999808e-01 1.997069999999999901e+00 6.994629999999999459e-01 2.875976999999999784e+00 2.719726999999999784e+00
7.543950000000000378e-01 1.997069999999999901e+00 6.982420000000000293e-01 2.875976999999999784e+00 2.719726999999999784e+00
7.519529999999999825e-01 1.997069999999999901e+00 6.982420000000000293e-01 2.868651999999999980e+00 2.719726999999999784e+00
7.470700000000000118e-01 1.992188000000000070e+00 6.982420000000000293e-01 2.866210999999999842e+00 2.719726999999999784e+00
7.409670000000000423e-01 1.989746000000000015e+00 6.945799999999999752e-01 2.866210999999999842e+00 2.720946999999999782e+00
7.373049999999999882e-01 1.987305000000000099e+00 6.945799999999999752e-01 2.866210999999999842e+00 2.720946999999999782e+00
7.336430000000000451e-01 1.987305000000000099e+00 6.933589999999999476e-01 2.858887000000000178e+00 2.719726999999999784e+00
7.287599999999999634e-01 1.987305000000000099e+00 6.921389999999999487e-01 2.860107000000000177e+00 2.729492000000000029e+00
7.238769999999999927e-01 1.981200999999999990e+00 6.921389999999999487e-01 2.857666000000000039e+00 2.719726999999999784e+00
7.177729999999999944e-01 1.981200999999999990e+00 6.909180000000000321e-01 2.856444999999999901e+00 2.700194999999999901e+00
7.116700000000000248e-01 1.977538999999999936e+00 6.884770000000000056e-01 2.858887000000000178e+00 2.709960999999999842e+00
7.080079999999999707e-01 1.977538999999999936e+00 6.884770000000000056e-01 2.850341999999999931e+00 2.719726999999999784e+00
6.994629999999999459e-01 1.977538999999999936e+00 6.884770000000000056e-01 2.847900000000000098e+00 2.703857000000000177e+00
6.945799999999999752e-01 1.972655999999999965e+00 6.848140000000000338e-01 2.846680000000000099e+00 2.700194999999999901e+00
6.896970000000000045e-01 1.968993999999999911e+00 6.835940000000000349e-01 2.846680000000000099e+00 2.700194999999999901e+00
6.860349999999999504e-01 1.967772999999999994e+00 6.835940000000000349e-01 2.846680000000000099e+00 2.701416000000000039e+00
6.799319999999999808e-01 1.967772999999999994e+00 6.835940000000000349e-01 2.839354999999999851e+00 2.700194999999999901e+00
6.787109999999999532e-01 1.962890999999999941e+00 6.835940000000000349e-01 2.838134999999999852e+00 2.709960999999999842e+00
6.726069999999999549e-01 1.961670000000000025e+00 6.823730000000000073e-01 2.841797000000000128e+00 2.694091999999999931e+00
6.689450000000000118e-01 1.958007999999999971e+00 6.823730000000000073e-01 2.836914000000000158e+00 2.701416000000000039e+00
6.689450000000000118e-01 1.958007999999999971e+00 6.823730000000000073e-01 2.833251999999999882e+00 2.709960999999999842e+00
6.628420000000000423e-01 1.958007999999999971e+00 6.823730000000000073e-01 2.830811000000000188e+00 2.701416000000000039e+00
6.603999999999999870e-01 1.958007999999999971e+00 6.823730000000000073e-01 2.832031000000000187e+00 2.686767999999999823e+00
6.591799999999999882e-01 1.954345999999999917e+00 6.823730000000000073e-01 2.828368999999999911e+00 2.703857000000000177e+00
6.591799999999999882e-01 1.953125000000000000e+00 6.823730000000000073e-01 2.827148000000000216e+00 2.691650000000000098e+00
6.567380000000000440e-01 1.953125000000000000e+00 6.835940000000000349e-01 2.827148000000000216e+00 2.691650000000000098e+00
6.555180000000000451e-01 1.958007999999999971e+00 6.835940000000000349e-01 2.827148000000000216e+00 2.690430000000000099e+00
6.591799999999999882e-01 1.958007999999999971e+00 6.835940000000000349e-01 2.828368999999999911e+00 2.700194999999999901e+00
6.591799999999999882e-01 1.953125000000000000e+00 6.884770000000000056e-01 2.827148000000000216e+00 2.683104999999999851e+00
6.603999999999999870e-01 1.958007999999999971e+00 6.884770000000000056e-01 2.823485999999999940e+00 2.694091999999999931e+00
6.640629999999999589e-01 1.958007999999999971e+00 6.896970000000000045e-01 2.827148000000000216e+00 2.690430000000000099e+00
6.689450000000000118e-01 1.958007999999999971e+00 6.896970000000000045e-01 2.827148000000000216e+00 2.690430000000000099e+00
6.738279999999999825e-01 1.958007999999999971e+00 6.921389999999999487e-01 2.827148000000000216e+00 2.695313000000000070e+00
6.787109999999999532e-01 1.958007999999999971e+00 6.945799999999999752e-01 2.827148000000000216e+00 2.700194999999999901e+00
6.835940000000000349e-01 1.959229000000000109e+00 6.982420000000000293e-01 2.827148000000000216e+00 2.703857000000000177e+00
6.884770000000000056e-01 1.961670000000000025e+00 6.982420000000000293e-01 2.827148000000000216e+00 2.700194999999999901e+00
6.945799999999999752e-01 1.967772999999999994e+00 6.994629999999999459e-01 2.829590000000000050e+00 2.702637000000000178e+00
7.006839999999999735e-01 1.967772999999999994e+00 7.031250000000000000e-01 2.832031000000000187e+00 2.700194999999999901e+00
7.080079999999999707e-01 1.967772999999999994e+00 7.043460000000000276e-01 2.836914000000000158e+00 2.700194999999999901e+00
7.141110000000000513e-01 1.968993999999999911e+00 7.043460000000000276e-01 2.836914000000000158e+00 2.701416000000000039e+00
7.214359999999999662e-01 1.972655999999999965e+00 7.080079999999999707e-01 2.836914000000000158e+00 2.700194999999999901e+00
7.287599999999999634e-01 1.977538999999999936e+00 7.080079999999999707e-01 2.838134999999999852e+00 2.709960999999999842e+00
7.373049999999999882e-01 1.977538999999999936e+00 7.092289999999999983e-01 2.840575999999999990e+00 2.703857000000000177e+00
7.421879999999999589e-01 1.981200999999999990e+00 7.116700000000000248e-01 2.846680000000000099e+00 2.700194999999999901e+00
7.495119999999999560e-01 1.987305000000000099e+00 7.128910000000000524e-01 2.846680000000000099e+00 2.700194999999999901e+00
7.568359999999999532e-01 1.987305000000000099e+00 7.141110000000000513e-01 2.847900000000000098e+00 2.719726999999999784e+00
7.666020000000000056e-01 1.990966999999999931e+00 7.177729999999999944e-01 2.849120999999999793e+00 2.700194999999999901e+00
7.763670000000000293e-01 1.997069999999999901e+00 7.189940000000000220e-01 2.856444999999999901e+00 2.711181999999999981e+00
7.861329999999999707e-01 1.997069999999999901e+00 7.226559999999999651e-01 2.856444999999999901e+00 2.709960999999999842e+00
7.958979999999999944e-01 1.999511999999999956e+00 7.275390000000000468e-01 2.858887000000000178e+00 2.719726999999999784e+00
8.056640000000000468e-01 2.006835999999999842e+00 7.312009999999999899e-01 2.866210999999999842e+00 2.719726999999999784e+00
8.190920000000000423e-01 2.011718999999999813e+00 7.373049999999999882e-01 2.866210999999999842e+00 2.719726999999999784e+00
8.349609999999999532e-01 2.017821999999999782e+00 7.409670000000000423e-01 2.875976999999999784e+00 2.729492000000000029e+00
8.483889999999999487e-01 2.026367000000000029e+00 7.470700000000000118e-01 2.875976999999999784e+00 2.723389000000000060e+00
8.642579999999999707e-01 2.031250000000000000e+00 7.531740000000000101e-01 2.885742000000000029e+00 2.734375000000000000e+00
8.837890000000000468e-01 2.036132999999999971e+00 7.568359999999999532e-01 2.889403999999999861e+00 2.744140999999999941e+00
8.959960000000000147e-01 2.045898000000000216e+00 7.604980000000000073e-01 2.900390999999999941e+00 2.734375000000000000e+00
9.130859999999999532e-01 2.050781000000000187e+00 7.629390000000000338e-01 2.899169999999999803e+00 2.753906000000000187e+00
9.240720000000000045e-01 2.055664000000000158e+00 7.666020000000000056e-01 2.907715000000000050e+00 2.739257999999999971e+00
9.375000000000000000e-01 2.060547000000000128e+00 7.678220000000000045e-01 2.915039000000000158e+00 2.749023000000000216e+00
9.521479999999999944e-01 2.067870999999999793e+00 7.678220000000000045e-01 2.916259999999999852e+00 2.760009999999999852e+00
9.619140000000000468e-01 2.075194999999999901e+00 7.702639999999999487e-01 2.924805000000000099e+00 2.749023000000000216e+00
9.716799999999999882e-01 2.076416000000000039e+00 7.702639999999999487e-01 2.934569999999999901e+00 2.761229999999999851e+00
9.814450000000000118e-01 2.084960999999999842e+00 7.714839999999999476e-01 2.935791000000000039e+00 2.768555000000000099e+00
9.838869999999999560e-01 2.086181999999999981e+00 7.714839999999999476e-01 2.938232000000000177e+00 2.770995999999999793e+00
9.912109999999999532e-01 2.094726999999999784e+00 7.690430000000000321e-01 2.944335999999999842e+00 2.758789000000000158e+00
9.960940000000000349e-01 2.094726999999999784e+00 7.702639999999999487e-01 2.944335999999999842e+00 2.768555000000000099e+00
1.000977000000000006e+00 2.094726999999999784e+00 7.678220000000000045e-01 2.946776999999999980e+00 2.770995999999999793e+00
1.002197000000000005e+00 2.094726999999999784e+00 7.678220000000000045e-01 2.949218999999999813e+00 2.769775000000000098e+00
1.007079999999999975e+00 2.095946999999999782e+00 7.666020000000000056e-01 2.956542999999999921e+00 2.778319999999999901e+00
1.010742000000000029e+00 2.104492000000000029e+00 7.678220000000000045e-01 2.954101999999999784e+00 2.778319999999999901e+00
1.011962999999999946e+00 2.104492000000000029e+00 7.666020000000000056e-01 2.956542999999999921e+00 2.779541000000000039e+00
1.011962999999999946e+00 2.104492000000000029e+00 7.666020000000000056e-01 2.968750000000000000e+00 2.778319999999999901e+00
1.015625000000000000e+00 2.104492000000000029e+00 7.666020000000000056e-01 2.963867000000000029e+00 2.779541000000000039e+00
1.015625000000000000e+00 2.104492000000000029e+00 7.666020000000000056e-01 2.963867000000000029e+00 2.778319999999999901e+00
1.015625000000000000e+00 2.105713000000000168e+00 7.666020000000000056e-01 2.963867000000000029e+00 2.780762000000000178e+00
1.020507999999999971e+00 2.105713000000000168e+00 7.666020000000000056e-01 2.965088000000000168e+00 2.797851999999999784e+00
1.020507999999999971e+00 2.106933999999999862e+00 7.666020000000000056e-01 2.965088000000000168e+00 2.781982000000000177e+00
1.020507999999999971e+00 2.105713000000000168e+00 7.666020000000000056e-01 2.973632999999999971e+00 2.778319999999999901e+00
1.022949000000000108e+00 2.109375000000000000e+00 7.666020000000000056e-01 2.973632999999999971e+00 2.778319999999999901e+00
1.022949000000000108e+00 2.109375000000000000e+00 7.666020000000000056e-01 2.973632999999999971e+00 2.780762000000000178e+00
1.025390999999999941e+00 2.109375000000000000e+00 7.666020000000000056e-01 2.973632999999999971e+00 2.789306999999999981e+00
1.030272999999999994e+00 2.114257999999999971e+00 7.666020000000000056e-01 2.974854000000000109e+00 2.797851999999999784e+00
1.030272999999999994e+00 2.114257999999999971e+00 7.678220000000000045e-01 2.973632999999999971e+00 2.781982000000000177e+00
1.031493999999999911e+00 2.114257999999999971e+00 7.666020000000000056e-01 2.974854000000000109e+00 2.794188999999999812e+00
1.032715000000000050e+00 2.114257999999999971e+00 7.678220000000000045e-01 2.983398000000000216e+00 2.788085999999999842e+00
1.035155999999999965e+00 2.114257999999999971e+00 7.666020000000000056e-01 2.977294999999999803e+00 2.797851999999999784e+00
1.040038999999999936e+00 2.114257999999999971e+00 7.678220000000000045e-01 2.983398000000000216e+00 2.788085999999999842e+00
1.041260000000000074e+00 2.117919999999999803e+00 7.714839999999999476e-01 2.983398000000000216e+00 2.791748000000000118e+00
1.046143000000000045e+00 2.124023000000000216e+00 7.763670000000000293e-01 2.983398000000000216e+00 2.797851999999999784e+00
1.052246000000000015e+00 2.124023000000000216e+00 7.775879999999999459e-01 2.993164000000000158e+00 2.799071999999999782e+00
1.059569999999999901e+00 2.125243999999999911e+00 7.800289999999999724e-01 2.985840000000000050e+00 2.800292999999999921e+00
1.064453000000000094e+00 2.133789000000000158e+00 7.812500000000000000e-01 2.993164000000000158e+00 2.807617000000000029e+00
1.069336000000000064e+00 2.133789000000000158e+00 7.861329999999999707e-01 2.993164000000000158e+00 2.801514000000000060e+00
1.079102000000000006e+00 2.137450999999999990e+00 7.958979999999999944e-01 3.002930000000000099e+00 2.807617000000000029e+00
1.099854000000000109e+00 2.147216999999999931e+00 7.995609999999999662e-01 3.005370999999999793e+00 2.810058999999999862e+00
1.109618999999999911e+00 2.153319999999999901e+00 8.056640000000000468e-01 3.007813000000000070e+00 2.808838000000000168e+00
1.127930000000000099e+00 2.163085999999999842e+00 8.117680000000000451e-01 3.015137000000000178e+00 2.818604000000000109e+00
1.141356999999999955e+00 2.165526999999999980e+00 8.251950000000000118e-01 3.022460999999999842e+00 2.817382999999999971e+00
1.162109000000000059e+00 2.175292999999999921e+00 8.361819999999999808e-01 3.032226999999999784e+00 2.827148000000000216e+00
1.186522999999999994e+00 2.183838000000000168e+00 8.483889999999999487e-01 3.035889000000000060e+00 2.838134999999999852e+00
1.206055000000000099e+00 2.193604000000000109e+00 8.544920000000000293e-01 3.046875000000000000e+00 2.827148000000000216e+00
1.219481999999999955e+00 2.203368999999999911e+00 8.557129999999999459e-01 3.054199000000000108e+00 2.836914000000000158e+00
1.231689000000000034e+00 2.211914000000000158e+00 8.544920000000000293e-01 3.061523000000000216e+00 2.846680000000000099e+00
1.237792999999999921e+00 2.214354999999999851e+00 8.508299999999999752e-01 3.071289000000000158e+00 2.849120999999999793e+00
1.240234000000000059e+00 2.221680000000000099e+00 8.447270000000000056e-01 3.071289000000000158e+00 2.856444999999999901e+00
1.245117000000000029e+00 2.221680000000000099e+00 8.398440000000000349e-01 3.073729999999999851e+00 2.856444999999999901e+00
1.237792999999999921e+00 2.221680000000000099e+00 8.349609999999999532e-01 3.074950999999999990e+00 2.867431999999999981e+00
1.235352000000000006e+00 2.221680000000000099e+00 8.300779999999999825e-01 3.079833999999999961e+00 2.856444999999999901e+00
1.235352000000000006e+00 2.221680000000000099e+00 8.251950000000000118e-01 3.081055000000000099e+00 2.846680000000000099e+00
1.226806999999999981e+00 2.221680000000000099e+00 8.203129999999999589e-01 3.081055000000000099e+00 2.850341999999999931e+00
1.225586000000000064e+00 2.215575999999999990e+00 8.166499999999999870e-01 3.081055000000000099e+00 2.860107000000000177e+00
1.217041000000000039e+00 2.215575999999999990e+00 8.117680000000000451e-01 3.081055000000000099e+00 2.866210999999999842e+00
1.212158000000000069e+00 2.213134999999999852e+00 8.093259999999999899e-01 3.081055000000000099e+00 2.866210999999999842e+00
1.206055000000000099e+00 2.211914000000000158e+00 8.020019999999999927e-01 3.081055000000000099e+00 2.860107000000000177e+00
1.199950999999999990e+00 2.211914000000000158e+00 7.983400000000000496e-01 3.073729999999999851e+00 2.866210999999999842e+00
1.196288999999999936e+00 2.203368999999999911e+00 7.958979999999999944e-01 3.074950999999999990e+00 2.866210999999999842e+00
1.186522999999999994e+00 2.202148000000000216e+00 7.910160000000000524e-01 3.071289000000000158e+00 2.840575999999999990e+00
1.179199000000000108e+00 2.198485999999999940e+00 7.873539999999999983e-01 3.071289000000000158e+00 2.856444999999999901e+00
1.166992000000000029e+00 2.194824000000000108e+00 7.812500000000000000e-01 3.062743999999999911e+00 2.857666000000000039e+00
1.157227000000000006e+00 2.187500000000000000e+00 7.763670000000000293e-01 3.061523000000000216e+00 2.839354999999999851e+00
1.147461000000000064e+00 2.182617000000000029e+00 7.727049999999999752e-01 3.061523000000000216e+00 2.847900000000000098e+00
1.138916000000000039e+00 2.182617000000000029e+00 7.727049999999999752e-01 3.052979000000000109e+00 2.856444999999999901e+00
1.132813000000000070e+00 2.182617000000000029e+00 7.690430000000000321e-01 3.051757999999999971e+00 2.836914000000000158e+00
1.127930000000000099e+00 2.175292999999999921e+00 7.678220000000000045e-01 3.051757999999999971e+00 2.839354999999999851e+00
1.118163999999999936e+00 2.172851999999999784e+00 7.629390000000000338e-01 3.051757999999999971e+00 2.841797000000000128e+00
1.110840000000000050e+00 2.172851999999999784e+00 7.617190000000000349e-01 3.051757999999999971e+00 2.838134999999999852e+00
1.108397999999999994e+00 2.164306999999999981e+00 7.592769999999999797e-01 3.041992000000000029e+00 2.838134999999999852e+00
1.099854000000000109e+00 2.163085999999999842e+00 7.580569999999999808e-01 3.035889000000000060e+00 2.846680000000000099e+00
1.093750000000000000e+00 2.156982000000000177e+00 7.592769999999999797e-01 3.035889000000000060e+00 2.830811000000000188e+00
1.088867000000000029e+00 2.156982000000000177e+00 7.568359999999999532e-01 3.034667999999999921e+00 2.819824000000000108e+00
1.085204999999999975e+00 2.156982000000000177e+00 7.580569999999999808e-01 3.032226999999999784e+00 2.827148000000000216e+00
1.083984000000000059e+00 2.153319999999999901e+00 7.604980000000000073e-01 3.032226999999999784e+00 2.829590000000000050e+00
1.080322000000000005e+00 2.153319999999999901e+00 7.617190000000000349e-01 3.032226999999999784e+00 2.827148000000000216e+00
1.080322000000000005e+00 2.153319999999999901e+00 7.629390000000000338e-01 3.032226999999999784e+00 2.828368999999999911e+00
1.080322000000000005e+00 2.153319999999999901e+00 7.629390000000000338e-01 3.032226999999999784e+00 2.829590000000000050e+00
1.080322000000000005e+00 2.153319999999999901e+00 7.666020000000000056e-01 3.032226999999999784e+00 2.827148000000000216e+00
1.080322000000000005e+00 2.153319999999999901e+00 7.666020000000000056e-01 3.032226999999999784e+00 2.827148000000000216e+00
1.079102000000000006e+00 2.153319999999999901e+00 7.666020000000000056e-01 3.027343999999999813e+00 2.827148000000000216e+00
1.079102000000000006e+00 2.153319999999999901e+00 7.666020000000000056e-01 3.026123000000000118e+00 2.836914000000000158e+00
1.079102000000000006e+00 2.153319999999999901e+00 7.666020000000000056e-01 3.023681999999999981e+00 2.827148000000000216e+00
1.074219000000000035e+00 2.147216999999999931e+00 7.666020000000000056e-01 3.026123000000000118e+00 2.817382999999999971e+00
1.070556999999999981e+00 2.148438000000000070e+00 7.629390000000000338e-01 3.023681999999999981e+00 2.817382999999999971e+00
1.070556999999999981e+00 2.153319999999999901e+00 7.629390000000000338e-01 3.023681999999999981e+00 2.818604000000000109e+00
1.069336000000000064e+00 2.147216999999999931e+00 7.617190000000000349e-01 3.022460999999999842e+00 2.807617000000000029e+00
1.066894999999999927e+00 2.144775000000000098e+00 7.617190000000000349e-01 3.022460999999999842e+00 2.817382999999999971e+00
1.060791000000000039e+00 2.144775000000000098e+00 7.604980000000000073e-01 3.022460999999999842e+00 2.818604000000000109e+00
1.059569999999999901e+00 2.143555000000000099e+00 7.580569999999999808e-01 3.018799000000000010e+00 2.836914000000000158e+00
1.054688000000000070e+00 2.143555000000000099e+00 7.580569999999999808e-01 3.024901999999999980e+00 2.817382999999999971e+00
1.051025000000000098e+00 2.143555000000000099e+00 7.568359999999999532e-01 3.015137000000000178e+00 2.822265999999999941e+00
1.049805000000000099e+00 2.139892999999999823e+00 7.568359999999999532e-01 3.013916000000000039e+00 2.827148000000000216e+00
1.040038999999999936e+00 2.133789000000000158e+00 7.507319999999999549e-01 3.012694999999999901e+00 2.811278999999999861e+00
1.035155999999999965e+00 2.135009999999999852e+00 7.507319999999999549e-01 3.012694999999999901e+00 2.817382999999999971e+00
1.031493999999999911e+00 2.133789000000000158e+00 7.482910000000000394e-01 3.012694999999999901e+00 2.817382999999999971e+00
1.025390999999999941e+00 2.127686000000000188e+00 7.482910000000000394e-01 3.012694999999999901e+00 2.818604000000000109e+00
1.021729000000000109e+00 2.128906000000000187e+00 7.470700000000000118e-01 3.006591999999999931e+00 2.827148000000000216e+00
1.020507999999999971e+00 2.125243999999999911e+00 7.470700000000000118e-01 3.005370999999999793e+00 2.806395999999999891e+00
1.011962999999999946e+00 2.125243999999999911e+00 7.470700000000000118e-01 3.002930000000000099e+00 2.807617000000000029e+00
1.002197000000000005e+00 2.124023000000000216e+00 7.421879999999999589e-01 2.996825999999999990e+00 2.818604000000000109e+00
1.000977000000000006e+00 2.117919999999999803e+00 7.409670000000000423e-01 2.998047000000000128e+00 2.800292999999999921e+00
9.912109999999999532e-01 2.115479000000000109e+00 7.397460000000000147e-01 2.994384999999999852e+00 2.817382999999999971e+00
9.851069999999999549e-01 2.114257999999999971e+00 7.373049999999999882e-01 2.993164000000000158e+00 2.797851999999999784e+00
9.814450000000000118e-01 2.114257999999999971e+00 7.373049999999999882e-01 2.993164000000000158e+00 2.799071999999999782e+00
9.728999999999999870e-01 2.109375000000000000e+00 7.324220000000000175e-01 2.988281000000000187e+00 2.799071999999999782e+00
9.655759999999999899e-01 2.105713000000000168e+00 7.324220000000000175e-01 2.987061000000000188e+00 2.808838000000000168e+00
9.619140000000000468e-01 2.104492000000000029e+00 7.275390000000000468e-01 2.983398000000000216e+00 2.789306999999999981e+00
9.521479999999999944e-01 2.098389000000000060e+00 7.275390000000000468e-01 2.983398000000000216e+00 2.792968999999999813e+00
9.448239999999999972e-01 2.095946999999999782e+00 7.238769999999999927e-01 2.983398000000000216e+00 2.797851999999999784e+00
9.375000000000000000e-01 2.094726999999999784e+00 7.226559999999999651e-01 2.973632999999999971e+00 2.797851999999999784e+00
9.326170000000000293e-01 2.088623000000000118e+00 7.202150000000000496e-01 2.976074000000000108e+00 2.797851999999999784e+00
9.228520000000000056e-01 2.086181999999999981e+00 7.189940000000000220e-01 2.973632999999999971e+00 2.797851999999999784e+00
9.143069999999999808e-01 2.084960999999999842e+00 7.177729999999999944e-01 2.968750000000000000e+00 2.788085999999999842e+00
9.082029999999999825e-01 2.078857000000000177e+00 7.141110000000000513e-01 2.963867000000000029e+00 2.790526999999999980e+00
8.996579999999999577e-01 2.078857000000000177e+00 7.141110000000000513e-01 2.963867000000000029e+00 2.791748000000000118e+00
8.935549999999999882e-01 2.075194999999999901e+00 7.116700000000000248e-01 2.956542999999999921e+00 2.789306999999999981e+00
8.850099999999999634e-01 2.075194999999999901e+00 7.092289999999999983e-01 2.954101999999999784e+00 2.781982000000000177e+00
8.776859999999999662e-01 2.066650000000000098e+00 7.080079999999999707e-01 2.954101999999999784e+00 2.780762000000000178e+00
8.703610000000000513e-01 2.065430000000000099e+00 7.080079999999999707e-01 2.954101999999999784e+00 2.780762000000000178e+00
8.642579999999999707e-01 2.061767999999999823e+00 7.043460000000000276e-01 2.946776999999999980e+00 2.788085999999999842e+00
8.569339999999999735e-01 2.055664000000000158e+00 7.031250000000000000e-01 2.946776999999999980e+00 2.778319999999999901e+00
8.496089999999999476e-01 2.055664000000000158e+00 7.031250000000000000e-01 2.944335999999999842e+00 2.772216999999999931e+00
8.410640000000000338e-01 2.055664000000000158e+00 7.019039999999999724e-01 2.939452999999999872e+00 2.778319999999999901e+00
8.349609999999999532e-01 2.047118999999999911e+00 7.006839999999999735e-01 2.934569999999999901e+00 2.768555000000000099e+00
8.264160000000000394e-01 2.045898000000000216e+00 6.994629999999999459e-01 2.934569999999999901e+00 2.768555000000000099e+00
8.215329999999999577e-01 2.045898000000000216e+00 6.982420000000000293e-01 2.926025000000000098e+00 2.772216999999999931e+00
8.154299999999999882e-01 2.038574000000000108e+00 6.982420000000000293e-01 2.924805000000000099e+00 2.753906000000000187e+00
8.093259999999999899e-01 2.036132999999999971e+00 6.982420000000000293e-01 2.924805000000000099e+00 2.758789000000000158e+00
8.056640000000000468e-01 2.036132999999999971e+00 6.982420000000000293e-01 2.926025000000000098e+00 2.768555000000000099e+00
7.971190000000000220e-01 2.036132999999999971e+00 6.982420000000000293e-01 2.917479999999999851e+00 2.749023000000000216e+00
7.922360000000000513e-01 2.031250000000000000e+00 6.945799999999999752e-01 2.915039000000000158e+00 2.751465000000000050e+00
7.873539999999999983e-01 2.031250000000000000e+00 6.945799999999999752e-01 2.915039000000000158e+00 2.758789000000000158e+00
7.824710000000000276e-01 2.030028999999999861e+00 6.945799999999999752e-01 2.910156000000000187e+00 2.756348000000000020e+00
7.775879999999999459e-01 2.026367000000000029e+00 6.933589999999999476e-01 2.908936000000000188e+00 2.763672000000000128e+00
7.714839999999999476e-01 2.026367000000000029e+00 6.921389999999999487e-01 2.904053000000000218e+00 2.760009999999999852e+00
7.666020000000000056e-01 2.017821999999999782e+00 6.933589999999999476e-01 2.905273000000000216e+00 2.739257999999999971e+00
7.617190000000000349e-01 2.016601999999999784e+00 6.921389999999999487e-01 2.905273000000000216e+00 2.740479000000000109e+00
7.568359999999999532e-01 2.016601999999999784e+00 6.909180000000000321e-01 2.905273000000000216e+00 2.740479000000000109e+00
7.531740000000000101e-01 2.016601999999999784e+00 6.896970000000000045e-01 2.896729000000000109e+00 2.758789000000000158e+00
7.470700000000000118e-01 2.009276999999999980e+00 6.896970000000000045e-01 2.895507999999999971e+00 2.739257999999999971e+00
7.421879999999999589e-01 2.008056999999999981e+00 6.884770000000000056e-01 2.895507999999999971e+00 2.739257999999999971e+00
7.385249999999999870e-01 2.006835999999999842e+00 6.896970000000000045e-01 2.890625000000000000e+00 2.744140999999999941e+00
7.336430000000000451e-01 2.006835999999999842e+00 6.884770000000000056e-01 2.895507999999999971e+00 2.741699000000000108e+00
7.287599999999999634e-01 2.006835999999999842e+00 6.884770000000000056e-01 2.885742000000000029e+00 2.739257999999999971e+00
7.275390000000000468e-01 2.006835999999999842e+00 6.884770000000000056e-01 2.885742000000000029e+00 2.739257999999999971e+00
7.214359999999999662e-01 2.001952999999999872e+00 6.884770000000000056e-01 2.885742000000000029e+00 2.739257999999999971e+00
7.177729999999999944e-01 2.000732000000000177e+00 6.884770000000000056e-01 2.879639000000000060e+00 2.742919999999999803e+00
7.141110000000000513e-01 1.998291000000000039e+00 6.884770000000000056e-01 2.877196999999999782e+00 2.729492000000000029e+00
7.092289999999999983e-01 1.997069999999999901e+00 6.884770000000000056e-01 2.875976999999999784e+00 2.719726999999999784e+00
7.080079999999999707e-01 1.997069999999999901e+00 6.884770000000000056e-01 2.875976999999999784e+00 2.729492000000000029e+00
7.031250000000000000e-01 1.997069999999999901e+00 6.884770000000000056e-01 2.875976999999999784e+00 2.729492000000000029e+00
7.031250000000000000e-01 1.990966999999999931e+00 6.884770000000000056e-01 2.875976999999999784e+00 2.729492000000000029e+00
6.982420000000000293e-01 1.990966999999999931e+00 6.860349999999999504e-01 2.875976999999999784e+00 2.729492000000000029e+00
6.982420000000000293e-01 1.988525000000000098e+00 6.884770000000000056e-01 2.875976999999999784e+00 2.723389000000000060e+00
6.945799999999999752e-01 1.988525000000000098e+00 6.884770000000000056e-01 2.866210999999999842e+00 2.729492000000000029e+00
6.921389999999999487e-01 1.987305000000000099e+00 6.872559999999999780e-01 2.866210999999999842e+00 2.729492000000000029e+00
6.896970000000000045e-01 1.987305000000000099e+00 6.884770000000000056e-01 2.866210999999999842e+00 2.723389000000000060e+00
6.896970000000000045e-01 1.987305000000000099e+00 6.884770000000000056e-01 2.866210999999999842e+00 2.722167999999999921e+00
6.884770000000000056e-01 1.987305000000000099e+00 6.884770000000000056e-01 2.866210999999999842e+00 2.723389000000000060e+00
