2.160640000000000061e-01 1.746825999999999990e+00 6.408690000000000220e-01 2.554931999999999981e+00
2.160640000000000061e-01 1.749268000000000045e+00 6.408690000000000220e-01 2.553710999999999842e+00
2.160640000000000061e-01 1.748046999999999906e+00 6.408690000000000220e-01 2.556151999999999980e+00
2.160640000000000061e-01 1.752930000000000099e+00 6.408690000000000220e-01 2.554931999999999981e+00
2.148440000000000072e-01 1.748046999999999906e+00 6.408690000000000220e-01 2.554931999999999981e+00
2.148440000000000072e-01 1.746825999999999990e+00 6.408690000000000220e-01 2.553710999999999842e+00
2.148440000000000072e-01 1.746825999999999990e+00 6.408690000000000220e-01 2.554931999999999981e+00
2.148440000000000072e-01 1.746825999999999990e+00 6.408690000000000220e-01 2.553710999999999842e+00
2.148440000000000072e-01 1.745605000000000073e+00 6.408690000000000220e-01 2.553710999999999842e+00
2.148440000000000072e-01 1.746825999999999990e+00 6.408690000000000220e-01 2.556151999999999980e+00
2.148440000000000072e-01 1.745605000000000073e+00 6.408690000000000220e-01 2.553710999999999842e+00
2.148440000000000072e-01 1.745605000000000073e+00 6.408690000000000220e-01 2.553710999999999842e+00
2.148440000000000072e-01 1.744385000000000074e+00 6.408690000000000220e-01 2.553710999999999842e+00
2.148440000000000072e-01 1.745605000000000073e+00 6.408690000000000220e-01 2.553710999999999842e+00
2.148440000000000072e-01 1.748046999999999906e+00 6.408690000000000220e-01 2.553710999999999842e+00
2.148440000000000072e-01 1.744385000000000074e+00 6.408690000000000220e-01 2.553710999999999842e+00
2.148440000000000072e-01 1.744385000000000074e+00 6.408690000000000220e-01 2.553710999999999842e+00
2.148440000000000072e-01 1.744385000000000074e+00 6.408690000000000220e-01 2.553710999999999842e+00
2.148440000000000072e-01 1.744385000000000074e+00 6.408690000000000220e-01 2.553710999999999842e+00
2.148440000000000072e-01 1.743163999999999936e+00 6.408690000000000220e-01 2.553710999999999842e+00
2.148440000000000072e-01 1.743163999999999936e+00 6.408690000000000220e-01 2.558593999999999813e+00
2.148440000000000072e-01 1.743163999999999936e+00 6.408690000000000220e-01 2.553710999999999842e+00
2.148440000000000072e-01 1.744385000000000074e+00 6.408690000000000220e-01 2.553710999999999842e+00
2.148440000000000072e-01 1.744385000000000074e+00 6.408690000000000220e-01 2.553710999999999842e+00
2.148440000000000072e-01 1.745605000000000073e+00 6.408690000000000220e-01 2.553710999999999842e+00
2.148440000000000072e-01 1.744385000000000074e+00 6.408690000000000220e-01 2.553710999999999842e+00
2.148440000000000072e-01 1.743163999999999936e+00 6.408690000000000220e-01 2.553710999999999842e+00
2.148440000000000072e-01 1.744385000000000074e+00 6.408690000000000220e-01 2.553710999999999842e+00
2.148440000000000072e-01 1.744385000000000074e+00 6.408690000000000220e-01 2.553710999999999842e+00
2.160640000000000061e-01 1.744385000000000074e+00 6.408690000000000220e-01 2.553710999999999842e+00
2.197270000000000056e-01 1.744385000000000074e+00 6.433109999999999662e-01 2.553710999999999842e+00
2.221680000000000044e-01 1.746825999999999990e+00 6.457519999999999927e-01 2.553710999999999842e+00
2.319340000000000013e-01 1.752930000000000099e+00 6.542970000000000175e-01 2.554931999999999981e+00
2.490229999999999944e-01 1.759033000000000069e+00 6.689450000000000118e-01 2.563476999999999784e+00
2.746580000000000132e-01 1.772461000000000064e+00 6.823730000000000073e-01 2.565917999999999921e+00
3.076169999999999738e-01 1.782227000000000006e+00 6.982420000000000293e-01 2.573242000000000029e+00
3.076169999999999738e-01 1.782227000000000006e+00 6.982420000000000293e-01 2.573242000000000029e+00
3.417970000000000175e-01 1.796875000000000000e+00 7.080079999999999707e-01 2.583007999999999971e+00
3.820799999999999752e-01 1.811522999999999994e+00 7.177729999999999944e-01 2.602539000000000158e+00
4.248049999999999882e-01 1.831055000000000099e+00 7.287599999999999634e-01 2.612305000000000099e+00
4.736330000000000262e-01 1.850586000000000064e+00 7.409670000000000423e-01 2.623291000000000039e+00
5.187990000000000101e-01 1.871337999999999946e+00 7.519529999999999825e-01 2.641601999999999784e+00
5.676269999999999927e-01 1.889647999999999994e+00 7.604980000000000073e-01 2.661132999999999971e+00
6.103520000000000056e-01 1.909180000000000099e+00 7.678220000000000045e-01 2.680664000000000158e+00
6.494140000000000468e-01 1.920166000000000039e+00 7.763670000000000293e-01 2.692870999999999793e+00
6.884770000000000056e-01 1.938477000000000006e+00 7.775879999999999459e-01 2.709960999999999842e+00
7.189940000000000220e-01 1.953125000000000000e+00 7.812500000000000000e-01 2.729492000000000029e+00
7.482910000000000394e-01 1.968993999999999911e+00 7.861329999999999707e-01 2.742919999999999803e+00
7.763670000000000293e-01 1.978760000000000074e+00 7.861329999999999707e-01 2.758789000000000158e+00
7.958979999999999944e-01 1.990966999999999931e+00 7.861329999999999707e-01 2.778319999999999901e+00
8.154299999999999882e-01 1.997069999999999901e+00 7.861329999999999707e-01 2.788085999999999842e+00
8.264160000000000394e-01 2.006835999999999842e+00 7.812500000000000000e-01 2.797851999999999784e+00
8.386230000000000073e-01 2.016601999999999784e+00 7.800289999999999724e-01 2.807617000000000029e+00
8.483889999999999487e-01 2.017821999999999782e+00 7.775879999999999459e-01 2.817382999999999971e+00
8.557129999999999459e-01 2.026367000000000029e+00 7.775879999999999459e-01 2.828368999999999911e+00
8.642579999999999707e-01 2.027588000000000168e+00 7.763670000000000293e-01 2.829590000000000050e+00
8.740229999999999944e-01 2.036132999999999971e+00 7.763670000000000293e-01 2.836914000000000158e+00
8.837890000000000468e-01 2.036132999999999971e+00 7.763670000000000293e-01 2.846680000000000099e+00
8.886720000000000175e-01 2.037354000000000109e+00 7.763670000000000293e-01 2.849120999999999793e+00
8.947749999999999870e-01 2.045898000000000216e+00 7.763670000000000293e-01 2.856444999999999901e+00
9.033200000000000118e-01 2.047118999999999911e+00 7.763670000000000293e-01 2.858887000000000178e+00
9.069819999999999549e-01 2.050781000000000187e+00 7.763670000000000293e-01 2.866210999999999842e+00
9.130859999999999532e-01 2.055664000000000158e+00 7.763670000000000293e-01 2.866210999999999842e+00
9.155269999999999797e-01 2.054443000000000019e+00 7.763670000000000293e-01 2.872313999999999812e+00
9.191890000000000338e-01 2.055664000000000158e+00 7.714839999999999476e-01 2.875976999999999784e+00
9.228520000000000056e-01 2.055664000000000158e+00 7.702639999999999487e-01 2.877196999999999782e+00
9.228520000000000056e-01 2.055664000000000158e+00 7.666020000000000056e-01 2.879639000000000060e+00
9.228520000000000056e-01 2.058104999999999851e+00 7.666020000000000056e-01 2.879639000000000060e+00
9.228520000000000056e-01 2.060547000000000128e+00 7.629390000000000338e-01 2.885742000000000029e+00
9.228520000000000056e-01 2.056884999999999852e+00 7.580569999999999808e-01 2.885742000000000029e+00
9.143069999999999808e-01 2.056884999999999852e+00 7.568359999999999532e-01 2.885742000000000029e+00
9.130859999999999532e-01 2.055664000000000158e+00 7.531740000000000101e-01 2.885742000000000029e+00
9.045410000000000394e-01 2.055664000000000158e+00 7.507319999999999549e-01 2.885742000000000029e+00
9.033200000000000118e-01 2.050781000000000187e+00 7.470700000000000118e-01 2.885742000000000029e+00
8.972170000000000423e-01 2.048340000000000050e+00 7.470700000000000118e-01 2.885742000000000029e+00
8.935549999999999882e-01 2.047118999999999911e+00 7.409670000000000423e-01 2.879639000000000060e+00
8.850099999999999634e-01 2.045898000000000216e+00 7.385249999999999870e-01 2.879639000000000060e+00
8.801269999999999927e-01 2.045898000000000216e+00 7.373049999999999882e-01 2.878417999999999921e+00
8.740229999999999944e-01 2.039794999999999803e+00 7.373049999999999882e-01 2.877196999999999782e+00
8.679200000000000248e-01 2.036132999999999971e+00 7.324220000000000175e-01 2.875976999999999784e+00
8.605960000000000276e-01 2.036132999999999971e+00 7.299799999999999622e-01 2.875976999999999784e+00
8.557129999999999459e-01 2.031250000000000000e+00 7.287599999999999634e-01 2.867431999999999981e+00
8.483889999999999487e-01 2.027588000000000168e+00 7.275390000000000468e-01 2.867431999999999981e+00
8.410640000000000338e-01 2.030028999999999861e+00 7.238769999999999927e-01 2.866210999999999842e+00
8.349609999999999532e-01 2.020264000000000060e+00 7.226559999999999651e-01 2.861327999999999872e+00
8.288569999999999549e-01 2.019042999999999921e+00 7.202150000000000496e-01 2.856444999999999901e+00
8.288569999999999549e-01 2.019042999999999921e+00 7.202150000000000496e-01 2.856444999999999901e+00
8.251950000000000118e-01 2.019042999999999921e+00 7.189940000000000220e-01 2.856444999999999901e+00
8.166499999999999870e-01 2.016601999999999784e+00 7.177729999999999944e-01 2.856444999999999901e+00
8.154299999999999882e-01 2.011718999999999813e+00 7.177729999999999944e-01 2.856444999999999901e+00
8.068849999999999634e-01 2.011718999999999813e+00 7.177729999999999944e-01 2.856444999999999901e+00
8.007809999999999651e-01 2.008056999999999981e+00 7.177729999999999944e-01 2.847900000000000098e+00
7.958979999999999944e-01 2.006835999999999842e+00 7.177729999999999944e-01 2.850341999999999931e+00
7.910160000000000524e-01 2.006835999999999842e+00 7.141110000000000513e-01 2.840575999999999990e+00
7.861329999999999707e-01 2.000732000000000177e+00 7.141110000000000513e-01 2.846680000000000099e+00
7.812500000000000000e-01 1.997069999999999901e+00 7.141110000000000513e-01 2.846680000000000099e+00
7.775879999999999459e-01 1.998291000000000039e+00 7.116700000000000248e-01 2.840575999999999990e+00
7.702639999999999487e-01 1.997069999999999901e+00 7.104489999999999972e-01 2.836914000000000158e+00
7.666020000000000056e-01 1.992188000000000070e+00 7.092289999999999983e-01 2.836914000000000158e+00
7.580569999999999808e-01 1.990966999999999931e+00 7.080079999999999707e-01 2.836914000000000158e+00
7.531740000000000101e-01 1.988525000000000098e+00 7.080079999999999707e-01 2.836914000000000158e+00
7.470700000000000118e-01 1.987305000000000099e+00 7.080079999999999707e-01 2.827148000000000216e+00
7.421879999999999589e-01 1.987305000000000099e+00 7.043460000000000276e-01 2.832031000000000187e+00
7.373049999999999882e-01 1.978760000000000074e+00 7.031250000000000000e-01 2.824707000000000079e+00
7.287599999999999634e-01 1.977538999999999936e+00 7.031250000000000000e-01 2.821044999999999803e+00
7.226559999999999651e-01 1.977538999999999936e+00 6.994629999999999459e-01 2.827148000000000216e+00
7.177729999999999944e-01 1.973877000000000104e+00 6.994629999999999459e-01 2.817382999999999971e+00
7.092289999999999983e-01 1.971435999999999966e+00 6.982420000000000293e-01 2.817382999999999971e+00
7.031250000000000000e-01 1.967772999999999994e+00 6.982420000000000293e-01 2.817382999999999971e+00
6.982420000000000293e-01 1.967772999999999994e+00 6.982420000000000293e-01 2.811278999999999861e+00
6.933589999999999476e-01 1.967772999999999994e+00 6.982420000000000293e-01 2.810058999999999862e+00
6.884770000000000056e-01 1.962890999999999941e+00 6.982420000000000293e-01 2.807617000000000029e+00
6.835940000000000349e-01 1.959229000000000109e+00 6.982420000000000293e-01 2.807617000000000029e+00
6.787109999999999532e-01 1.959229000000000109e+00 6.982420000000000293e-01 2.801514000000000060e+00
6.750490000000000101e-01 1.959229000000000109e+00 6.994629999999999459e-01 2.801514000000000060e+00
6.701660000000000394e-01 1.958007999999999971e+00 6.982420000000000293e-01 2.801514000000000060e+00
6.689450000000000118e-01 1.958007999999999971e+00 6.982420000000000293e-01 2.797851999999999784e+00
6.640629999999999589e-01 1.958007999999999971e+00 6.982420000000000293e-01 2.797851999999999784e+00
6.628420000000000423e-01 1.958007999999999971e+00 6.982420000000000293e-01 2.802734000000000059e+00
6.603999999999999870e-01 1.953125000000000000e+00 6.982420000000000293e-01 2.797851999999999784e+00
6.591799999999999882e-01 1.953125000000000000e+00 6.982420000000000293e-01 2.797851999999999784e+00
6.542970000000000175e-01 1.948242000000000029e+00 6.982420000000000293e-01 2.797851999999999784e+00
6.518549999999999622e-01 1.953125000000000000e+00 6.982420000000000293e-01 2.789306999999999981e+00
6.506349999999999634e-01 1.949462999999999946e+00 6.982420000000000293e-01 2.792968999999999813e+00
6.469730000000000203e-01 1.949462999999999946e+00 6.982420000000000293e-01 2.792968999999999813e+00
6.445309999999999651e-01 1.953125000000000000e+00 6.982420000000000293e-01 2.788085999999999842e+00
6.445309999999999651e-01 1.948242000000000029e+00 6.982420000000000293e-01 2.788085999999999842e+00
6.408690000000000220e-01 1.948242000000000029e+00 6.982420000000000293e-01 2.788085999999999842e+00
6.408690000000000220e-01 1.948242000000000029e+00 6.982420000000000293e-01 2.788085999999999842e+00
6.396479999999999944e-01 1.948242000000000029e+00 6.982420000000000293e-01 2.788085999999999842e+00
6.396479999999999944e-01 1.953125000000000000e+00 6.982420000000000293e-01 2.788085999999999842e+00
6.372069999999999679e-01 1.948242000000000029e+00 6.982420000000000293e-01 2.788085999999999842e+00
6.359860000000000513e-01 1.948242000000000029e+00 6.982420000000000293e-01 2.788085999999999842e+00
6.347660000000000524e-01 1.943359000000000059e+00 6.982420000000000293e-01 2.788085999999999842e+00
6.311039999999999983e-01 1.948242000000000029e+00 6.982420000000000293e-01 2.781982000000000177e+00
6.298829999999999707e-01 1.948242000000000029e+00 6.945799999999999752e-01 2.780762000000000178e+00
6.262210000000000276e-01 1.942139000000000060e+00 6.945799999999999752e-01 2.783202999999999872e+00
6.250000000000000000e-01 1.939697000000000005e+00 6.933589999999999476e-01 2.781982000000000177e+00
6.213379999999999459e-01 1.939697000000000005e+00 6.933589999999999476e-01 2.779541000000000039e+00
6.201170000000000293e-01 1.939697000000000005e+00 6.909180000000000321e-01 2.778319999999999901e+00
6.152339999999999476e-01 1.938477000000000006e+00 6.909180000000000321e-01 2.778319999999999901e+00
6.115720000000000045e-01 1.938477000000000006e+00 6.896970000000000045e-01 2.778319999999999901e+00
6.066890000000000338e-01 1.934814000000000034e+00 6.884770000000000056e-01 2.772216999999999931e+00
6.018069999999999808e-01 1.938477000000000006e+00 6.884770000000000056e-01 2.769775000000000098e+00
6.005859999999999532e-01 1.929931999999999981e+00 6.884770000000000056e-01 2.770995999999999793e+00
5.957029999999999825e-01 1.928711000000000064e+00 6.848140000000000338e-01 2.768555000000000099e+00
5.908200000000000118e-01 1.928711000000000064e+00 6.835940000000000349e-01 2.768555000000000099e+00
5.847170000000000423e-01 1.928711000000000064e+00 6.823730000000000073e-01 2.768555000000000099e+00
5.810549999999999882e-01 1.923828000000000094e+00 6.811519999999999797e-01 2.762450999999999990e+00
5.761720000000000175e-01 1.921386999999999956e+00 6.799319999999999808e-01 2.768555000000000099e+00
5.712890000000000468e-01 1.922606999999999955e+00 6.799319999999999808e-01 2.760009999999999852e+00
5.651859999999999662e-01 1.918944999999999901e+00 6.799319999999999808e-01 2.758789000000000158e+00
5.615229999999999944e-01 1.918944999999999901e+00 6.787109999999999532e-01 2.758789000000000158e+00
5.529789999999999983e-01 1.912841999999999931e+00 6.738279999999999825e-01 2.760009999999999852e+00
5.480960000000000276e-01 1.914063000000000070e+00 6.738279999999999825e-01 2.751465000000000050e+00
5.419920000000000293e-01 1.909180000000000099e+00 6.738279999999999825e-01 2.750243999999999911e+00
5.358889999999999487e-01 1.909180000000000099e+00 6.726069999999999549e-01 2.749023000000000216e+00
5.322270000000000056e-01 1.909180000000000099e+00 6.701660000000000394e-01 2.749023000000000216e+00
5.236819999999999808e-01 1.899413999999999936e+00 6.689450000000000118e-01 2.741699000000000108e+00
5.187990000000000101e-01 1.899413999999999936e+00 6.689450000000000118e-01 2.739257999999999971e+00
5.126950000000000118e-01 1.899413999999999936e+00 6.689450000000000118e-01 2.739257999999999971e+00
5.065920000000000423e-01 1.893310999999999966e+00 6.652829999999999577e-01 2.739257999999999971e+00
4.992679999999999896e-01 1.892090000000000050e+00 6.652829999999999577e-01 2.734375000000000000e+00
4.931639999999999913e-01 1.889647999999999994e+00 6.628420000000000423e-01 2.730713000000000168e+00
4.846190000000000220e-01 1.889647999999999994e+00 6.628420000000000423e-01 2.728270999999999891e+00
4.797359999999999958e-01 1.882324000000000108e+00 6.603999999999999870e-01 2.729492000000000029e+00
4.736330000000000262e-01 1.881104000000000109e+00 6.603999999999999870e-01 2.720946999999999782e+00
4.663089999999999735e-01 1.879882999999999971e+00 6.591799999999999882e-01 2.719726999999999784e+00
4.602049999999999752e-01 1.879882999999999971e+00 6.591799999999999882e-01 2.719726999999999784e+00
4.541020000000000056e-01 1.875000000000000000e+00 6.591799999999999882e-01 2.719726999999999784e+00
4.467769999999999797e-01 1.872559000000000085e+00 6.555180000000000451e-01 2.709960999999999842e+00
4.406740000000000101e-01 1.870117000000000029e+00 6.555180000000000451e-01 2.709960999999999842e+00
4.345700000000000118e-01 1.870117000000000029e+00 6.555180000000000451e-01 2.703857000000000177e+00
4.284669999999999868e-01 1.861572000000000005e+00 6.530759999999999899e-01 2.702637000000000178e+00
4.248049999999999882e-01 1.860352000000000006e+00 6.530759999999999899e-01 2.702637000000000178e+00
4.174800000000000177e-01 1.860352000000000006e+00 6.530759999999999899e-01 2.700194999999999901e+00
4.125980000000000203e-01 1.860352000000000006e+00 6.530759999999999899e-01 2.700194999999999901e+00
4.064940000000000220e-01 1.855469000000000035e+00 6.518549999999999622e-01 2.700194999999999901e+00
4.052729999999999944e-01 1.851806999999999981e+00 6.518549999999999622e-01 2.694091999999999931e+00
3.991700000000000248e-01 1.855469000000000035e+00 6.530759999999999899e-01 2.690430000000000099e+00
3.979489999999999972e-01 1.850586000000000064e+00 6.530759999999999899e-01 2.690430000000000099e+00
3.955080000000000262e-01 1.850586000000000064e+00 6.530759999999999899e-01 2.690430000000000099e+00
3.955080000000000262e-01 1.850586000000000064e+00 6.555180000000000451e-01 2.690430000000000099e+00
3.930660000000000265e-01 1.850586000000000064e+00 6.555180000000000451e-01 2.690430000000000099e+00
3.955080000000000262e-01 1.850586000000000064e+00 6.591799999999999882e-01 2.690430000000000099e+00
3.955080000000000262e-01 1.849364999999999926e+00 6.591799999999999882e-01 2.690430000000000099e+00
3.955080000000000262e-01 1.850586000000000064e+00 6.591799999999999882e-01 2.683104999999999851e+00
3.967289999999999983e-01 1.850586000000000064e+00 6.603999999999999870e-01 2.690430000000000099e+00
4.003909999999999969e-01 1.850586000000000064e+00 6.640629999999999589e-01 2.684325999999999990e+00
4.052729999999999944e-01 1.850586000000000064e+00 6.640629999999999589e-01 2.690430000000000099e+00
4.077149999999999941e-01 1.851806999999999981e+00 6.689450000000000118e-01 2.690430000000000099e+00
4.150389999999999913e-01 1.860352000000000006e+00 6.689450000000000118e-01 2.695313000000000070e+00
4.187009999999999899e-01 1.860352000000000006e+00 6.701660000000000394e-01 2.691650000000000098e+00
4.248049999999999882e-01 1.860352000000000006e+00 6.713869999999999560e-01 2.690430000000000099e+00
4.296880000000000144e-01 1.860352000000000006e+00 6.726069999999999549e-01 2.692870999999999793e+00
4.345700000000000118e-01 1.865234000000000059e+00 6.738279999999999825e-01 2.694091999999999931e+00
4.394529999999999825e-01 1.870117000000000029e+00 6.738279999999999825e-01 2.694091999999999931e+00
4.431149999999999811e-01 1.865234000000000059e+00 6.750490000000000101e-01 2.700194999999999901e+00
4.455569999999999808e-01 1.864014000000000060e+00 6.750490000000000101e-01 2.700194999999999901e+00
4.492189999999999794e-01 1.867675999999999892e+00 6.750490000000000101e-01 2.700194999999999901e+00
4.541020000000000056e-01 1.870117000000000029e+00 6.738279999999999825e-01 2.701416000000000039e+00
4.541020000000000056e-01 1.870117000000000029e+00 6.750490000000000101e-01 2.700194999999999901e+00
4.565429999999999766e-01 1.870117000000000029e+00 6.787109999999999532e-01 2.702637000000000178e+00
4.589840000000000031e-01 1.870117000000000029e+00 6.750490000000000101e-01 2.700194999999999901e+00
4.589840000000000031e-01 1.870117000000000029e+00 6.726069999999999549e-01 2.702637000000000178e+00
4.602049999999999752e-01 1.871337999999999946e+00 6.726069999999999549e-01 2.701416000000000039e+00
4.638669999999999738e-01 1.870117000000000029e+00 6.726069999999999549e-01 2.702637000000000178e+00
4.638669999999999738e-01 1.870117000000000029e+00 6.738279999999999825e-01 2.702637000000000178e+00
4.650880000000000014e-01 1.875000000000000000e+00 6.726069999999999549e-01 2.709960999999999842e+00
4.663089999999999735e-01 1.871337999999999946e+00 6.726069999999999549e-01 2.702637000000000178e+00
4.675289999999999724e-01 1.872559000000000085e+00 6.738279999999999825e-01 2.703857000000000177e+00
4.687500000000000000e-01 1.871337999999999946e+00 6.750490000000000101e-01 2.709960999999999842e+00
4.711910000000000265e-01 1.871337999999999946e+00 6.750490000000000101e-01 2.709960999999999842e+00
4.736330000000000262e-01 1.871337999999999946e+00 6.750490000000000101e-01 2.709960999999999842e+00
4.748539999999999983e-01 1.870117000000000029e+00 6.750490000000000101e-01 2.709960999999999842e+00
4.772950000000000248e-01 1.871337999999999946e+00 6.787109999999999532e-01 2.703857000000000177e+00
4.797359999999999958e-01 1.872559000000000085e+00 6.750490000000000101e-01 2.709960999999999842e+00
4.833979999999999944e-01 1.873779000000000083e+00 6.787109999999999532e-01 2.709960999999999842e+00
4.882810000000000206e-01 1.873779000000000083e+00 6.799319999999999808e-01 2.709960999999999842e+00
4.943850000000000189e-01 1.879882999999999971e+00 6.835940000000000349e-01 2.711181999999999981e+00
5.029299999999999882e-01 1.879882999999999971e+00 6.835940000000000349e-01 2.714843999999999813e+00
5.078129999999999589e-01 1.879882999999999971e+00 6.884770000000000056e-01 2.719726999999999784e+00
5.151369999999999560e-01 1.884765999999999941e+00 6.884770000000000056e-01 2.719726999999999784e+00
5.249019999999999797e-01 1.889647999999999994e+00 6.896970000000000045e-01 2.719726999999999784e+00
5.322270000000000056e-01 1.889647999999999994e+00 6.933589999999999476e-01 2.723389000000000060e+00
5.419920000000000293e-01 1.890868999999999911e+00 6.945799999999999752e-01 2.729492000000000029e+00
5.468750000000000000e-01 1.899413999999999936e+00 6.982420000000000293e-01 2.729492000000000029e+00
5.541989999999999972e-01 1.899413999999999936e+00 6.982420000000000293e-01 2.729492000000000029e+00
5.615229999999999944e-01 1.899413999999999936e+00 6.982420000000000293e-01 2.734375000000000000e+00
5.664059999999999651e-01 1.900635000000000074e+00 6.982420000000000293e-01 2.739257999999999971e+00
5.712890000000000468e-01 1.901855000000000073e+00 6.982420000000000293e-01 2.739257999999999971e+00
5.737299999999999622e-01 1.904296999999999906e+00 6.982420000000000293e-01 2.739257999999999971e+00
5.773930000000000451e-01 1.909180000000000099e+00 6.982420000000000293e-01 2.741699000000000108e+00
5.810549999999999882e-01 1.909180000000000099e+00 6.945799999999999752e-01 2.741699000000000108e+00
5.822749999999999870e-01 1.909180000000000099e+00 6.945799999999999752e-01 2.741699000000000108e+00
5.822749999999999870e-01 1.909180000000000099e+00 6.933589999999999476e-01 2.741699000000000108e+00
5.822749999999999870e-01 1.909180000000000099e+00 6.921389999999999487e-01 2.752686000000000188e+00
5.822749999999999870e-01 1.912841999999999931e+00 6.921389999999999487e-01 2.749023000000000216e+00
5.822749999999999870e-01 1.909180000000000099e+00 6.909180000000000321e-01 2.749023000000000216e+00
5.822749999999999870e-01 1.909180000000000099e+00 6.896970000000000045e-01 2.749023000000000216e+00
5.822749999999999870e-01 1.909180000000000099e+00 6.896970000000000045e-01 2.749023000000000216e+00
5.822749999999999870e-01 1.909180000000000099e+00 6.896970000000000045e-01 2.749023000000000216e+00
5.822749999999999870e-01 1.909180000000000099e+00 6.896970000000000045e-01 2.749023000000000216e+00
5.822749999999999870e-01 1.909180000000000099e+00 6.896970000000000045e-01 2.749023000000000216e+00
5.822749999999999870e-01 1.909180000000000099e+00 6.896970000000000045e-01 2.749023000000000216e+00
5.847170000000000423e-01 1.910400000000000098e+00 6.896970000000000045e-01 2.749023000000000216e+00
5.871579999999999577e-01 1.912841999999999931e+00 6.921389999999999487e-01 2.749023000000000216e+00
5.932619999999999560e-01 1.914063000000000070e+00 6.982420000000000293e-01 2.750243999999999911e+00
6.018069999999999808e-01 1.918944999999999901e+00 7.019039999999999724e-01 2.752686000000000188e+00
6.164549999999999752e-01 1.921386999999999956e+00 7.092289999999999983e-01 2.758789000000000158e+00
6.347660000000000524e-01 1.928711000000000064e+00 7.141110000000000513e-01 2.760009999999999852e+00
6.530759999999999899e-01 1.938477000000000006e+00 7.226559999999999651e-01 2.768555000000000099e+00
6.726069999999999549e-01 1.943359000000000059e+00 7.287599999999999634e-01 2.779541000000000039e+00
6.945799999999999752e-01 1.948242000000000029e+00 7.336430000000000451e-01 2.779541000000000039e+00
7.104489999999999972e-01 1.958007999999999971e+00 7.373049999999999882e-01 2.788085999999999842e+00
7.275390000000000468e-01 1.967772999999999994e+00 7.385249999999999870e-01 2.797851999999999784e+00
7.397460000000000147e-01 1.968993999999999911e+00 7.397460000000000147e-01 2.800292999999999921e+00
7.495119999999999560e-01 1.977538999999999936e+00 7.397460000000000147e-01 2.807617000000000029e+00
7.592769999999999797e-01 1.977538999999999936e+00 7.409670000000000423e-01 2.811278999999999861e+00
7.666020000000000056e-01 1.987305000000000099e+00 7.385249999999999870e-01 2.811278999999999861e+00
7.763670000000000293e-01 1.987305000000000099e+00 7.385249999999999870e-01 2.817382999999999971e+00
7.775879999999999459e-01 1.987305000000000099e+00 7.373049999999999882e-01 2.827148000000000216e+00
7.861329999999999707e-01 1.988525000000000098e+00 7.397460000000000147e-01 2.827148000000000216e+00
7.971190000000000220e-01 1.990966999999999931e+00 7.470700000000000118e-01 2.836914000000000158e+00
8.081049999999999622e-01 1.998291000000000039e+00 7.482910000000000394e-01 2.836914000000000158e+00
8.203129999999999589e-01 2.006835999999999842e+00 7.568359999999999532e-01 2.839354999999999851e+00
8.312990000000000101e-01 2.006835999999999842e+00 7.568359999999999532e-01 2.849120999999999793e+00
8.447270000000000056e-01 2.016601999999999784e+00 7.580569999999999808e-01 2.856444999999999901e+00
8.544920000000000293e-01 2.017821999999999782e+00 7.604980000000000073e-01 2.856444999999999901e+00
8.654789999999999983e-01 2.026367000000000029e+00 7.666020000000000056e-01 2.861327999999999872e+00
8.752440000000000220e-01 2.026367000000000029e+00 7.666020000000000056e-01 2.867431999999999981e+00
8.837890000000000468e-01 2.036132999999999971e+00 7.666020000000000056e-01 2.875976999999999784e+00
8.898930000000000451e-01 2.036132999999999971e+00 7.666020000000000056e-01 2.877196999999999782e+00
8.935549999999999882e-01 2.037354000000000109e+00 7.617190000000000349e-01 2.885742000000000029e+00
8.947749999999999870e-01 2.039794999999999803e+00 7.580569999999999808e-01 2.885742000000000029e+00
8.935549999999999882e-01 2.045898000000000216e+00 7.531740000000000101e-01 2.885742000000000029e+00
8.935549999999999882e-01 2.045898000000000216e+00 7.482910000000000394e-01 2.885742000000000029e+00
8.850099999999999634e-01 2.037354000000000109e+00 7.470700000000000118e-01 2.888183999999999862e+00
8.789059999999999651e-01 2.037354000000000109e+00 7.397460000000000147e-01 2.885742000000000029e+00
8.740229999999999944e-01 2.036132999999999971e+00 7.336430000000000451e-01 2.890625000000000000e+00
8.642579999999999707e-01 2.036132999999999971e+00 7.287599999999999634e-01 2.885742000000000029e+00
8.557129999999999459e-01 2.033691000000000138e+00 7.275390000000000468e-01 2.885742000000000029e+00
8.459470000000000045e-01 2.027588000000000168e+00 7.226559999999999651e-01 2.878417999999999921e+00
8.398440000000000349e-01 2.026367000000000029e+00 7.189940000000000220e-01 2.875976999999999784e+00
8.300779999999999825e-01 2.020264000000000060e+00 7.177729999999999944e-01 2.875976999999999784e+00
8.203129999999999589e-01 2.016601999999999784e+00 7.141110000000000513e-01 2.868651999999999980e+00
8.117680000000000451e-01 2.016601999999999784e+00 7.116700000000000248e-01 2.866210999999999842e+00
8.056640000000000468e-01 2.008056999999999981e+00 7.092289999999999983e-01 2.866210999999999842e+00
7.971190000000000220e-01 2.006835999999999842e+00 7.092289999999999983e-01 2.867431999999999981e+00
7.897950000000000248e-01 2.006835999999999842e+00 7.092289999999999983e-01 2.860107000000000177e+00
7.861329999999999707e-01 2.006835999999999842e+00 7.080079999999999707e-01 2.857666000000000039e+00
7.800289999999999724e-01 1.999511999999999956e+00 7.080079999999999707e-01 2.857666000000000039e+00
7.763670000000000293e-01 1.998291000000000039e+00 7.080079999999999707e-01 2.856444999999999901e+00
7.678220000000000045e-01 1.997069999999999901e+00 7.080079999999999707e-01 2.849120999999999793e+00
7.629390000000000338e-01 1.997069999999999901e+00 7.080079999999999707e-01 2.850341999999999931e+00
7.580569999999999808e-01 1.997069999999999901e+00 7.080079999999999707e-01 2.846680000000000099e+00
7.470700000000000118e-01 1.988525000000000098e+00 7.080079999999999707e-01 2.840575999999999990e+00
7.409670000000000423e-01 1.987305000000000099e+00 7.080079999999999707e-01 2.846680000000000099e+00
7.373049999999999882e-01 1.987305000000000099e+00 7.043460000000000276e-01 2.839354999999999851e+00
7.299799999999999622e-01 1.988525000000000098e+00 7.043460000000000276e-01 2.839354999999999851e+00
7.275390000000000468e-01 1.981200999999999990e+00 7.043460000000000276e-01 2.836914000000000158e+00
7.214359999999999662e-01 1.978760000000000074e+00 7.031250000000000000e-01 2.836914000000000158e+00
7.177729999999999944e-01 1.978760000000000074e+00 7.031250000000000000e-01 2.836914000000000158e+00
7.080079999999999707e-01 1.977538999999999936e+00 7.031250000000000000e-01 2.827148000000000216e+00
7.031250000000000000e-01 1.975098000000000020e+00 7.031250000000000000e-01 2.827148000000000216e+00
6.982420000000000293e-01 1.972655999999999965e+00 7.031250000000000000e-01 2.827148000000000216e+00
6.921389999999999487e-01 1.972655999999999965e+00 7.031250000000000000e-01 2.827148000000000216e+00
6.909180000000000321e-01 1.968993999999999911e+00 7.031250000000000000e-01 2.827148000000000216e+00
6.884770000000000056e-01 1.968993999999999911e+00 7.043460000000000276e-01 2.827148000000000216e+00
6.884770000000000056e-01 1.971435999999999966e+00 7.080079999999999707e-01 2.822265999999999941e+00
6.884770000000000056e-01 1.968993999999999911e+00 7.043460000000000276e-01 2.827148000000000216e+00
6.835940000000000349e-01 1.968993999999999911e+00 7.043460000000000276e-01 2.817382999999999971e+00
6.799319999999999808e-01 1.968993999999999911e+00 7.043460000000000276e-01 2.818604000000000109e+00
6.787109999999999532e-01 1.967772999999999994e+00 7.031250000000000000e-01 2.818604000000000109e+00
6.726069999999999549e-01 1.967772999999999994e+00 7.019039999999999724e-01 2.817382999999999971e+00
6.689450000000000118e-01 1.967772999999999994e+00 6.994629999999999459e-01 2.817382999999999971e+00
6.616210000000000147e-01 1.961670000000000025e+00 6.982420000000000293e-01 2.817382999999999971e+00
6.591799999999999882e-01 1.959229000000000109e+00 6.982420000000000293e-01 2.810058999999999862e+00
6.530759999999999899e-01 1.959229000000000109e+00 6.982420000000000293e-01 2.807617000000000029e+00
6.494140000000000468e-01 1.958007999999999971e+00 6.982420000000000293e-01 2.807617000000000029e+00
6.494140000000000468e-01 1.958007999999999971e+00 6.994629999999999459e-01 2.807617000000000029e+00
6.518549999999999622e-01 1.958007999999999971e+00 7.031250000000000000e-01 2.807617000000000029e+00
6.591799999999999882e-01 1.959229000000000109e+00 7.080079999999999707e-01 2.807617000000000029e+00
6.640629999999999589e-01 1.960449000000000108e+00 7.116700000000000248e-01 2.810058999999999862e+00
6.750490000000000101e-01 1.967772999999999994e+00 7.177729999999999944e-01 2.810058999999999862e+00
6.884770000000000056e-01 1.968993999999999911e+00 7.238769999999999927e-01 2.817382999999999971e+00
7.031250000000000000e-01 1.977538999999999936e+00 7.324220000000000175e-01 2.822265999999999941e+00
7.421879999999999589e-01 1.987305000000000099e+00 7.482910000000000394e-01 2.828368999999999911e+00
7.629390000000000338e-01 1.997069999999999901e+00 7.568359999999999532e-01 2.838134999999999852e+00
7.861329999999999707e-01 2.000732000000000177e+00 7.617190000000000349e-01 2.847900000000000098e+00
8.056640000000000468e-01 2.008056999999999981e+00 7.666020000000000056e-01 2.850341999999999931e+00
8.251950000000000118e-01 2.021484000000000059e+00 7.727049999999999752e-01 2.858887000000000178e+00
8.447270000000000056e-01 2.026367000000000029e+00 7.763670000000000293e-01 2.875976999999999784e+00
8.447270000000000056e-01 2.026367000000000029e+00 7.763670000000000293e-01 2.875976999999999784e+00
8.593750000000000000e-01 2.031250000000000000e+00 7.775879999999999459e-01 2.875976999999999784e+00
8.740229999999999944e-01 2.037354000000000109e+00 7.775879999999999459e-01 2.885742000000000029e+00
8.837890000000000468e-01 2.045898000000000216e+00 7.763670000000000293e-01 2.889403999999999861e+00
8.935549999999999882e-01 2.048340000000000050e+00 7.763670000000000293e-01 2.896729000000000109e+00
8.996579999999999577e-01 2.055664000000000158e+00 7.763670000000000293e-01 2.906493999999999911e+00
9.069819999999999549e-01 2.056884999999999852e+00 7.763670000000000293e-01 2.906493999999999911e+00
9.143069999999999808e-01 2.058104999999999851e+00 7.763670000000000293e-01 2.916259999999999852e+00
9.167480000000000073e-01 2.060547000000000128e+00 7.727049999999999752e-01 2.915039000000000158e+00
9.191890000000000338e-01 2.065430000000000099e+00 7.690430000000000321e-01 2.915039000000000158e+00
9.228520000000000056e-01 2.066650000000000098e+00 7.666020000000000056e-01 2.924805000000000099e+00
9.228520000000000056e-01 2.065430000000000099e+00 7.666020000000000056e-01 2.918700999999999990e+00
9.228520000000000056e-01 2.065430000000000099e+00 7.617190000000000349e-01 2.924805000000000099e+00
9.228520000000000056e-01 2.065430000000000099e+00 7.604980000000000073e-01 2.924805000000000099e+00
9.228520000000000056e-01 2.065430000000000099e+00 7.617190000000000349e-01 2.924805000000000099e+00
9.265139999999999487e-01 2.066650000000000098e+00 7.629390000000000338e-01 2.924805000000000099e+00
9.326170000000000293e-01 2.069091999999999931e+00 7.666020000000000056e-01 2.927245999999999793e+00
9.338379999999999459e-01 2.076416000000000039e+00 7.666020000000000056e-01 2.928466999999999931e+00
9.362789999999999724e-01 2.075194999999999901e+00 7.629390000000000338e-01 2.934569999999999901e+00
9.338379999999999459e-01 2.075194999999999901e+00 7.617190000000000349e-01 2.934569999999999901e+00
9.326170000000000293e-01 2.075194999999999901e+00 7.580569999999999808e-01 2.934569999999999901e+00
9.289549999999999752e-01 2.069091999999999931e+00 7.568359999999999532e-01 2.934569999999999901e+00
9.240720000000000045e-01 2.070313000000000070e+00 7.519529999999999825e-01 2.934569999999999901e+00
9.191890000000000338e-01 2.065430000000000099e+00 7.470700000000000118e-01 2.939452999999999872e+00
9.130859999999999532e-01 2.065430000000000099e+00 7.434079999999999577e-01 2.927245999999999793e+00
9.045410000000000394e-01 2.065430000000000099e+00 7.385249999999999870e-01 2.926025000000000098e+00
8.947749999999999870e-01 2.059325999999999990e+00 7.373049999999999882e-01 2.924805000000000099e+00
8.789059999999999651e-01 2.055664000000000158e+00 7.287599999999999634e-01 2.918700999999999990e+00
8.703610000000000513e-01 2.048340000000000050e+00 7.275390000000000468e-01 2.915039000000000158e+00
8.642579999999999707e-01 2.045898000000000216e+00 7.275390000000000468e-01 2.915039000000000158e+00
8.593750000000000000e-01 2.045898000000000216e+00 7.275390000000000468e-01 2.910156000000000187e+00
8.544920000000000293e-01 2.045898000000000216e+00 7.275390000000000468e-01 2.907715000000000050e+00
8.544920000000000293e-01 2.045898000000000216e+00 7.275390000000000468e-01 2.905273000000000216e+00
8.483889999999999487e-01 2.037354000000000109e+00 7.275390000000000468e-01 2.910156000000000187e+00
8.447270000000000056e-01 2.036132999999999971e+00 7.275390000000000468e-01 2.905273000000000216e+00
8.361819999999999808e-01 2.036132999999999971e+00 7.238769999999999927e-01 2.905273000000000216e+00
8.349609999999999532e-01 2.036132999999999971e+00 7.238769999999999927e-01 2.895507999999999971e+00
8.300779999999999825e-01 2.036132999999999971e+00 7.226559999999999651e-01 2.895507999999999971e+00
8.251950000000000118e-01 2.036132999999999971e+00 7.189940000000000220e-01 2.895507999999999971e+00
8.203129999999999589e-01 2.031250000000000000e+00 7.189940000000000220e-01 2.895507999999999971e+00
8.166499999999999870e-01 2.028808999999999862e+00 7.189940000000000220e-01 2.895507999999999971e+00
8.154299999999999882e-01 2.026367000000000029e+00 7.189940000000000220e-01 2.895507999999999971e+00
8.117680000000000451e-01 2.026367000000000029e+00 7.214359999999999662e-01 2.886963000000000168e+00
8.154299999999999882e-01 2.026367000000000029e+00 7.238769999999999927e-01 2.886963000000000168e+00
8.166499999999999870e-01 2.026367000000000029e+00 7.275390000000000468e-01 2.886963000000000168e+00
8.190920000000000423e-01 2.026367000000000029e+00 7.287599999999999634e-01 2.886963000000000168e+00
8.203129999999999589e-01 2.027588000000000168e+00 7.312009999999999899e-01 2.885742000000000029e+00
8.251950000000000118e-01 2.026367000000000029e+00 7.324220000000000175e-01 2.895507999999999971e+00
8.251950000000000118e-01 2.031250000000000000e+00 7.336430000000000451e-01 2.890625000000000000e+00
8.251950000000000118e-01 2.031250000000000000e+00 7.324220000000000175e-01 2.888183999999999862e+00
8.251950000000000118e-01 2.031250000000000000e+00 7.299799999999999622e-01 2.886963000000000168e+00
8.251950000000000118e-01 2.031250000000000000e+00 7.287599999999999634e-01 2.890625000000000000e+00
8.203129999999999589e-01 2.031250000000000000e+00 7.275390000000000468e-01 2.885742000000000029e+00
8.166499999999999870e-01 2.026367000000000029e+00 7.238769999999999927e-01 2.886963000000000168e+00
8.105470000000000175e-01 2.026367000000000029e+00 7.226559999999999651e-01 2.885742000000000029e+00
8.056640000000000468e-01 2.026367000000000029e+00 7.189940000000000220e-01 2.890625000000000000e+00
8.007809999999999651e-01 2.021484000000000059e+00 7.177729999999999944e-01 2.885742000000000029e+00
7.958979999999999944e-01 2.017821999999999782e+00 7.177729999999999944e-01 2.885742000000000029e+00
7.922360000000000513e-01 2.016601999999999784e+00 7.177729999999999944e-01 2.885742000000000029e+00
7.897950000000000248e-01 2.016601999999999784e+00 7.177729999999999944e-01 2.879639000000000060e+00
7.910160000000000524e-01 2.016601999999999784e+00 7.189940000000000220e-01 2.877196999999999782e+00
7.922360000000000513e-01 2.016601999999999784e+00 7.214359999999999662e-01 2.877196999999999782e+00
7.958979999999999944e-01 2.016601999999999784e+00 7.238769999999999927e-01 2.878417999999999921e+00
7.971190000000000220e-01 2.016601999999999784e+00 7.275390000000000468e-01 2.875976999999999784e+00
7.995609999999999662e-01 2.021484000000000059e+00 7.275390000000000468e-01 2.879639000000000060e+00
8.007809999999999651e-01 2.019042999999999921e+00 7.275390000000000468e-01 2.879639000000000060e+00
8.020019999999999927e-01 2.017821999999999782e+00 7.275390000000000468e-01 2.879639000000000060e+00
8.020019999999999927e-01 2.017821999999999782e+00 7.275390000000000468e-01 2.879639000000000060e+00
8.056640000000000468e-01 2.021484000000000059e+00 7.312009999999999899e-01 2.885742000000000029e+00
8.154299999999999882e-01 2.026367000000000029e+00 7.373049999999999882e-01 2.885742000000000029e+00
8.251950000000000118e-01 2.026367000000000029e+00 7.409670000000000423e-01 2.885742000000000029e+00
8.349609999999999532e-01 2.031250000000000000e+00 7.434079999999999577e-01 2.890625000000000000e+00
8.374019999999999797e-01 2.036132999999999971e+00 7.470700000000000118e-01 2.895507999999999971e+00
8.447270000000000056e-01 2.036132999999999971e+00 7.470700000000000118e-01 2.895507999999999971e+00
8.483889999999999487e-01 2.036132999999999971e+00 7.434079999999999577e-01 2.896729000000000109e+00
8.483889999999999487e-01 2.036132999999999971e+00 7.409670000000000423e-01 2.897949000000000108e+00
8.471680000000000321e-01 2.034911999999999832e+00 7.385249999999999870e-01 2.896729000000000109e+00
8.447270000000000056e-01 2.036132999999999971e+00 7.336430000000000451e-01 2.897949000000000108e+00
8.410640000000000338e-01 2.036132999999999971e+00 7.324220000000000175e-01 2.896729000000000109e+00
8.361819999999999808e-01 2.031250000000000000e+00 7.275390000000000468e-01 2.896729000000000109e+00
8.300779999999999825e-01 2.031250000000000000e+00 7.238769999999999927e-01 2.895507999999999971e+00
8.251950000000000118e-01 2.026367000000000029e+00 7.214359999999999662e-01 2.895507999999999971e+00
8.166499999999999870e-01 2.026367000000000029e+00 7.189940000000000220e-01 2.891846000000000139e+00
8.068849999999999634e-01 2.026367000000000029e+00 7.141110000000000513e-01 2.890625000000000000e+00
7.995609999999999662e-01 2.017821999999999782e+00 7.104489999999999972e-01 2.885742000000000029e+00
7.910160000000000524e-01 2.016601999999999784e+00 7.092289999999999983e-01 2.885742000000000029e+00
7.812500000000000000e-01 2.016601999999999784e+00 7.080079999999999707e-01 2.885742000000000029e+00
7.763670000000000293e-01 2.008056999999999981e+00 7.043460000000000276e-01 2.878417999999999921e+00
7.666020000000000056e-01 2.011718999999999813e+00 7.031250000000000000e-01 2.875976999999999784e+00
7.580569999999999808e-01 2.001952999999999872e+00 7.031250000000000000e-01 2.875976999999999784e+00
7.519529999999999825e-01 2.000732000000000177e+00 7.006839999999999735e-01 2.875976999999999784e+00
7.470700000000000118e-01 1.997069999999999901e+00 6.994629999999999459e-01 2.866210999999999842e+00
7.385249999999999870e-01 1.997069999999999901e+00 6.994629999999999459e-01 2.868651999999999980e+00
