4.699710000000000276e-01 1.796875000000000000e+00 6.933589999999999476e-01 2.612305000000000099e+00 2.524414000000000158e+00
4.943850000000000189e-01 1.801757999999999971e+00 6.994629999999999459e-01 2.614745999999999793e+00 2.529297000000000128e+00
5.187990000000000101e-01 1.812743999999999911e+00 7.031250000000000000e-01 2.625732000000000177e+00 2.537841999999999931e+00
5.419920000000000293e-01 1.822510000000000074e+00 7.080079999999999707e-01 2.641601999999999784e+00 2.535400000000000098e+00
5.664059999999999651e-01 1.832275000000000098e+00 7.128910000000000524e-01 2.644042999999999921e+00 2.543944999999999901e+00
5.908200000000000118e-01 1.842041000000000039e+00 7.177729999999999944e-01 2.653808999999999862e+00 2.545166000000000039e+00
6.115720000000000045e-01 1.851806999999999981e+00 7.214359999999999662e-01 2.663574000000000108e+00 2.553710999999999842e+00
6.335450000000000248e-01 1.861572000000000005e+00 7.238769999999999927e-01 2.675781000000000187e+00 2.564696999999999782e+00
6.530759999999999899e-01 1.871337999999999946e+00 7.275390000000000468e-01 2.683104999999999851e+00 2.563476999999999784e+00
6.701660000000000394e-01 1.881104000000000109e+00 7.287599999999999634e-01 2.694091999999999931e+00 2.573242000000000029e+00
6.884770000000000056e-01 1.889647999999999994e+00 7.299799999999999622e-01 2.701416000000000039e+00 2.563476999999999784e+00
7.031250000000000000e-01 1.895752000000000104e+00 7.299799999999999622e-01 2.711181999999999981e+00 2.573242000000000029e+00
7.141110000000000513e-01 1.900635000000000074e+00 7.299799999999999622e-01 2.719726999999999784e+00 2.573242000000000029e+00
7.275390000000000468e-01 1.909180000000000099e+00 7.312009999999999899e-01 2.729492000000000029e+00 2.583007999999999971e+00
7.373049999999999882e-01 1.912841999999999931e+00 7.299799999999999622e-01 2.734375000000000000e+00 2.586669999999999803e+00
7.434079999999999577e-01 1.918944999999999901e+00 7.287599999999999634e-01 2.739257999999999971e+00 2.612305000000000099e+00
7.495119999999999560e-01 1.918944999999999901e+00 7.287599999999999634e-01 2.753906000000000187e+00 2.612305000000000099e+00
7.568359999999999532e-01 1.923828000000000094e+00 7.275390000000000468e-01 2.749023000000000216e+00 2.612305000000000099e+00
7.604980000000000073e-01 1.928711000000000064e+00 7.275390000000000468e-01 2.758789000000000158e+00 2.612305000000000099e+00
7.666020000000000056e-01 1.928711000000000064e+00 7.238769999999999927e-01 2.758789000000000158e+00 2.613525000000000098e+00
7.666020000000000056e-01 1.928711000000000064e+00 7.226559999999999651e-01 2.761229999999999851e+00 2.612305000000000099e+00
7.678220000000000045e-01 1.929931999999999981e+00 7.202150000000000496e-01 2.768555000000000099e+00 2.622069999999999901e+00
7.690430000000000321e-01 1.931151999999999980e+00 7.189940000000000220e-01 2.768555000000000099e+00 2.622069999999999901e+00
7.714839999999999476e-01 1.933594000000000035e+00 7.177729999999999944e-01 2.768555000000000099e+00 2.623291000000000039e+00
7.714839999999999476e-01 1.932372999999999896e+00 7.177729999999999944e-01 2.770995999999999793e+00 2.623291000000000039e+00
7.727049999999999752e-01 1.939697000000000005e+00 7.177729999999999944e-01 2.772216999999999931e+00 2.622069999999999901e+00
7.763670000000000293e-01 1.932372999999999896e+00 7.141110000000000513e-01 2.772216999999999931e+00 2.615966999999999931e+00
7.763670000000000293e-01 1.938477000000000006e+00 7.141110000000000513e-01 2.778319999999999901e+00 2.624512000000000178e+00
7.763670000000000293e-01 1.938477000000000006e+00 7.141110000000000513e-01 2.779541000000000039e+00 2.645264000000000060e+00
7.763670000000000293e-01 1.938477000000000006e+00 7.141110000000000513e-01 2.778319999999999901e+00 2.641601999999999784e+00
7.763670000000000293e-01 1.938477000000000006e+00 7.128910000000000524e-01 2.781982000000000177e+00 2.634276999999999980e+00
7.763670000000000293e-01 1.938477000000000006e+00 7.116700000000000248e-01 2.780762000000000178e+00 2.641601999999999784e+00
7.763670000000000293e-01 1.939697000000000005e+00 7.116700000000000248e-01 2.781982000000000177e+00 2.634276999999999980e+00
7.727049999999999752e-01 1.938477000000000006e+00 7.092289999999999983e-01 2.788085999999999842e+00 2.634276999999999980e+00
7.714839999999999476e-01 1.938477000000000006e+00 7.092289999999999983e-01 2.784424000000000010e+00 2.651367000000000029e+00
7.702639999999999487e-01 1.938477000000000006e+00 7.080079999999999707e-01 2.788085999999999842e+00 2.631835999999999842e+00
7.702639999999999487e-01 1.938477000000000006e+00 7.080079999999999707e-01 2.788085999999999842e+00 2.631835999999999842e+00
7.666020000000000056e-01 1.938477000000000006e+00 7.080079999999999707e-01 2.788085999999999842e+00 2.631835999999999842e+00
7.666020000000000056e-01 1.940917999999999921e+00 7.043460000000000276e-01 2.788085999999999842e+00 2.631835999999999842e+00
7.617190000000000349e-01 1.938477000000000006e+00 7.031250000000000000e-01 2.788085999999999842e+00 2.631835999999999842e+00
7.604980000000000073e-01 1.938477000000000006e+00 7.043460000000000276e-01 2.788085999999999842e+00 2.633056999999999981e+00
7.604980000000000073e-01 1.938477000000000006e+00 7.043460000000000276e-01 2.781982000000000177e+00 2.641601999999999784e+00
7.604980000000000073e-01 1.938477000000000006e+00 7.043460000000000276e-01 2.783202999999999872e+00 2.623291000000000039e+00
7.604980000000000073e-01 1.938477000000000006e+00 7.080079999999999707e-01 2.788085999999999842e+00 2.631835999999999842e+00
7.666020000000000056e-01 1.938477000000000006e+00 7.092289999999999983e-01 2.788085999999999842e+00 2.635498000000000118e+00
7.678220000000000045e-01 1.940917999999999921e+00 7.128910000000000524e-01 2.788085999999999842e+00 2.641601999999999784e+00
7.763670000000000293e-01 1.948242000000000029e+00 7.177729999999999944e-01 2.790526999999999980e+00 2.641601999999999784e+00
7.800289999999999724e-01 1.948242000000000029e+00 7.189940000000000220e-01 2.797851999999999784e+00 2.641601999999999784e+00
7.861329999999999707e-01 1.953125000000000000e+00 7.189940000000000220e-01 2.797851999999999784e+00 2.641601999999999784e+00
7.910160000000000524e-01 1.953125000000000000e+00 7.214359999999999662e-01 2.797851999999999784e+00 2.642821999999999782e+00
7.958979999999999944e-01 1.958007999999999971e+00 7.226559999999999651e-01 2.799071999999999782e+00 2.651367000000000029e+00
8.020019999999999927e-01 1.958007999999999971e+00 7.275390000000000468e-01 2.801514000000000060e+00 2.636718999999999813e+00
8.068849999999999634e-01 1.967772999999999994e+00 7.275390000000000468e-01 2.801514000000000060e+00 2.641601999999999784e+00
8.154299999999999882e-01 1.967772999999999994e+00 7.275390000000000468e-01 2.807617000000000029e+00 2.631835999999999842e+00
8.190920000000000423e-01 1.967772999999999994e+00 7.299799999999999622e-01 2.808838000000000168e+00 2.641601999999999784e+00
8.251950000000000118e-01 1.968993999999999911e+00 7.336430000000000451e-01 2.811278999999999861e+00 2.641601999999999784e+00
8.349609999999999532e-01 1.977538999999999936e+00 7.373049999999999882e-01 2.817382999999999971e+00 2.631835999999999842e+00
8.410640000000000338e-01 1.978760000000000074e+00 7.373049999999999882e-01 2.817382999999999971e+00 2.645264000000000060e+00
8.508299999999999752e-01 1.987305000000000099e+00 7.385249999999999870e-01 2.827148000000000216e+00 2.664794999999999803e+00
8.569339999999999735e-01 1.988525000000000098e+00 7.421879999999999589e-01 2.827148000000000216e+00 2.670898000000000216e+00
8.654789999999999983e-01 1.990966999999999931e+00 7.470700000000000118e-01 2.830811000000000188e+00 2.670898000000000216e+00
8.740229999999999944e-01 1.997069999999999901e+00 7.470700000000000118e-01 2.836914000000000158e+00 2.655028999999999861e+00
8.837890000000000468e-01 1.998291000000000039e+00 7.482910000000000394e-01 2.839354999999999851e+00 2.680664000000000158e+00
8.898930000000000451e-01 2.006835999999999842e+00 7.507319999999999549e-01 2.840575999999999990e+00 2.675781000000000187e+00
8.972170000000000423e-01 2.008056999999999981e+00 7.531740000000000101e-01 2.846680000000000099e+00 2.680664000000000158e+00
9.045410000000000394e-01 2.016601999999999784e+00 7.568359999999999532e-01 2.856444999999999901e+00 2.680664000000000158e+00
9.130859999999999532e-01 2.021484000000000059e+00 7.580569999999999808e-01 2.856444999999999901e+00 2.681884999999999852e+00
9.228520000000000056e-01 2.026367000000000029e+00 7.580569999999999808e-01 2.860107000000000177e+00 2.690430000000000099e+00
9.289549999999999752e-01 2.031250000000000000e+00 7.617190000000000349e-01 2.866210999999999842e+00 2.674561000000000188e+00
9.362789999999999724e-01 2.036132999999999971e+00 7.629390000000000338e-01 2.867431999999999981e+00 2.700194999999999901e+00
9.423829999999999707e-01 2.036132999999999971e+00 7.629390000000000338e-01 2.875976999999999784e+00 2.684325999999999990e+00
9.484860000000000513e-01 2.038574000000000108e+00 7.629390000000000338e-01 2.877196999999999782e+00 2.702637000000000178e+00
9.533690000000000220e-01 2.041015999999999941e+00 7.666020000000000056e-01 2.878417999999999921e+00 2.701416000000000039e+00
9.619140000000000468e-01 2.045898000000000216e+00 7.666020000000000056e-01 2.885742000000000029e+00 2.702637000000000178e+00
9.619140000000000468e-01 2.047118999999999911e+00 7.666020000000000056e-01 2.886963000000000168e+00 2.713623000000000118e+00
9.655759999999999899e-01 2.050781000000000187e+00 7.666020000000000056e-01 2.895507999999999971e+00 2.709960999999999842e+00
9.716799999999999882e-01 2.055664000000000158e+00 7.629390000000000338e-01 2.895507999999999971e+00 2.709960999999999842e+00
9.728999999999999870e-01 2.056884999999999852e+00 7.629390000000000338e-01 2.895507999999999971e+00 2.709960999999999842e+00
9.741210000000000147e-01 2.055664000000000158e+00 7.617190000000000349e-01 2.895507999999999971e+00 2.712401999999999980e+00
9.753420000000000423e-01 2.056884999999999852e+00 7.617190000000000349e-01 2.899169999999999803e+00 2.720946999999999782e+00
9.765629999999999589e-01 2.058104999999999851e+00 7.580569999999999808e-01 2.899169999999999803e+00 2.709960999999999842e+00
9.765629999999999589e-01 2.058104999999999851e+00 7.568359999999999532e-01 2.899169999999999803e+00 2.700194999999999901e+00
9.765629999999999589e-01 2.059325999999999990e+00 7.580569999999999808e-01 2.905273000000000216e+00 2.694091999999999931e+00
9.765629999999999589e-01 2.056884999999999852e+00 7.568359999999999532e-01 2.905273000000000216e+00 2.719726999999999784e+00
9.753420000000000423e-01 2.056884999999999852e+00 7.568359999999999532e-01 2.905273000000000216e+00 2.712401999999999980e+00
9.728999999999999870e-01 2.056884999999999852e+00 7.531740000000000101e-01 2.905273000000000216e+00 2.729492000000000029e+00
9.728999999999999870e-01 2.058104999999999851e+00 7.519529999999999825e-01 2.905273000000000216e+00 2.719726999999999784e+00
9.716799999999999882e-01 2.060547000000000128e+00 7.495119999999999560e-01 2.905273000000000216e+00 2.719726999999999784e+00
9.680180000000000451e-01 2.056884999999999852e+00 7.482910000000000394e-01 2.905273000000000216e+00 2.719726999999999784e+00
9.655759999999999899e-01 2.055664000000000158e+00 7.470700000000000118e-01 2.899169999999999803e+00 2.719726999999999784e+00
9.631349999999999634e-01 2.055664000000000158e+00 7.470700000000000118e-01 2.905273000000000216e+00 2.703857000000000177e+00
9.594730000000000203e-01 2.055664000000000158e+00 7.434079999999999577e-01 2.905273000000000216e+00 2.729492000000000029e+00
9.558109999999999662e-01 2.050781000000000187e+00 7.409670000000000423e-01 2.905273000000000216e+00 2.719726999999999784e+00
9.521479999999999944e-01 2.055664000000000158e+00 7.385249999999999870e-01 2.905273000000000216e+00 2.719726999999999784e+00
9.460450000000000248e-01 2.045898000000000216e+00 7.373049999999999882e-01 2.899169999999999803e+00 2.719726999999999784e+00
9.423829999999999707e-01 2.045898000000000216e+00 7.373049999999999882e-01 2.905273000000000216e+00 2.701416000000000039e+00
9.375000000000000000e-01 2.045898000000000216e+00 7.336430000000000451e-01 2.895507999999999971e+00 2.714843999999999813e+00
9.338379999999999459e-01 2.045898000000000216e+00 7.324220000000000175e-01 2.895507999999999971e+00 2.719726999999999784e+00
9.326170000000000293e-01 2.039794999999999803e+00 7.287599999999999634e-01 2.895507999999999971e+00 2.719726999999999784e+00
9.240720000000000045e-01 2.036132999999999971e+00 7.275390000000000468e-01 2.895507999999999971e+00 2.711181999999999981e+00
9.228520000000000056e-01 2.036132999999999971e+00 7.275390000000000468e-01 2.890625000000000000e+00 2.709960999999999842e+00
9.167480000000000073e-01 2.036132999999999971e+00 7.275390000000000468e-01 2.895507999999999971e+00 2.709960999999999842e+00
9.143069999999999808e-01 2.036132999999999971e+00 7.275390000000000468e-01 2.890625000000000000e+00 2.709960999999999842e+00
9.082029999999999825e-01 2.033691000000000138e+00 7.275390000000000468e-01 2.888183999999999862e+00 2.709960999999999842e+00
9.069819999999999549e-01 2.031250000000000000e+00 7.275390000000000468e-01 2.885742000000000029e+00 2.703857000000000177e+00
9.033200000000000118e-01 2.031250000000000000e+00 7.275390000000000468e-01 2.885742000000000029e+00 2.719726999999999784e+00
9.033200000000000118e-01 2.028808999999999862e+00 7.275390000000000468e-01 2.890625000000000000e+00 2.714843999999999813e+00
9.033200000000000118e-01 2.027588000000000168e+00 7.275390000000000468e-01 2.885742000000000029e+00 2.719726999999999784e+00
8.972170000000000423e-01 2.026367000000000029e+00 7.275390000000000468e-01 2.885742000000000029e+00 2.711181999999999981e+00
8.972170000000000423e-01 2.026367000000000029e+00 7.275390000000000468e-01 2.879639000000000060e+00 2.711181999999999981e+00
8.947749999999999870e-01 2.026367000000000029e+00 7.275390000000000468e-01 2.885742000000000029e+00 2.700194999999999901e+00
8.935549999999999882e-01 2.026367000000000029e+00 7.238769999999999927e-01 2.878417999999999921e+00 2.705077999999999872e+00
8.935549999999999882e-01 2.026367000000000029e+00 7.238769999999999927e-01 2.878417999999999921e+00 2.719726999999999784e+00
8.886720000000000175e-01 2.026367000000000029e+00 7.238769999999999927e-01 2.877196999999999782e+00 2.713623000000000118e+00
8.850099999999999634e-01 2.026367000000000029e+00 7.226559999999999651e-01 2.878417999999999921e+00 2.709960999999999842e+00
8.837890000000000468e-01 2.021484000000000059e+00 7.214359999999999662e-01 2.875976999999999784e+00 2.709960999999999842e+00
8.789059999999999651e-01 2.017821999999999782e+00 7.189940000000000220e-01 2.877196999999999782e+00 2.713623000000000118e+00
8.740229999999999944e-01 2.016601999999999784e+00 7.189940000000000220e-01 2.880859000000000059e+00 2.703857000000000177e+00
8.691410000000000524e-01 2.016601999999999784e+00 7.177729999999999944e-01 2.875976999999999784e+00 2.711181999999999981e+00
8.642579999999999707e-01 2.016601999999999784e+00 7.141110000000000513e-01 2.869873000000000118e+00 2.719726999999999784e+00
8.593750000000000000e-01 2.010498000000000118e+00 7.116700000000000248e-01 2.866210999999999842e+00 2.700194999999999901e+00
8.544920000000000293e-01 2.011718999999999813e+00 7.104489999999999972e-01 2.871093999999999813e+00 2.694091999999999931e+00
8.459470000000000045e-01 2.006835999999999842e+00 7.080079999999999707e-01 2.866210999999999842e+00 2.709960999999999842e+00
8.398440000000000349e-01 2.000732000000000177e+00 7.080079999999999707e-01 2.867431999999999981e+00 2.709960999999999842e+00
8.349609999999999532e-01 1.999511999999999956e+00 7.043460000000000276e-01 2.858887000000000178e+00 2.695313000000000070e+00
8.288569999999999549e-01 1.998291000000000039e+00 7.031250000000000000e-01 2.856444999999999901e+00 2.700194999999999901e+00
8.190920000000000423e-01 1.997069999999999901e+00 7.006839999999999735e-01 2.856444999999999901e+00 2.700194999999999901e+00
8.154299999999999882e-01 1.997069999999999901e+00 6.982420000000000293e-01 2.856444999999999901e+00 2.692870999999999793e+00
8.056640000000000468e-01 1.988525000000000098e+00 6.982420000000000293e-01 2.847900000000000098e+00 2.709960999999999842e+00
7.971190000000000220e-01 1.987305000000000099e+00 6.945799999999999752e-01 2.846680000000000099e+00 2.690430000000000099e+00
7.897950000000000248e-01 1.981200999999999990e+00 6.909180000000000321e-01 2.846680000000000099e+00 2.690430000000000099e+00
7.824710000000000276e-01 1.978760000000000074e+00 6.896970000000000045e-01 2.840575999999999990e+00 2.694091999999999931e+00
7.763670000000000293e-01 1.977538999999999936e+00 6.896970000000000045e-01 2.841797000000000128e+00 2.690430000000000099e+00
7.690430000000000321e-01 1.972655999999999965e+00 6.884770000000000056e-01 2.836914000000000158e+00 2.684325999999999990e+00
7.629390000000000338e-01 1.968993999999999911e+00 6.884770000000000056e-01 2.836914000000000158e+00 2.690430000000000099e+00
7.568359999999999532e-01 1.967772999999999994e+00 6.884770000000000056e-01 2.828368999999999911e+00 2.695313000000000070e+00
7.507319999999999549e-01 1.967772999999999994e+00 6.884770000000000056e-01 2.827148000000000216e+00 2.680664000000000158e+00
7.470700000000000118e-01 1.961670000000000025e+00 6.884770000000000056e-01 2.827148000000000216e+00 2.680664000000000158e+00
7.409670000000000423e-01 1.961670000000000025e+00 6.848140000000000338e-01 2.827148000000000216e+00 2.680664000000000158e+00
7.373049999999999882e-01 1.959229000000000109e+00 6.884770000000000056e-01 2.818604000000000109e+00 2.680664000000000158e+00
7.373049999999999882e-01 1.958007999999999971e+00 6.884770000000000056e-01 2.817382999999999971e+00 2.664794999999999803e+00
7.299799999999999622e-01 1.958007999999999971e+00 6.884770000000000056e-01 2.822265999999999941e+00 2.680664000000000158e+00
7.275390000000000468e-01 1.958007999999999971e+00 6.884770000000000056e-01 2.817382999999999971e+00 2.674561000000000188e+00
7.275390000000000468e-01 1.958007999999999971e+00 6.896970000000000045e-01 2.811278999999999861e+00 2.700194999999999901e+00
7.275390000000000468e-01 1.958007999999999971e+00 6.884770000000000056e-01 2.811278999999999861e+00 2.680664000000000158e+00
7.238769999999999927e-01 1.958007999999999971e+00 6.909180000000000321e-01 2.808838000000000168e+00 2.670898000000000216e+00
7.238769999999999927e-01 1.953125000000000000e+00 6.933589999999999476e-01 2.812500000000000000e+00 2.661132999999999971e+00
7.250980000000000203e-01 1.953125000000000000e+00 6.933589999999999476e-01 2.808838000000000168e+00 2.680664000000000158e+00
7.275390000000000468e-01 1.958007999999999971e+00 6.945799999999999752e-01 2.808838000000000168e+00 2.672118999999999911e+00
7.275390000000000468e-01 1.958007999999999971e+00 6.982420000000000293e-01 2.808838000000000168e+00 2.670898000000000216e+00
7.312009999999999899e-01 1.951904000000000083e+00 6.982420000000000293e-01 2.808838000000000168e+00 2.670898000000000216e+00
7.324220000000000175e-01 1.958007999999999971e+00 6.994629999999999459e-01 2.808838000000000168e+00 2.670898000000000216e+00
7.373049999999999882e-01 1.958007999999999971e+00 6.994629999999999459e-01 2.808838000000000168e+00 2.670898000000000216e+00
7.385249999999999870e-01 1.959229000000000109e+00 7.031250000000000000e-01 2.811278999999999861e+00 2.670898000000000216e+00
7.409670000000000423e-01 1.958007999999999971e+00 7.031250000000000000e-01 2.811278999999999861e+00 2.662354000000000109e+00
7.409670000000000423e-01 1.959229000000000109e+00 7.031250000000000000e-01 2.810058999999999862e+00 2.656250000000000000e+00
7.434079999999999577e-01 1.958007999999999971e+00 7.031250000000000000e-01 2.811278999999999861e+00 2.680664000000000158e+00
7.421879999999999589e-01 1.959229000000000109e+00 7.031250000000000000e-01 2.811278999999999861e+00 2.670898000000000216e+00
7.470700000000000118e-01 1.959229000000000109e+00 7.019039999999999724e-01 2.811278999999999861e+00 2.672118999999999911e+00
7.421879999999999589e-01 1.959229000000000109e+00 7.006839999999999735e-01 2.811278999999999861e+00 2.670898000000000216e+00
7.409670000000000423e-01 1.958007999999999971e+00 6.982420000000000293e-01 2.811278999999999861e+00 2.670898000000000216e+00
7.385249999999999870e-01 1.958007999999999971e+00 6.982420000000000293e-01 2.811278999999999861e+00 2.664794999999999803e+00
7.373049999999999882e-01 1.958007999999999971e+00 6.982420000000000293e-01 2.811278999999999861e+00 2.672118999999999911e+00
7.336430000000000451e-01 1.958007999999999971e+00 6.945799999999999752e-01 2.810058999999999862e+00 2.662354000000000109e+00
7.299799999999999622e-01 1.958007999999999971e+00 6.933589999999999476e-01 2.811278999999999861e+00 2.675781000000000187e+00
7.275390000000000468e-01 1.958007999999999971e+00 6.921389999999999487e-01 2.810058999999999862e+00 2.672118999999999911e+00
7.226559999999999651e-01 1.953125000000000000e+00 6.896970000000000045e-01 2.807617000000000029e+00 2.672118999999999911e+00
7.177729999999999944e-01 1.949462999999999946e+00 6.884770000000000056e-01 2.807617000000000029e+00 2.670898000000000216e+00
7.128910000000000524e-01 1.948242000000000029e+00 6.884770000000000056e-01 2.807617000000000029e+00 2.670898000000000216e+00
7.080079999999999707e-01 1.948242000000000029e+00 6.848140000000000338e-01 2.807617000000000029e+00 2.670898000000000216e+00
7.043460000000000276e-01 1.948242000000000029e+00 6.848140000000000338e-01 2.801514000000000060e+00 2.683104999999999851e+00
6.994629999999999459e-01 1.948242000000000029e+00 6.835940000000000349e-01 2.799071999999999782e+00 2.672118999999999911e+00
6.945799999999999752e-01 1.938477000000000006e+00 6.835940000000000349e-01 2.797851999999999784e+00 2.653808999999999862e+00
6.896970000000000045e-01 1.938477000000000006e+00 6.799319999999999808e-01 2.800292999999999921e+00 2.672118999999999911e+00
6.848140000000000338e-01 1.938477000000000006e+00 6.787109999999999532e-01 2.797851999999999784e+00 2.664794999999999803e+00
6.799319999999999808e-01 1.933594000000000035e+00 6.787109999999999532e-01 2.797851999999999784e+00 2.670898000000000216e+00
6.738279999999999825e-01 1.932372999999999896e+00 6.787109999999999532e-01 2.791748000000000118e+00 2.675781000000000187e+00
6.689450000000000118e-01 1.928711000000000064e+00 6.750490000000000101e-01 2.788085999999999842e+00 2.662354000000000109e+00
6.640629999999999589e-01 1.928711000000000064e+00 6.787109999999999532e-01 2.788085999999999842e+00 2.655028999999999861e+00
6.591799999999999882e-01 1.928711000000000064e+00 6.750490000000000101e-01 2.788085999999999842e+00 2.670898000000000216e+00
6.530759999999999899e-01 1.923828000000000094e+00 6.738279999999999825e-01 2.788085999999999842e+00 2.661132999999999971e+00
6.494140000000000468e-01 1.920166000000000039e+00 6.738279999999999825e-01 2.778319999999999901e+00 2.657471000000000139e+00
6.445309999999999651e-01 1.918944999999999901e+00 6.726069999999999549e-01 2.778319999999999901e+00 2.662354000000000109e+00
6.396479999999999944e-01 1.918944999999999901e+00 6.726069999999999549e-01 2.772216999999999931e+00 2.672118999999999911e+00
6.347660000000000524e-01 1.918944999999999901e+00 6.726069999999999549e-01 2.778319999999999901e+00 2.650145999999999891e+00
6.311039999999999983e-01 1.918944999999999901e+00 6.701660000000000394e-01 2.772216999999999931e+00 2.670898000000000216e+00
6.262210000000000276e-01 1.912841999999999931e+00 6.701660000000000394e-01 2.769775000000000098e+00 2.656250000000000000e+00
6.213379999999999459e-01 1.910400000000000098e+00 6.701660000000000394e-01 2.770995999999999793e+00 2.651367000000000029e+00
6.201170000000000293e-01 1.909180000000000099e+00 6.689450000000000118e-01 2.768555000000000099e+00 2.645264000000000060e+00
6.140139999999999487e-01 1.905518000000000045e+00 6.689450000000000118e-01 2.768555000000000099e+00 2.651367000000000029e+00
6.103520000000000056e-01 1.903075999999999990e+00 6.689450000000000118e-01 2.762450999999999990e+00 2.655028999999999861e+00
6.054690000000000349e-01 1.900635000000000074e+00 6.689450000000000118e-01 2.763672000000000128e+00 2.641601999999999784e+00
6.018069999999999808e-01 1.900635000000000074e+00 6.689450000000000118e-01 2.762450999999999990e+00 2.651367000000000029e+00
5.969240000000000101e-01 1.904296999999999906e+00 6.689450000000000118e-01 2.758789000000000158e+00 2.631835999999999842e+00
5.944819999999999549e-01 1.899413999999999936e+00 6.689450000000000118e-01 2.758789000000000158e+00 2.641601999999999784e+00
5.908200000000000118e-01 1.899413999999999936e+00 6.689450000000000118e-01 2.758789000000000158e+00 2.641601999999999784e+00
5.859379999999999589e-01 1.899413999999999936e+00 6.689450000000000118e-01 2.758789000000000158e+00 2.641601999999999784e+00
5.822749999999999870e-01 1.894530999999999965e+00 6.652829999999999577e-01 2.753906000000000187e+00 2.642821999999999782e+00
5.810549999999999882e-01 1.892090000000000050e+00 6.640629999999999589e-01 2.750243999999999911e+00 2.651367000000000029e+00
5.749509999999999899e-01 1.889647999999999994e+00 6.640629999999999589e-01 2.749023000000000216e+00 2.625732000000000177e+00
5.712890000000000468e-01 1.889647999999999994e+00 6.628420000000000423e-01 2.749023000000000216e+00 2.641601999999999784e+00
5.664059999999999651e-01 1.889647999999999994e+00 6.628420000000000423e-01 2.749023000000000216e+00 2.641601999999999784e+00
5.615229999999999944e-01 1.884765999999999941e+00 6.628420000000000423e-01 2.744140999999999941e+00 2.641601999999999784e+00
5.578610000000000513e-01 1.882324000000000108e+00 6.616210000000000147e-01 2.740479000000000109e+00 2.642821999999999782e+00
5.529789999999999983e-01 1.881104000000000109e+00 6.603999999999999870e-01 2.739257999999999971e+00 2.623291000000000039e+00
5.480960000000000276e-01 1.879882999999999971e+00 6.603999999999999870e-01 2.740479000000000109e+00 2.641601999999999784e+00
5.468750000000000000e-01 1.879882999999999971e+00 6.603999999999999870e-01 2.739257999999999971e+00 2.622069999999999901e+00
5.419920000000000293e-01 1.879882999999999971e+00 6.591799999999999882e-01 2.739257999999999971e+00 2.623291000000000039e+00
5.371089999999999476e-01 1.875000000000000000e+00 6.591799999999999882e-01 2.739257999999999971e+00 2.623291000000000039e+00
5.322270000000000056e-01 1.872559000000000085e+00 6.591799999999999882e-01 2.739257999999999971e+00 2.622069999999999901e+00
5.285640000000000338e-01 1.875000000000000000e+00 6.591799999999999882e-01 2.730713000000000168e+00 2.631835999999999842e+00
5.261230000000000073e-01 1.871337999999999946e+00 6.591799999999999882e-01 2.730713000000000168e+00 2.625732000000000177e+00
5.236819999999999808e-01 1.870117000000000029e+00 6.603999999999999870e-01 2.729492000000000029e+00 2.614745999999999793e+00
5.224609999999999532e-01 1.870117000000000029e+00 6.591799999999999882e-01 2.729492000000000029e+00 2.622069999999999901e+00
5.224609999999999532e-01 1.870117000000000029e+00 6.603999999999999870e-01 2.729492000000000029e+00 2.622069999999999901e+00
5.187990000000000101e-01 1.870117000000000029e+00 6.603999999999999870e-01 2.729492000000000029e+00 2.623291000000000039e+00
5.187990000000000101e-01 1.870117000000000029e+00 6.603999999999999870e-01 2.723389000000000060e+00 2.631835999999999842e+00
5.187990000000000101e-01 1.870117000000000029e+00 6.628420000000000423e-01 2.722167999999999921e+00 2.613525000000000098e+00
5.224609999999999532e-01 1.870117000000000029e+00 6.628420000000000423e-01 2.720946999999999782e+00 2.631835999999999842e+00
5.224609999999999532e-01 1.870117000000000029e+00 6.652829999999999577e-01 2.720946999999999782e+00 2.622069999999999901e+00
5.261230000000000073e-01 1.870117000000000029e+00 6.689450000000000118e-01 2.723389000000000060e+00 2.615966999999999931e+00
5.322270000000000056e-01 1.870117000000000029e+00 6.689450000000000118e-01 2.723389000000000060e+00 2.622069999999999901e+00
5.346680000000000321e-01 1.870117000000000029e+00 6.701660000000000394e-01 2.729492000000000029e+00 2.608642999999999823e+00
5.419920000000000293e-01 1.871337999999999946e+00 6.726069999999999549e-01 2.729492000000000029e+00 2.622069999999999901e+00
5.444339999999999735e-01 1.873779000000000083e+00 6.750490000000000101e-01 2.729492000000000029e+00 2.622069999999999901e+00
5.517579999999999707e-01 1.873779000000000083e+00 6.750490000000000101e-01 2.729492000000000029e+00 2.622069999999999901e+00
5.529789999999999983e-01 1.879882999999999971e+00 6.787109999999999532e-01 2.729492000000000029e+00 2.623291000000000039e+00
5.578610000000000513e-01 1.879882999999999971e+00 6.750490000000000101e-01 2.729492000000000029e+00 2.623291000000000039e+00
5.615229999999999944e-01 1.879882999999999971e+00 6.787109999999999532e-01 2.730713000000000168e+00 2.631835999999999842e+00
5.627440000000000220e-01 1.882324000000000108e+00 6.750490000000000101e-01 2.734375000000000000e+00 2.622069999999999901e+00
5.639650000000000496e-01 1.879882999999999971e+00 6.787109999999999532e-01 2.730713000000000168e+00 2.631835999999999842e+00
5.664059999999999651e-01 1.882324000000000108e+00 6.750490000000000101e-01 2.734375000000000000e+00 2.615966999999999931e+00
5.664059999999999651e-01 1.881104000000000109e+00 6.738279999999999825e-01 2.739257999999999971e+00 2.626952999999999872e+00
5.676269999999999927e-01 1.881104000000000109e+00 6.738279999999999825e-01 2.739257999999999971e+00 2.634276999999999980e+00
5.712890000000000468e-01 1.879882999999999971e+00 6.726069999999999549e-01 2.738036999999999832e+00 2.642821999999999782e+00
5.712890000000000468e-01 1.879882999999999971e+00 6.713869999999999560e-01 2.734375000000000000e+00 2.622069999999999901e+00
5.664059999999999651e-01 1.879882999999999971e+00 6.713869999999999560e-01 2.734375000000000000e+00 2.622069999999999901e+00
5.651859999999999662e-01 1.879882999999999971e+00 6.689450000000000118e-01 2.739257999999999971e+00 2.624512000000000178e+00
5.627440000000000220e-01 1.879882999999999971e+00 6.689450000000000118e-01 2.734375000000000000e+00 2.631835999999999842e+00
5.627440000000000220e-01 1.879882999999999971e+00 6.689450000000000118e-01 2.731933999999999862e+00 2.631835999999999842e+00
5.615229999999999944e-01 1.879882999999999971e+00 6.689450000000000118e-01 2.734375000000000000e+00 2.622069999999999901e+00
5.578610000000000513e-01 1.873779000000000083e+00 6.652829999999999577e-01 2.734375000000000000e+00 2.631835999999999842e+00
5.566410000000000524e-01 1.875000000000000000e+00 6.689450000000000118e-01 2.729492000000000029e+00 2.625732000000000177e+00
5.529789999999999983e-01 1.872559000000000085e+00 6.652829999999999577e-01 2.729492000000000029e+00 2.631835999999999842e+00
5.517579999999999707e-01 1.871337999999999946e+00 6.652829999999999577e-01 2.729492000000000029e+00 2.631835999999999842e+00
5.480960000000000276e-01 1.870117000000000029e+00 6.640629999999999589e-01 2.729492000000000029e+00 2.625732000000000177e+00
5.468750000000000000e-01 1.870117000000000029e+00 6.628420000000000423e-01 2.729492000000000029e+00 2.634276999999999980e+00
5.432129999999999459e-01 1.866454999999999975e+00 6.628420000000000423e-01 2.729492000000000029e+00 2.633056999999999981e+00
5.419920000000000293e-01 1.870117000000000029e+00 6.616210000000000147e-01 2.729492000000000029e+00 2.625732000000000177e+00
5.371089999999999476e-01 1.870117000000000029e+00 6.603999999999999870e-01 2.722167999999999921e+00 2.631835999999999842e+00
5.322270000000000056e-01 1.862792999999999921e+00 6.603999999999999870e-01 2.723389000000000060e+00 2.641601999999999784e+00
5.297849999999999504e-01 1.861572000000000005e+00 6.591799999999999882e-01 2.719726999999999784e+00 2.613525000000000098e+00
5.261230000000000073e-01 1.860352000000000006e+00 6.591799999999999882e-01 2.722167999999999921e+00 2.622069999999999901e+00
5.236819999999999808e-01 1.860352000000000006e+00 6.591799999999999882e-01 2.719726999999999784e+00 2.622069999999999901e+00
5.224609999999999532e-01 1.860352000000000006e+00 6.591799999999999882e-01 2.719726999999999784e+00 2.622069999999999901e+00
5.175779999999999825e-01 1.860352000000000006e+00 6.591799999999999882e-01 2.719726999999999784e+00 2.622069999999999901e+00
5.139160000000000394e-01 1.860352000000000006e+00 6.591799999999999882e-01 2.719726999999999784e+00 2.615966999999999931e+00
5.126950000000000118e-01 1.854247999999999896e+00 6.591799999999999882e-01 2.711181999999999981e+00 2.631835999999999842e+00
5.090329999999999577e-01 1.854247999999999896e+00 6.591799999999999882e-01 2.712401999999999980e+00 2.612305000000000099e+00
5.065920000000000423e-01 1.851806999999999981e+00 6.555180000000000451e-01 2.712401999999999980e+00 2.615966999999999931e+00
5.053710000000000147e-01 1.850586000000000064e+00 6.591799999999999882e-01 2.709960999999999842e+00 2.614745999999999793e+00
5.029299999999999882e-01 1.850586000000000064e+00 6.567380000000000440e-01 2.711181999999999981e+00 2.631835999999999842e+00
5.029299999999999882e-01 1.850586000000000064e+00 6.555180000000000451e-01 2.709960999999999842e+00 2.612305000000000099e+00
4.992679999999999896e-01 1.850586000000000064e+00 6.555180000000000451e-01 2.709960999999999842e+00 2.612305000000000099e+00
4.968259999999999899e-01 1.850586000000000064e+00 6.555180000000000451e-01 2.711181999999999981e+00 2.625732000000000177e+00
4.956050000000000177e-01 1.850586000000000064e+00 6.579589999999999606e-01 2.709960999999999842e+00 2.612305000000000099e+00
4.931639999999999913e-01 1.845703000000000094e+00 6.555180000000000451e-01 2.700194999999999901e+00 2.615966999999999931e+00
4.907230000000000203e-01 1.844481999999999955e+00 6.555180000000000451e-01 2.709960999999999842e+00 2.615966999999999931e+00
4.895019999999999927e-01 1.842041000000000039e+00 6.542970000000000175e-01 2.703857000000000177e+00 2.625732000000000177e+00
4.846190000000000220e-01 1.842041000000000039e+00 6.542970000000000175e-01 2.701416000000000039e+00 2.613525000000000098e+00
4.833979999999999944e-01 1.840819999999999901e+00 6.530759999999999899e-01 2.700194999999999901e+00 2.602539000000000158e+00
4.797359999999999958e-01 1.840819999999999901e+00 6.530759999999999899e-01 2.700194999999999901e+00 2.612305000000000099e+00
4.785159999999999969e-01 1.840819999999999901e+00 6.530759999999999899e-01 2.700194999999999901e+00 2.612305000000000099e+00
4.748539999999999983e-01 1.840819999999999901e+00 6.530759999999999899e-01 2.700194999999999901e+00 2.612305000000000099e+00
4.736330000000000262e-01 1.834716999999999931e+00 6.530759999999999899e-01 2.700194999999999901e+00 2.612305000000000099e+00
4.699710000000000276e-01 1.834716999999999931e+00 6.518549999999999622e-01 2.694091999999999931e+00 2.615966999999999931e+00
4.687500000000000000e-01 1.834716999999999931e+00 6.518549999999999622e-01 2.692870999999999793e+00 2.602539000000000158e+00
4.675289999999999724e-01 1.833496000000000015e+00 6.506349999999999634e-01 2.691650000000000098e+00 2.613525000000000098e+00
4.650880000000000014e-01 1.833496000000000015e+00 6.506349999999999634e-01 2.692870999999999793e+00 2.602539000000000158e+00
4.638669999999999738e-01 1.832275000000000098e+00 6.506349999999999634e-01 2.690430000000000099e+00 2.606200999999999990e+00
4.614260000000000028e-01 1.831055000000000099e+00 6.530759999999999899e-01 2.691650000000000098e+00 2.613525000000000098e+00
4.577640000000000042e-01 1.831055000000000099e+00 6.494140000000000468e-01 2.690430000000000099e+00 2.592773000000000216e+00
4.565429999999999766e-01 1.831055000000000099e+00 6.506349999999999634e-01 2.690430000000000099e+00 2.602539000000000158e+00
4.553220000000000045e-01 1.831055000000000099e+00 6.494140000000000468e-01 2.690430000000000099e+00 2.597656000000000187e+00
4.541020000000000056e-01 1.831055000000000099e+00 6.506349999999999634e-01 2.684325999999999990e+00 2.612305000000000099e+00
4.492189999999999794e-01 1.831055000000000099e+00 6.494140000000000468e-01 2.683104999999999851e+00 2.592773000000000216e+00
4.479980000000000073e-01 1.824950999999999990e+00 6.494140000000000468e-01 2.680664000000000158e+00 2.593993999999999911e+00
4.467769999999999797e-01 1.826171999999999906e+00 6.494140000000000468e-01 2.684325999999999990e+00 2.607422000000000128e+00
4.455569999999999808e-01 1.822510000000000074e+00 6.494140000000000468e-01 2.681884999999999852e+00 2.596436000000000188e+00
4.443360000000000087e-01 1.822510000000000074e+00 6.494140000000000468e-01 2.681884999999999852e+00 2.593993999999999911e+00
4.406740000000000101e-01 1.822510000000000074e+00 6.494140000000000468e-01 2.680664000000000158e+00 2.583007999999999971e+00
4.394529999999999825e-01 1.821288999999999936e+00 6.494140000000000468e-01 2.677001999999999882e+00 2.602539000000000158e+00
4.370120000000000116e-01 1.821288999999999936e+00 6.494140000000000468e-01 2.680664000000000158e+00 2.583007999999999971e+00
4.357909999999999839e-01 1.821288999999999936e+00 6.494140000000000468e-01 2.675781000000000187e+00 2.592773000000000216e+00
4.345700000000000118e-01 1.821288999999999936e+00 6.494140000000000468e-01 2.680664000000000158e+00 2.592773000000000216e+00
4.309080000000000132e-01 1.821288999999999936e+00 6.494140000000000468e-01 2.680664000000000158e+00 2.597656000000000187e+00
4.296880000000000144e-01 1.816405999999999965e+00 6.457519999999999927e-01 2.670898000000000216e+00 2.596436000000000188e+00
4.284669999999999868e-01 1.816405999999999965e+00 6.469730000000000203e-01 2.672118999999999911e+00 2.602539000000000158e+00
4.260249999999999870e-01 1.815185999999999966e+00 6.457519999999999927e-01 2.670898000000000216e+00 2.584229000000000109e+00
4.248049999999999882e-01 1.812743999999999911e+00 6.457519999999999927e-01 2.670898000000000216e+00 2.592773000000000216e+00
4.211429999999999896e-01 1.812743999999999911e+00 6.457519999999999927e-01 2.670898000000000216e+00 2.592773000000000216e+00
4.187009999999999899e-01 1.811522999999999994e+00 6.457519999999999927e-01 2.670898000000000216e+00 2.592773000000000216e+00
4.162600000000000189e-01 1.811522999999999994e+00 6.457519999999999927e-01 2.670898000000000216e+00 2.592773000000000216e+00
4.150389999999999913e-01 1.811522999999999994e+00 6.445309999999999651e-01 2.670898000000000216e+00 2.592773000000000216e+00
4.125980000000000203e-01 1.811522999999999994e+00 6.445309999999999651e-01 2.663574000000000108e+00 2.585449000000000108e+00
4.101560000000000206e-01 1.811522999999999994e+00 6.445309999999999651e-01 2.664794999999999803e+00 2.602539000000000158e+00
4.089360000000000217e-01 1.811522999999999994e+00 6.433109999999999662e-01 2.670898000000000216e+00 2.587890999999999941e+00
4.064940000000000220e-01 1.805420000000000025e+00 6.445309999999999651e-01 2.662354000000000109e+00 2.592773000000000216e+00
4.052729999999999944e-01 1.807860999999999940e+00 6.445309999999999651e-01 2.661132999999999971e+00 2.573242000000000029e+00
4.016109999999999958e-01 1.804199000000000108e+00 6.433109999999999662e-01 2.661132999999999971e+00 2.583007999999999971e+00
4.003909999999999969e-01 1.804199000000000108e+00 6.433109999999999662e-01 2.661132999999999971e+00 2.583007999999999971e+00
3.991700000000000248e-01 1.802979000000000109e+00 6.433109999999999662e-01 2.661132999999999971e+00 2.587890999999999941e+00
3.967289999999999983e-01 1.801757999999999971e+00 6.433109999999999662e-01 2.661132999999999971e+00 2.587890999999999941e+00
3.967289999999999983e-01 1.805420000000000025e+00 6.445309999999999651e-01 2.661132999999999971e+00 2.584229000000000109e+00
3.955080000000000262e-01 1.801757999999999971e+00 6.445309999999999651e-01 2.661132999999999971e+00 2.583007999999999971e+00
3.979489999999999972e-01 1.804199000000000108e+00 6.457519999999999927e-01 2.661132999999999971e+00 2.584229000000000109e+00
3.991700000000000248e-01 1.801757999999999971e+00 6.494140000000000468e-01 2.661132999999999971e+00 2.583007999999999971e+00
4.016109999999999958e-01 1.802979000000000109e+00 6.494140000000000468e-01 2.661132999999999971e+00 2.583007999999999971e+00
4.064940000000000220e-01 1.804199000000000108e+00 6.506349999999999634e-01 2.661132999999999971e+00 2.583007999999999971e+00
4.150389999999999913e-01 1.805420000000000025e+00 6.555180000000000451e-01 2.661132999999999971e+00 2.584229000000000109e+00
4.211429999999999896e-01 1.811522999999999994e+00 6.591799999999999882e-01 2.661132999999999971e+00 2.583007999999999971e+00
4.309080000000000132e-01 1.811522999999999994e+00 6.616210000000000147e-01 2.662354000000000109e+00 2.595215000000000050e+00
4.443360000000000087e-01 1.816405999999999965e+00 6.652829999999999577e-01 2.670898000000000216e+00 2.583007999999999971e+00
4.553220000000000045e-01 1.821288999999999936e+00 6.689450000000000118e-01 2.670898000000000216e+00 2.583007999999999971e+00
4.687500000000000000e-01 1.822510000000000074e+00 6.726069999999999549e-01 2.673340000000000050e+00 2.592773000000000216e+00
4.797359999999999958e-01 1.831055000000000099e+00 6.738279999999999825e-01 2.680664000000000158e+00 2.592773000000000216e+00
4.895019999999999927e-01 1.831055000000000099e+00 6.750490000000000101e-01 2.680664000000000158e+00 2.593993999999999911e+00
4.980470000000000175e-01 1.835938000000000070e+00 6.787109999999999532e-01 2.681884999999999852e+00 2.603759999999999852e+00
5.065920000000000423e-01 1.840819999999999901e+00 6.750490000000000101e-01 2.684325999999999990e+00 2.602539000000000158e+00
5.126950000000000118e-01 1.840819999999999901e+00 6.750490000000000101e-01 2.690430000000000099e+00 2.592773000000000216e+00
5.187990000000000101e-01 1.840819999999999901e+00 6.738279999999999825e-01 2.690430000000000099e+00 2.593993999999999911e+00
5.224609999999999532e-01 1.840819999999999901e+00 6.738279999999999825e-01 2.700194999999999901e+00 2.596436000000000188e+00
5.249019999999999797e-01 1.843261999999999956e+00 6.701660000000000394e-01 2.700194999999999901e+00 2.606200999999999990e+00
5.273440000000000349e-01 1.850586000000000064e+00 6.701660000000000394e-01 2.700194999999999901e+00 2.612305000000000099e+00
5.297849999999999504e-01 1.843261999999999956e+00 6.701660000000000394e-01 2.700194999999999901e+00 2.612305000000000099e+00
5.322270000000000056e-01 1.843261999999999956e+00 6.689450000000000118e-01 2.700194999999999901e+00 2.603759999999999852e+00
5.322270000000000056e-01 1.843261999999999956e+00 6.689450000000000118e-01 2.700194999999999901e+00 2.603759999999999852e+00
5.322270000000000056e-01 1.842041000000000039e+00 6.689450000000000118e-01 2.701416000000000039e+00 2.614745999999999793e+00
5.322270000000000056e-01 1.844481999999999955e+00 6.689450000000000118e-01 2.700194999999999901e+00 2.602539000000000158e+00
5.334470000000000045e-01 1.844481999999999955e+00 6.689450000000000118e-01 2.701416000000000039e+00 2.613525000000000098e+00
5.334470000000000045e-01 1.844481999999999955e+00 6.689450000000000118e-01 2.701416000000000039e+00 2.603759999999999852e+00
5.346680000000000321e-01 1.844481999999999955e+00 6.689450000000000118e-01 2.701416000000000039e+00 2.606200999999999990e+00
5.371089999999999476e-01 1.844481999999999955e+00 6.689450000000000118e-01 2.701416000000000039e+00 2.602539000000000158e+00
5.371089999999999476e-01 1.844481999999999955e+00 6.689450000000000118e-01 2.705077999999999872e+00 2.592773000000000216e+00
5.383299999999999752e-01 1.844481999999999955e+00 6.689450000000000118e-01 2.709960999999999842e+00 2.602539000000000158e+00
5.419920000000000293e-01 1.850586000000000064e+00 6.689450000000000118e-01 2.702637000000000178e+00 2.602539000000000158e+00
5.419920000000000293e-01 1.850586000000000064e+00 6.689450000000000118e-01 2.703857000000000177e+00 2.613525000000000098e+00
5.419920000000000293e-01 1.844481999999999955e+00 6.689450000000000118e-01 2.709960999999999842e+00 2.593993999999999911e+00
5.432129999999999459e-01 1.844481999999999955e+00 6.652829999999999577e-01 2.709960999999999842e+00 2.603759999999999852e+00
5.444339999999999735e-01 1.843261999999999956e+00 6.689450000000000118e-01 2.703857000000000177e+00 2.613525000000000098e+00
5.468750000000000000e-01 1.850586000000000064e+00 6.689450000000000118e-01 2.709960999999999842e+00 2.602539000000000158e+00
5.480960000000000276e-01 1.850586000000000064e+00 6.689450000000000118e-01 2.709960999999999842e+00 2.602539000000000158e+00
5.517579999999999707e-01 1.848144999999999927e+00 6.701660000000000394e-01 2.709960999999999842e+00 2.612305000000000099e+00
5.541989999999999972e-01 1.850586000000000064e+00 6.701660000000000394e-01 2.709960999999999842e+00 2.612305000000000099e+00
5.566410000000000524e-01 1.850586000000000064e+00 6.701660000000000394e-01 2.709960999999999842e+00 2.612305000000000099e+00
5.615229999999999944e-01 1.850586000000000064e+00 6.726069999999999549e-01 2.709960999999999842e+00 2.613525000000000098e+00
5.651859999999999662e-01 1.851806999999999981e+00 6.726069999999999549e-01 2.709960999999999842e+00 2.614745999999999793e+00
5.664059999999999651e-01 1.851806999999999981e+00 6.726069999999999549e-01 2.714843999999999813e+00 2.622069999999999901e+00
5.676269999999999927e-01 1.851806999999999981e+00 6.738279999999999825e-01 2.712401999999999980e+00 2.615966999999999931e+00
5.712890000000000468e-01 1.853026999999999980e+00 6.787109999999999532e-01 2.719726999999999784e+00 2.622069999999999901e+00
5.737299999999999622e-01 1.860352000000000006e+00 6.738279999999999825e-01 2.719726999999999784e+00 2.614745999999999793e+00
5.761720000000000175e-01 1.855469000000000035e+00 6.750490000000000101e-01 2.719726999999999784e+00 2.622069999999999901e+00
5.773930000000000451e-01 1.860352000000000006e+00 6.750490000000000101e-01 2.716063999999999812e+00 2.631835999999999842e+00
5.810549999999999882e-01 1.860352000000000006e+00 6.787109999999999532e-01 2.724609000000000059e+00 2.612305000000000099e+00
5.822749999999999870e-01 1.861572000000000005e+00 6.750490000000000101e-01 2.719726999999999784e+00 2.615966999999999931e+00
5.822749999999999870e-01 1.860352000000000006e+00 6.750490000000000101e-01 2.719726999999999784e+00 2.623291000000000039e+00
5.822749999999999870e-01 1.860352000000000006e+00 6.738279999999999825e-01 2.720946999999999782e+00 2.631835999999999842e+00
5.822749999999999870e-01 1.860352000000000006e+00 6.713869999999999560e-01 2.722167999999999921e+00 2.613525000000000098e+00
5.822749999999999870e-01 1.860352000000000006e+00 6.726069999999999549e-01 2.719726999999999784e+00 2.623291000000000039e+00
5.810549999999999882e-01 1.861572000000000005e+00 6.701660000000000394e-01 2.719726999999999784e+00 2.622069999999999901e+00
5.810549999999999882e-01 1.860352000000000006e+00 6.701660000000000394e-01 2.719726999999999784e+00 2.622069999999999901e+00
5.773930000000000451e-01 1.860352000000000006e+00 6.689450000000000118e-01 2.719726999999999784e+00 2.622069999999999901e+00
5.749509999999999899e-01 1.860352000000000006e+00 6.689450000000000118e-01 2.719726999999999784e+00 2.622069999999999901e+00
5.725099999999999634e-01 1.855469000000000035e+00 6.652829999999999577e-01 2.719726999999999784e+00 2.622069999999999901e+00
5.712890000000000468e-01 1.855469000000000035e+00 6.652829999999999577e-01 2.719726999999999784e+00 2.622069999999999901e+00
5.676269999999999927e-01 1.854247999999999896e+00 6.652829999999999577e-01 2.722167999999999921e+00 2.622069999999999901e+00
5.627440000000000220e-01 1.860352000000000006e+00 6.640629999999999589e-01 2.713623000000000118e+00 2.625732000000000177e+00
5.615229999999999944e-01 1.854247999999999896e+00 6.640629999999999589e-01 2.719726999999999784e+00 2.612305000000000099e+00
5.578610000000000513e-01 1.851806999999999981e+00 6.640629999999999589e-01 2.714843999999999813e+00 2.612305000000000099e+00
5.554200000000000248e-01 1.850586000000000064e+00 6.628420000000000423e-01 2.713623000000000118e+00 2.631835999999999842e+00
5.517579999999999707e-01 1.850586000000000064e+00 6.603999999999999870e-01 2.711181999999999981e+00 2.623291000000000039e+00
5.480960000000000276e-01 1.844481999999999955e+00 6.616210000000000147e-01 2.711181999999999981e+00 2.613525000000000098e+00
5.456539999999999724e-01 1.850586000000000064e+00 6.603999999999999870e-01 2.709960999999999842e+00 2.603759999999999852e+00
5.419920000000000293e-01 1.850586000000000064e+00 6.603999999999999870e-01 2.709960999999999842e+00 2.612305000000000099e+00
5.383299999999999752e-01 1.844481999999999955e+00 6.591799999999999882e-01 2.709960999999999842e+00 2.612305000000000099e+00
5.346680000000000321e-01 1.844481999999999955e+00 6.591799999999999882e-01 2.709960999999999842e+00 2.612305000000000099e+00
5.322270000000000056e-01 1.842041000000000039e+00 6.591799999999999882e-01 2.709960999999999842e+00 2.612305000000000099e+00
5.285640000000000338e-01 1.840819999999999901e+00 6.591799999999999882e-01 2.702637000000000178e+00 2.612305000000000099e+00
5.236819999999999808e-01 1.840819999999999901e+00 6.591799999999999882e-01 2.701416000000000039e+00 2.615966999999999931e+00
5.224609999999999532e-01 1.840819999999999901e+00 6.591799999999999882e-01 2.700194999999999901e+00 2.603759999999999852e+00
5.187990000000000101e-01 1.842041000000000039e+00 6.591799999999999882e-01 2.700194999999999901e+00 2.604979999999999851e+00
5.163569999999999549e-01 1.840819999999999901e+00 6.591799999999999882e-01 2.700194999999999901e+00 2.612305000000000099e+00
5.139160000000000394e-01 1.835938000000000070e+00 6.591799999999999882e-01 2.694091999999999931e+00 2.622069999999999901e+00
5.126950000000000118e-01 1.834716999999999931e+00 6.603999999999999870e-01 2.700194999999999901e+00 2.601318000000000019e+00
5.126950000000000118e-01 1.834716999999999931e+00 6.591799999999999882e-01 2.701416000000000039e+00 2.613525000000000098e+00
5.102539999999999853e-01 1.833496000000000015e+00 6.591799999999999882e-01 2.700194999999999901e+00 2.602539000000000158e+00
5.078129999999999589e-01 1.833496000000000015e+00 6.591799999999999882e-01 2.694091999999999931e+00 2.612305000000000099e+00
5.065920000000000423e-01 1.834716999999999931e+00 6.591799999999999882e-01 2.691650000000000098e+00 2.603759999999999852e+00
5.041499999999999870e-01 1.831055000000000099e+00 6.591799999999999882e-01 2.694091999999999931e+00 2.602539000000000158e+00
5.029299999999999882e-01 1.832275000000000098e+00 6.591799999999999882e-01 2.692870999999999793e+00 2.592773000000000216e+00
5.029299999999999882e-01 1.832275000000000098e+00 6.591799999999999882e-01 2.692870999999999793e+00 2.602539000000000158e+00
4.992679999999999896e-01 1.832275000000000098e+00 6.591799999999999882e-01 2.690430000000000099e+00 2.602539000000000158e+00
4.980470000000000175e-01 1.831055000000000099e+00 6.591799999999999882e-01 2.690430000000000099e+00 2.602539000000000158e+00
4.956050000000000177e-01 1.831055000000000099e+00 6.591799999999999882e-01 2.690430000000000099e+00 2.602539000000000158e+00
4.943850000000000189e-01 1.831055000000000099e+00 6.555180000000000451e-01 2.690430000000000099e+00 2.602539000000000158e+00
4.919430000000000192e-01 1.831055000000000099e+00 6.555180000000000451e-01 2.690430000000000099e+00 2.602539000000000158e+00
4.895019999999999927e-01 1.831055000000000099e+00 6.591799999999999882e-01 2.690430000000000099e+00 2.602539000000000158e+00
4.882810000000000206e-01 1.831055000000000099e+00 6.555180000000000451e-01 2.690430000000000099e+00 2.602539000000000158e+00
4.870610000000000217e-01 1.826171999999999906e+00 6.542970000000000175e-01 2.690430000000000099e+00 2.602539000000000158e+00
4.833979999999999944e-01 1.827393000000000045e+00 6.542970000000000175e-01 2.690430000000000099e+00 2.602539000000000158e+00
4.797359999999999958e-01 1.823730000000000073e+00 6.542970000000000175e-01 2.683104999999999851e+00 2.586669999999999803e+00
4.772950000000000248e-01 1.824950999999999990e+00 6.542970000000000175e-01 2.680664000000000158e+00 2.593993999999999911e+00
4.748539999999999983e-01 1.824950999999999990e+00 6.542970000000000175e-01 2.683104999999999851e+00 2.597656000000000187e+00
4.748539999999999983e-01 1.822510000000000074e+00 6.530759999999999899e-01 2.681884999999999852e+00 2.612305000000000099e+00
4.736330000000000262e-01 1.822510000000000074e+00 6.542970000000000175e-01 2.680664000000000158e+00 2.586669999999999803e+00
4.699710000000000276e-01 1.821288999999999936e+00 6.530759999999999899e-01 2.680664000000000158e+00 2.602539000000000158e+00
4.687500000000000000e-01 1.821288999999999936e+00 6.530759999999999899e-01 2.680664000000000158e+00 2.602539000000000158e+00
4.650880000000000014e-01 1.821288999999999936e+00 6.530759999999999899e-01 2.680664000000000158e+00 2.602539000000000158e+00
4.638669999999999738e-01 1.821288999999999936e+00 6.506349999999999634e-01 2.680664000000000158e+00 2.602539000000000158e+00
4.638669999999999738e-01 1.821288999999999936e+00 6.506349999999999634e-01 2.680664000000000158e+00 2.597656000000000187e+00
4.589840000000000031e-01 1.821288999999999936e+00 6.506349999999999634e-01 2.673340000000000050e+00 2.604979999999999851e+00
4.565429999999999766e-01 1.821288999999999936e+00 6.506349999999999634e-01 2.670898000000000216e+00 2.602539000000000158e+00
4.541020000000000056e-01 1.816405999999999965e+00 6.494140000000000468e-01 2.674561000000000188e+00 2.603759999999999852e+00
4.541020000000000056e-01 1.815185999999999966e+00 6.506349999999999634e-01 2.670898000000000216e+00 2.586669999999999803e+00
4.504389999999999783e-01 1.816405999999999965e+00 6.506349999999999634e-01 2.670898000000000216e+00 2.592773000000000216e+00
4.492189999999999794e-01 1.817627000000000104e+00 6.494140000000000468e-01 2.670898000000000216e+00 2.586669999999999803e+00
