2.001950000000000118e-01 1.444091999999999931e+00 5.664059999999999651e-01 2.280273000000000216e+00 2.301025000000000098e+00
2.062990000000000101e-01 1.442871000000000015e+00 5.676269999999999927e-01 2.280273000000000216e+00 2.309569999999999901e+00
2.124020000000000075e-01 1.445313000000000070e+00 5.712890000000000468e-01 2.280273000000000216e+00 2.309569999999999901e+00
2.197270000000000056e-01 1.450194999999999901e+00 5.712890000000000468e-01 2.281493999999999911e+00 2.309569999999999901e+00
2.258300000000000030e-01 1.450194999999999901e+00 5.725099999999999634e-01 2.280273000000000216e+00 2.303466999999999931e+00
2.343750000000000000e-01 1.452636999999999956e+00 5.749509999999999899e-01 2.290039000000000158e+00 2.324218999999999813e+00
2.404789999999999983e-01 1.452636999999999956e+00 5.749509999999999899e-01 2.290039000000000158e+00 2.338867000000000029e+00
2.490229999999999944e-01 1.459961000000000064e+00 5.761720000000000175e-01 2.290039000000000158e+00 2.324218999999999813e+00
2.600100000000000189e-01 1.459961000000000064e+00 5.773930000000000451e-01 2.292479999999999851e+00 2.338867000000000029e+00
2.819820000000000104e-01 1.469727000000000006e+00 5.810549999999999882e-01 2.299805000000000099e+00 2.329101999999999784e+00
3.210450000000000248e-01 1.470947000000000005e+00 5.908200000000000118e-01 2.309569999999999901e+00 2.329101999999999784e+00
3.833010000000000028e-01 1.481934000000000085e+00 6.018069999999999808e-01 2.320556999999999981e+00 2.338867000000000029e+00
4.614260000000000028e-01 1.500243999999999911e+00 6.201170000000000293e-01 2.348632999999999971e+00 2.338867000000000029e+00
5.456539999999999724e-01 1.519775000000000098e+00 6.359860000000000513e-01 2.370604999999999851e+00 2.358398000000000216e+00
6.298829999999999707e-01 1.547852000000000006e+00 6.518549999999999622e-01 2.398681999999999981e+00 2.370604999999999851e+00
7.080079999999999707e-01 1.572265999999999941e+00 6.652829999999999577e-01 2.436523000000000216e+00 2.397460999999999842e+00
7.763670000000000293e-01 1.601563000000000070e+00 6.787109999999999532e-01 2.468262000000000178e+00 2.419433999999999862e+00
8.361819999999999808e-01 1.628417999999999921e+00 6.896970000000000045e-01 2.504882999999999971e+00 2.447509999999999852e+00
8.984379999999999589e-01 1.656493999999999911e+00 6.994629999999999459e-01 2.535400000000000098e+00 2.459716999999999931e+00
9.533690000000000220e-01 1.684569999999999901e+00 7.092289999999999983e-01 2.578125000000000000e+00 2.485351999999999784e+00
1.005859000000000059e+00 1.713867000000000029e+00 7.189940000000000220e-01 2.604979999999999851e+00 2.507324000000000108e+00
1.051025000000000098e+00 1.738280999999999965e+00 7.275390000000000468e-01 2.636718999999999813e+00 2.534180000000000099e+00
1.090087999999999946e+00 1.762694999999999901e+00 7.373049999999999882e-01 2.670898000000000216e+00 2.546387000000000178e+00
1.120605000000000073e+00 1.785889000000000060e+00 7.421879999999999589e-01 2.700194999999999901e+00 2.573242000000000029e+00
1.141356999999999955e+00 1.811522999999999994e+00 7.470700000000000118e-01 2.720946999999999782e+00 2.583007999999999971e+00
1.159667999999999921e+00 1.824950999999999990e+00 7.495119999999999560e-01 2.739257999999999971e+00 2.583007999999999971e+00
1.173095999999999917e+00 1.840819999999999901e+00 7.519529999999999825e-01 2.761229999999999851e+00 2.602539000000000158e+00
1.186522999999999994e+00 1.855469000000000035e+00 7.568359999999999532e-01 2.780762000000000178e+00 2.615966999999999931e+00
1.196288999999999936e+00 1.870117000000000029e+00 7.568359999999999532e-01 2.791748000000000118e+00 2.641601999999999784e+00
1.202393000000000045e+00 1.879882999999999971e+00 7.580569999999999808e-01 2.807617000000000029e+00 2.631835999999999842e+00
1.206055000000000099e+00 1.889647999999999994e+00 7.580569999999999808e-01 2.817382999999999971e+00 2.644042999999999921e+00
1.206055000000000099e+00 1.899413999999999936e+00 7.580569999999999808e-01 2.828368999999999911e+00 2.670898000000000216e+00
1.207275000000000098e+00 1.903075999999999990e+00 7.580569999999999808e-01 2.836914000000000158e+00 2.656250000000000000e+00
1.215819999999999901e+00 1.910400000000000098e+00 7.580569999999999808e-01 2.846680000000000099e+00 2.680664000000000158e+00
1.217041000000000039e+00 1.918944999999999901e+00 7.580569999999999808e-01 2.850341999999999931e+00 2.680664000000000158e+00
1.220703000000000094e+00 1.928711000000000064e+00 7.592769999999999797e-01 2.856444999999999901e+00 2.664794999999999803e+00
1.221924000000000010e+00 1.929931999999999981e+00 7.604980000000000073e-01 2.866210999999999842e+00 2.690430000000000099e+00
1.225586000000000064e+00 1.934814000000000034e+00 7.580569999999999808e-01 2.875976999999999784e+00 2.691650000000000098e+00
1.225586000000000064e+00 1.939697000000000005e+00 7.580569999999999808e-01 2.878417999999999921e+00 2.691650000000000098e+00
1.219481999999999955e+00 1.948242000000000029e+00 7.568359999999999532e-01 2.885742000000000029e+00 2.705077999999999872e+00
1.218261999999999956e+00 1.951904000000000083e+00 7.568359999999999532e-01 2.885742000000000029e+00 2.711181999999999981e+00
1.217041000000000039e+00 1.958007999999999971e+00 7.568359999999999532e-01 2.890625000000000000e+00 2.701416000000000039e+00
1.219481999999999955e+00 1.959229000000000109e+00 7.568359999999999532e-01 2.895507999999999971e+00 2.703857000000000177e+00
1.217041000000000039e+00 1.960449000000000108e+00 7.568359999999999532e-01 2.896729000000000109e+00 2.719726999999999784e+00
1.218261999999999956e+00 1.961670000000000025e+00 7.531740000000000101e-01 2.896729000000000109e+00 2.700194999999999901e+00
1.218261999999999956e+00 1.967772999999999994e+00 7.531740000000000101e-01 2.905273000000000216e+00 2.700194999999999901e+00
1.225586000000000064e+00 1.970215000000000050e+00 7.568359999999999532e-01 2.905273000000000216e+00 2.709960999999999842e+00
1.225586000000000064e+00 1.977538999999999936e+00 7.568359999999999532e-01 2.906493999999999911e+00 2.708740000000000148e+00
1.221924000000000010e+00 1.977538999999999936e+00 7.568359999999999532e-01 2.910156000000000187e+00 2.719726999999999784e+00
1.217041000000000039e+00 1.977538999999999936e+00 7.519529999999999825e-01 2.915039000000000158e+00 2.714843999999999813e+00
1.210938000000000070e+00 1.978760000000000074e+00 7.507319999999999549e-01 2.915039000000000158e+00 2.729492000000000029e+00
1.202393000000000045e+00 1.977538999999999936e+00 7.482910000000000394e-01 2.915039000000000158e+00 2.720946999999999782e+00
1.191405999999999965e+00 1.977538999999999936e+00 7.470700000000000118e-01 2.915039000000000158e+00 2.720946999999999782e+00
1.177979000000000109e+00 1.977538999999999936e+00 7.409670000000000423e-01 2.915039000000000158e+00 2.719726999999999784e+00
1.170654000000000083e+00 1.973877000000000104e+00 7.385249999999999870e-01 2.907715000000000050e+00 2.719726999999999784e+00
1.157227000000000006e+00 1.977538999999999936e+00 7.373049999999999882e-01 2.905273000000000216e+00 2.709960999999999842e+00
1.147461000000000064e+00 1.970215000000000050e+00 7.324220000000000175e-01 2.905273000000000216e+00 2.709960999999999842e+00
1.132813000000000070e+00 1.968993999999999911e+00 7.275390000000000468e-01 2.899169999999999803e+00 2.703857000000000177e+00
1.123046999999999906e+00 1.967772999999999994e+00 7.238769999999999927e-01 2.895507999999999971e+00 2.709960999999999842e+00
1.113280999999999965e+00 1.965332000000000079e+00 7.226559999999999651e-01 2.895507999999999971e+00 2.701416000000000039e+00
1.102295000000000025e+00 1.961670000000000025e+00 7.189940000000000220e-01 2.890625000000000000e+00 2.701416000000000039e+00
1.098632999999999971e+00 1.958007999999999971e+00 7.189940000000000220e-01 2.885742000000000029e+00 2.709960999999999842e+00
1.088867000000000029e+00 1.958007999999999971e+00 7.177729999999999944e-01 2.885742000000000029e+00 2.700194999999999901e+00
1.088867000000000029e+00 1.958007999999999971e+00 7.177729999999999944e-01 2.879639000000000060e+00 2.701416000000000039e+00
1.080322000000000005e+00 1.954345999999999917e+00 7.177729999999999944e-01 2.878417999999999921e+00 2.690430000000000099e+00
1.079102000000000006e+00 1.953125000000000000e+00 7.177729999999999944e-01 2.875976999999999784e+00 2.690430000000000099e+00
1.079102000000000006e+00 1.951904000000000083e+00 7.177729999999999944e-01 2.875976999999999784e+00 2.692870999999999793e+00
1.079102000000000006e+00 1.953125000000000000e+00 7.189940000000000220e-01 2.875976999999999784e+00 2.702637000000000178e+00
1.079102000000000006e+00 1.953125000000000000e+00 7.189940000000000220e-01 2.875976999999999784e+00 2.711181999999999981e+00
1.080322000000000005e+00 1.953125000000000000e+00 7.189940000000000220e-01 2.875976999999999784e+00 2.701416000000000039e+00
1.081542999999999921e+00 1.958007999999999971e+00 7.214359999999999662e-01 2.877196999999999782e+00 2.700194999999999901e+00
1.088867000000000029e+00 1.958007999999999971e+00 7.226559999999999651e-01 2.875976999999999784e+00 2.684325999999999990e+00
1.090087999999999946e+00 1.958007999999999971e+00 7.238769999999999927e-01 2.877196999999999782e+00 2.703857000000000177e+00
1.098632999999999971e+00 1.958007999999999971e+00 7.275390000000000468e-01 2.878417999999999921e+00 2.700194999999999901e+00
1.103515999999999941e+00 1.958007999999999971e+00 7.275390000000000468e-01 2.885742000000000029e+00 2.700194999999999901e+00
1.113280999999999965e+00 1.961670000000000025e+00 7.287599999999999634e-01 2.885742000000000029e+00 2.700194999999999901e+00
1.118163999999999936e+00 1.962890999999999941e+00 7.324220000000000175e-01 2.885742000000000029e+00 2.700194999999999901e+00
1.120605000000000073e+00 1.967772999999999994e+00 7.324220000000000175e-01 2.886963000000000168e+00 2.703857000000000177e+00
1.127930000000000099e+00 1.968993999999999911e+00 7.312009999999999899e-01 2.895507999999999971e+00 2.719726999999999784e+00
1.127930000000000099e+00 1.967772999999999994e+00 7.312009999999999899e-01 2.895507999999999971e+00 2.713623000000000118e+00
1.127930000000000099e+00 1.968993999999999911e+00 7.312009999999999899e-01 2.895507999999999971e+00 2.729492000000000029e+00
1.124268000000000045e+00 1.968993999999999911e+00 7.287599999999999634e-01 2.895507999999999971e+00 2.719726999999999784e+00
1.121825999999999990e+00 1.972655999999999965e+00 7.287599999999999634e-01 2.897949000000000108e+00 2.719726999999999784e+00
1.118163999999999936e+00 1.970215000000000050e+00 7.275390000000000468e-01 2.895507999999999971e+00 2.709960999999999842e+00
1.118163999999999936e+00 1.967772999999999994e+00 7.250980000000000203e-01 2.895507999999999971e+00 2.709960999999999842e+00
1.108397999999999994e+00 1.971435999999999966e+00 7.214359999999999662e-01 2.895507999999999971e+00 2.709960999999999842e+00
1.102295000000000025e+00 1.967772999999999994e+00 7.189940000000000220e-01 2.895507999999999971e+00 2.711181999999999981e+00
1.098632999999999971e+00 1.967772999999999994e+00 7.189940000000000220e-01 2.895507999999999971e+00 2.711181999999999981e+00
1.093750000000000000e+00 1.962890999999999941e+00 7.177729999999999944e-01 2.890625000000000000e+00 2.709960999999999842e+00
1.090087999999999946e+00 1.961670000000000025e+00 7.141110000000000513e-01 2.890625000000000000e+00 2.709960999999999842e+00
1.085204999999999975e+00 1.960449000000000108e+00 7.128910000000000524e-01 2.888183999999999862e+00 2.709960999999999842e+00
1.080322000000000005e+00 1.958007999999999971e+00 7.104489999999999972e-01 2.885742000000000029e+00 2.702637000000000178e+00
1.072997999999999896e+00 1.958007999999999971e+00 7.092289999999999983e-01 2.885742000000000029e+00 2.713623000000000118e+00
1.070556999999999981e+00 1.958007999999999971e+00 7.080079999999999707e-01 2.879639000000000060e+00 2.720946999999999782e+00
1.069336000000000064e+00 1.953125000000000000e+00 7.080079999999999707e-01 2.878417999999999921e+00 2.694091999999999931e+00
1.062011999999999956e+00 1.953125000000000000e+00 7.080079999999999707e-01 2.878417999999999921e+00 2.709960999999999842e+00
1.059569999999999901e+00 1.953125000000000000e+00 7.043460000000000276e-01 2.885742000000000029e+00 2.709960999999999842e+00
1.054688000000000070e+00 1.948242000000000029e+00 7.031250000000000000e-01 2.875976999999999784e+00 2.701416000000000039e+00
1.055908000000000069e+00 1.948242000000000029e+00 7.031250000000000000e-01 2.875976999999999784e+00 2.694091999999999931e+00
1.062011999999999956e+00 1.948242000000000029e+00 7.043460000000000276e-01 2.875976999999999784e+00 2.711181999999999981e+00
1.074219000000000035e+00 1.948242000000000029e+00 7.080079999999999707e-01 2.875976999999999784e+00 2.700194999999999901e+00
1.088867000000000029e+00 1.949462999999999946e+00 7.104489999999999972e-01 2.875976999999999784e+00 2.701416000000000039e+00
1.098632999999999971e+00 1.953125000000000000e+00 7.128910000000000524e-01 2.878417999999999921e+00 2.701416000000000039e+00
1.104735999999999940e+00 1.958007999999999971e+00 7.141110000000000513e-01 2.885742000000000029e+00 2.703857000000000177e+00
1.108397999999999994e+00 1.954345999999999917e+00 7.141110000000000513e-01 2.885742000000000029e+00 2.719726999999999784e+00
1.109618999999999911e+00 1.958007999999999971e+00 7.141110000000000513e-01 2.885742000000000029e+00 2.713623000000000118e+00
1.109618999999999911e+00 1.958007999999999971e+00 7.141110000000000513e-01 2.888183999999999862e+00 2.729492000000000029e+00
1.104735999999999940e+00 1.958007999999999971e+00 7.128910000000000524e-01 2.889403999999999861e+00 2.719726999999999784e+00
1.098632999999999971e+00 1.958007999999999971e+00 7.104489999999999972e-01 2.886963000000000168e+00 2.701416000000000039e+00
1.090087999999999946e+00 1.958007999999999971e+00 7.080079999999999707e-01 2.885742000000000029e+00 2.691650000000000098e+00
1.080322000000000005e+00 1.958007999999999971e+00 7.080079999999999707e-01 2.885742000000000029e+00 2.700194999999999901e+00
1.072997999999999896e+00 1.949462999999999946e+00 7.031250000000000000e-01 2.886963000000000168e+00 2.709960999999999842e+00
1.064453000000000094e+00 1.948242000000000029e+00 7.019039999999999724e-01 2.878417999999999921e+00 2.700194999999999901e+00
1.059569999999999901e+00 1.948242000000000029e+00 6.994629999999999459e-01 2.878417999999999921e+00 2.701416000000000039e+00
1.049805000000000099e+00 1.942139000000000060e+00 6.945799999999999752e-01 2.875976999999999784e+00 2.700194999999999901e+00
1.046143000000000045e+00 1.939697000000000005e+00 6.982420000000000293e-01 2.875976999999999784e+00 2.696533000000000069e+00
1.043700999999999990e+00 1.938477000000000006e+00 6.982420000000000293e-01 2.875976999999999784e+00 2.709960999999999842e+00
1.049805000000000099e+00 1.938477000000000006e+00 6.994629999999999459e-01 2.867431999999999981e+00 2.709960999999999842e+00
1.053466999999999931e+00 1.938477000000000006e+00 7.019039999999999724e-01 2.869873000000000118e+00 2.700194999999999901e+00
1.059569999999999901e+00 1.939697000000000005e+00 7.031250000000000000e-01 2.875976999999999784e+00 2.684325999999999990e+00
1.063231999999999955e+00 1.938477000000000006e+00 7.080079999999999707e-01 2.875976999999999784e+00 2.703857000000000177e+00
1.064453000000000094e+00 1.940917999999999921e+00 7.080079999999999707e-01 2.878417999999999921e+00 2.719726999999999784e+00
1.065674000000000010e+00 1.940917999999999921e+00 7.067870000000000541e-01 2.875976999999999784e+00 2.709960999999999842e+00
1.063231999999999955e+00 1.948242000000000029e+00 7.080079999999999707e-01 2.875976999999999784e+00 2.702637000000000178e+00
1.059569999999999901e+00 1.942139000000000060e+00 7.043460000000000276e-01 2.875976999999999784e+00 2.719726999999999784e+00
1.051025000000000098e+00 1.939697000000000005e+00 7.031250000000000000e-01 2.875976999999999784e+00 2.719726999999999784e+00
1.049805000000000099e+00 1.942139000000000060e+00 7.019039999999999724e-01 2.875976999999999784e+00 2.713623000000000118e+00
1.046143000000000045e+00 1.938477000000000006e+00 7.019039999999999724e-01 2.871093999999999813e+00 2.719726999999999784e+00
1.041260000000000074e+00 1.938477000000000006e+00 6.994629999999999459e-01 2.871093999999999813e+00 2.714843999999999813e+00
1.040038999999999936e+00 1.932372999999999896e+00 6.994629999999999459e-01 2.867431999999999981e+00 2.729492000000000029e+00
1.031493999999999911e+00 1.938477000000000006e+00 6.982420000000000293e-01 2.867431999999999981e+00 2.709960999999999842e+00
1.030272999999999994e+00 1.933594000000000035e+00 6.982420000000000293e-01 2.867431999999999981e+00 2.696533000000000069e+00
1.024170000000000025e+00 1.933594000000000035e+00 6.982420000000000293e-01 2.866210999999999842e+00 2.701416000000000039e+00
1.020507999999999971e+00 1.929931999999999981e+00 6.945799999999999752e-01 2.866210999999999842e+00 2.701416000000000039e+00
1.020507999999999971e+00 1.928711000000000064e+00 6.945799999999999752e-01 2.866210999999999842e+00 2.700194999999999901e+00
1.020507999999999971e+00 1.928711000000000064e+00 6.945799999999999752e-01 2.866210999999999842e+00 2.700194999999999901e+00
1.021729000000000109e+00 1.928711000000000064e+00 6.945799999999999752e-01 2.866210999999999842e+00 2.701416000000000039e+00
1.025390999999999941e+00 1.928711000000000064e+00 6.982420000000000293e-01 2.866210999999999842e+00 2.700194999999999901e+00
1.030272999999999994e+00 1.928711000000000064e+00 6.994629999999999459e-01 2.866210999999999842e+00 2.701416000000000039e+00
1.040038999999999936e+00 1.928711000000000064e+00 7.031250000000000000e-01 2.866210999999999842e+00 2.701416000000000039e+00
1.042480000000000073e+00 1.938477000000000006e+00 7.043460000000000276e-01 2.866210999999999842e+00 2.703857000000000177e+00
1.044921999999999906e+00 1.931151999999999980e+00 7.031250000000000000e-01 2.866210999999999842e+00 2.711181999999999981e+00
1.049805000000000099e+00 1.933594000000000035e+00 7.031250000000000000e-01 2.867431999999999981e+00 2.711181999999999981e+00
1.044921999999999906e+00 1.932372999999999896e+00 7.031250000000000000e-01 2.868651999999999980e+00 2.700194999999999901e+00
1.044921999999999906e+00 1.932372999999999896e+00 7.031250000000000000e-01 2.868651999999999980e+00 2.700194999999999901e+00
1.040038999999999936e+00 1.931151999999999980e+00 6.994629999999999459e-01 2.867431999999999981e+00 2.709960999999999842e+00
1.033935999999999966e+00 1.928711000000000064e+00 6.982420000000000293e-01 2.866210999999999842e+00 2.692870999999999793e+00
1.030272999999999994e+00 1.928711000000000064e+00 6.958010000000000028e-01 2.866210999999999842e+00 2.709960999999999842e+00
1.020507999999999971e+00 1.928711000000000064e+00 6.945799999999999752e-01 2.871093999999999813e+00 2.709960999999999842e+00
1.011962999999999946e+00 1.928711000000000064e+00 6.921389999999999487e-01 2.862549000000000010e+00 2.719726999999999784e+00
1.007079999999999975e+00 1.921386999999999956e+00 6.884770000000000056e-01 2.860107000000000177e+00 2.700194999999999901e+00
1.000977000000000006e+00 1.920166000000000039e+00 6.884770000000000056e-01 2.856444999999999901e+00 2.683104999999999851e+00
9.924319999999999808e-01 1.918944999999999901e+00 6.884770000000000056e-01 2.856444999999999901e+00 2.700194999999999901e+00
9.851069999999999549e-01 1.918944999999999901e+00 6.848140000000000338e-01 2.856444999999999901e+00 2.701416000000000039e+00
9.765629999999999589e-01 1.912841999999999931e+00 6.823730000000000073e-01 2.849120999999999793e+00 2.700194999999999901e+00
9.765629999999999589e-01 1.912841999999999931e+00 6.823730000000000073e-01 2.849120999999999793e+00 2.700194999999999901e+00
9.716799999999999882e-01 1.912841999999999931e+00 6.799319999999999808e-01 2.846680000000000099e+00 2.700194999999999901e+00
9.619140000000000468e-01 1.909180000000000099e+00 6.787109999999999532e-01 2.846680000000000099e+00 2.692870999999999793e+00
9.521479999999999944e-01 1.909180000000000099e+00 6.750490000000000101e-01 2.840575999999999990e+00 2.709960999999999842e+00
9.375000000000000000e-01 1.899413999999999936e+00 6.726069999999999549e-01 2.836914000000000158e+00 2.680664000000000158e+00
9.326170000000000293e-01 1.899413999999999936e+00 6.701660000000000394e-01 2.836914000000000158e+00 2.681884999999999852e+00
9.252930000000000321e-01 1.899413999999999936e+00 6.701660000000000394e-01 2.828368999999999911e+00 2.692870999999999793e+00
9.179690000000000349e-01 1.892090000000000050e+00 6.689450000000000118e-01 2.827148000000000216e+00 2.680664000000000158e+00
9.130859999999999532e-01 1.890868999999999911e+00 6.689450000000000118e-01 2.823485999999999940e+00 2.684325999999999990e+00
9.045410000000000394e-01 1.889647999999999994e+00 6.689450000000000118e-01 2.817382999999999971e+00 2.680664000000000158e+00
9.033200000000000118e-01 1.889647999999999994e+00 6.652829999999999577e-01 2.817382999999999971e+00 2.680664000000000158e+00
8.947749999999999870e-01 1.881104000000000109e+00 6.640629999999999589e-01 2.811278999999999861e+00 2.683104999999999851e+00
8.874509999999999899e-01 1.881104000000000109e+00 6.640629999999999589e-01 2.811278999999999861e+00 2.680664000000000158e+00
8.837890000000000468e-01 1.882324000000000108e+00 6.616210000000000147e-01 2.808838000000000168e+00 2.670898000000000216e+00
8.789059999999999651e-01 1.875000000000000000e+00 6.603999999999999870e-01 2.807617000000000029e+00 2.661132999999999971e+00
8.740229999999999944e-01 1.873779000000000083e+00 6.603999999999999870e-01 2.807617000000000029e+00 2.670898000000000216e+00
8.654789999999999983e-01 1.870117000000000029e+00 6.591799999999999882e-01 2.800292999999999921e+00 2.664794999999999803e+00
8.642579999999999707e-01 1.870117000000000029e+00 6.591799999999999882e-01 2.797851999999999784e+00 2.670898000000000216e+00
8.642579999999999707e-01 1.870117000000000029e+00 6.591799999999999882e-01 2.797851999999999784e+00 2.670898000000000216e+00
8.654789999999999983e-01 1.870117000000000029e+00 6.591799999999999882e-01 2.797851999999999784e+00 2.662354000000000109e+00
8.703610000000000513e-01 1.864014000000000060e+00 6.603999999999999870e-01 2.797851999999999784e+00 2.664794999999999803e+00
8.740229999999999944e-01 1.870117000000000029e+00 6.603999999999999870e-01 2.799071999999999782e+00 2.681884999999999852e+00
8.935549999999999882e-01 1.865234000000000059e+00 6.628420000000000423e-01 2.797851999999999784e+00 2.661132999999999971e+00
9.460450000000000248e-01 1.870117000000000029e+00 6.689450000000000118e-01 2.800292999999999921e+00 2.664794999999999803e+00
1.031493999999999911e+00 1.879882999999999971e+00 6.835940000000000349e-01 2.807617000000000029e+00 2.675781000000000187e+00
1.118163999999999936e+00 1.900635000000000074e+00 7.043460000000000276e-01 2.827148000000000216e+00 2.690430000000000099e+00
1.207275000000000098e+00 1.928711000000000064e+00 7.287599999999999634e-01 2.849120999999999793e+00 2.701416000000000039e+00
1.293944999999999901e+00 1.958007999999999971e+00 7.495119999999999560e-01 2.878417999999999921e+00 2.711181999999999981e+00
1.363525000000000098e+00 1.989746000000000015e+00 7.727049999999999752e-01 2.915039000000000158e+00 2.731933999999999862e+00
1.423340000000000050e+00 2.019042999999999921e+00 7.910160000000000524e-01 2.944335999999999842e+00 2.761229999999999851e+00
1.469727000000000006e+00 2.047118999999999911e+00 8.068849999999999634e-01 2.973632999999999971e+00 2.778319999999999901e+00
1.499022999999999994e+00 2.075194999999999901e+00 8.178710000000000147e-01 2.996825999999999990e+00 2.797851999999999784e+00
1.518555000000000099e+00 2.094726999999999784e+00 8.251950000000000118e-01 3.022460999999999842e+00 2.790526999999999980e+00
1.528319999999999901e+00 2.109375000000000000e+00 8.264160000000000394e-01 3.035889000000000060e+00 2.828368999999999911e+00
1.529541000000000039e+00 2.124023000000000216e+00 8.264160000000000394e-01 3.051757999999999971e+00 2.817382999999999971e+00
1.528319999999999901e+00 2.133789000000000158e+00 8.251950000000000118e-01 3.061523000000000216e+00 2.827148000000000216e+00
1.503905999999999965e+00 2.143555000000000099e+00 8.166499999999999870e-01 3.071289000000000158e+00 2.838134999999999852e+00
1.489257999999999971e+00 2.143555000000000099e+00 8.117680000000000451e-01 3.071289000000000158e+00 2.840575999999999990e+00
1.470947000000000005e+00 2.143555000000000099e+00 8.068849999999999634e-01 3.076172000000000128e+00 2.856444999999999901e+00
1.459961000000000064e+00 2.143555000000000099e+00 8.056640000000000468e-01 3.071289000000000158e+00 2.846680000000000099e+00
1.444091999999999931e+00 2.143555000000000099e+00 8.007809999999999651e-01 3.071289000000000158e+00 2.846680000000000099e+00
1.430663999999999936e+00 2.143555000000000099e+00 7.971190000000000220e-01 3.065186000000000188e+00 2.856444999999999901e+00
1.420897999999999994e+00 2.142333999999999961e+00 7.922360000000000513e-01 3.062743999999999911e+00 2.840575999999999990e+00
1.403809000000000085e+00 2.143555000000000099e+00 7.861329999999999707e-01 3.061523000000000216e+00 2.840575999999999990e+00
1.386719000000000035e+00 2.135009999999999852e+00 7.800289999999999724e-01 3.061523000000000216e+00 2.846680000000000099e+00
1.365966999999999931e+00 2.133789000000000158e+00 7.763670000000000293e-01 3.052979000000000109e+00 2.846680000000000099e+00
1.343993999999999911e+00 2.126465000000000050e+00 7.666020000000000056e-01 3.051757999999999971e+00 2.827148000000000216e+00
1.324462999999999946e+00 2.124023000000000216e+00 7.617190000000000349e-01 3.045653999999999861e+00 2.838134999999999852e+00
1.303711000000000064e+00 2.124023000000000216e+00 7.568359999999999532e-01 3.041992000000000029e+00 2.817382999999999971e+00
1.284180000000000099e+00 2.114257999999999971e+00 7.495119999999999560e-01 3.032226999999999784e+00 2.817382999999999971e+00
1.264647999999999994e+00 2.104492000000000029e+00 7.434079999999999577e-01 3.032226999999999784e+00 2.817382999999999971e+00
1.245117000000000029e+00 2.098389000000000060e+00 7.385249999999999870e-01 3.022460999999999842e+00 2.817382999999999971e+00
1.225586000000000064e+00 2.094726999999999784e+00 7.312009999999999899e-01 3.012694999999999901e+00 2.808838000000000168e+00
1.206055000000000099e+00 2.086181999999999981e+00 7.275390000000000468e-01 3.002930000000000099e+00 2.807617000000000029e+00
1.186522999999999994e+00 2.078857000000000177e+00 7.214359999999999662e-01 3.002930000000000099e+00 2.807617000000000029e+00
1.171875000000000000e+00 2.075194999999999901e+00 7.177729999999999944e-01 2.993164000000000158e+00 2.800292999999999921e+00
1.157227000000000006e+00 2.067870999999999793e+00 7.141110000000000513e-01 2.983398000000000216e+00 2.800292999999999921e+00
1.138916000000000039e+00 2.065430000000000099e+00 7.116700000000000248e-01 2.983398000000000216e+00 2.807617000000000029e+00
1.127930000000000099e+00 2.055664000000000158e+00 7.080079999999999707e-01 2.973632999999999971e+00 2.789306999999999981e+00
1.108397999999999994e+00 2.047118999999999911e+00 7.031250000000000000e-01 2.968750000000000000e+00 2.781982000000000177e+00
1.090087999999999946e+00 2.045898000000000216e+00 6.994629999999999459e-01 2.957764000000000060e+00 2.797851999999999784e+00
1.079102000000000006e+00 2.036132999999999971e+00 6.982420000000000293e-01 2.954101999999999784e+00 2.768555000000000099e+00
1.059569999999999901e+00 2.031250000000000000e+00 6.921389999999999487e-01 2.947998000000000118e+00 2.780762000000000178e+00
1.041260000000000074e+00 2.026367000000000029e+00 6.884770000000000056e-01 2.937012000000000178e+00 2.761229999999999851e+00
1.022949000000000108e+00 2.016601999999999784e+00 6.835940000000000349e-01 2.934569999999999901e+00 2.762450999999999990e+00
1.004639000000000060e+00 2.008056999999999981e+00 6.799319999999999808e-01 2.924805000000000099e+00 2.772216999999999931e+00
9.875490000000000101e-01 2.006835999999999842e+00 6.787109999999999532e-01 2.916259999999999852e+00 2.768555000000000099e+00
9.716799999999999882e-01 1.997069999999999901e+00 6.726069999999999549e-01 2.917479999999999851e+00 2.749023000000000216e+00
9.533690000000000220e-01 1.987305000000000099e+00 6.689450000000000118e-01 2.905273000000000216e+00 2.740479000000000109e+00
9.362789999999999724e-01 1.979980000000000073e+00 6.689450000000000118e-01 2.896729000000000109e+00 2.749023000000000216e+00
9.228520000000000056e-01 1.978760000000000074e+00 6.628420000000000423e-01 2.895507999999999971e+00 2.729492000000000029e+00
9.045410000000000394e-01 1.967772999999999994e+00 6.603999999999999870e-01 2.885742000000000029e+00 2.730713000000000168e+00
8.935549999999999882e-01 1.959229000000000109e+00 6.591799999999999882e-01 2.878417999999999921e+00 2.723389000000000060e+00
8.789059999999999651e-01 1.958007999999999971e+00 6.555180000000000451e-01 2.875976999999999784e+00 2.729492000000000029e+00
8.703610000000000513e-01 1.948242000000000029e+00 6.555180000000000451e-01 2.867431999999999981e+00 2.734375000000000000e+00
8.654789999999999983e-01 1.948242000000000029e+00 6.542970000000000175e-01 2.857666000000000039e+00 2.720946999999999782e+00
8.642579999999999707e-01 1.942139000000000060e+00 6.591799999999999882e-01 2.860107000000000177e+00 2.719726999999999784e+00
8.642579999999999707e-01 1.939697000000000005e+00 6.555180000000000451e-01 2.856444999999999901e+00 2.700194999999999901e+00
8.642579999999999707e-01 1.938477000000000006e+00 6.591799999999999882e-01 2.851563000000000070e+00 2.700194999999999901e+00
8.605960000000000276e-01 1.931151999999999980e+00 6.567380000000000440e-01 2.846680000000000099e+00 2.709960999999999842e+00
8.605960000000000276e-01 1.929931999999999981e+00 6.591799999999999882e-01 2.846680000000000099e+00 2.703857000000000177e+00
8.642579999999999707e-01 1.928711000000000064e+00 6.591799999999999882e-01 2.846680000000000099e+00 2.709960999999999842e+00
8.642579999999999707e-01 1.928711000000000064e+00 6.591799999999999882e-01 2.846680000000000099e+00 2.703857000000000177e+00
8.679200000000000248e-01 1.928711000000000064e+00 6.603999999999999870e-01 2.839354999999999851e+00 2.709960999999999842e+00
8.740229999999999944e-01 1.921386999999999956e+00 6.603999999999999870e-01 2.838134999999999852e+00 2.711181999999999981e+00
8.776859999999999662e-01 1.920166000000000039e+00 6.628420000000000423e-01 2.840575999999999990e+00 2.703857000000000177e+00
8.801269999999999927e-01 1.918944999999999901e+00 6.640629999999999589e-01 2.836914000000000158e+00 2.690430000000000099e+00
8.837890000000000468e-01 1.918944999999999901e+00 6.652829999999999577e-01 2.836914000000000158e+00 2.700194999999999901e+00
8.850099999999999634e-01 1.918944999999999901e+00 6.652829999999999577e-01 2.838134999999999852e+00 2.709960999999999842e+00
8.874509999999999899e-01 1.918944999999999901e+00 6.652829999999999577e-01 2.836914000000000158e+00 2.692870999999999793e+00
8.898930000000000451e-01 1.918944999999999901e+00 6.689450000000000118e-01 2.838134999999999852e+00 2.712401999999999980e+00
8.886720000000000175e-01 1.918944999999999901e+00 6.652829999999999577e-01 2.836914000000000158e+00 2.700194999999999901e+00
8.862299999999999622e-01 1.918944999999999901e+00 6.652829999999999577e-01 2.836914000000000158e+00 2.700194999999999901e+00
8.837890000000000468e-01 1.912841999999999931e+00 6.640629999999999589e-01 2.836914000000000158e+00 2.700194999999999901e+00
8.752440000000000220e-01 1.912841999999999931e+00 6.640629999999999589e-01 2.836914000000000158e+00 2.700194999999999901e+00
8.752440000000000220e-01 1.912841999999999931e+00 6.640629999999999589e-01 2.836914000000000158e+00 2.700194999999999901e+00
8.703610000000000513e-01 1.910400000000000098e+00 6.616210000000000147e-01 2.836914000000000158e+00 2.700194999999999901e+00
8.642579999999999707e-01 1.909180000000000099e+00 6.591799999999999882e-01 2.828368999999999911e+00 2.701416000000000039e+00
8.544920000000000293e-01 1.904296999999999906e+00 6.591799999999999882e-01 2.827148000000000216e+00 2.684325999999999990e+00
8.447270000000000056e-01 1.904296999999999906e+00 6.555180000000000451e-01 2.827148000000000216e+00 2.691650000000000098e+00
8.349609999999999532e-01 1.899413999999999936e+00 6.530759999999999899e-01 2.821044999999999803e+00 2.701416000000000039e+00
8.251950000000000118e-01 1.894530999999999965e+00 6.506349999999999634e-01 2.818604000000000109e+00 2.690430000000000099e+00
8.154299999999999882e-01 1.890868999999999911e+00 6.494140000000000468e-01 2.811278999999999861e+00 2.690430000000000099e+00
8.056640000000000468e-01 1.889647999999999994e+00 6.494140000000000468e-01 2.808838000000000168e+00 2.680664000000000158e+00
7.958979999999999944e-01 1.881104000000000109e+00 6.457519999999999927e-01 2.807617000000000029e+00 2.670898000000000216e+00
7.873539999999999983e-01 1.879882999999999971e+00 6.445309999999999651e-01 2.801514000000000060e+00 2.681884999999999852e+00
7.812500000000000000e-01 1.879882999999999971e+00 6.433109999999999662e-01 2.807617000000000029e+00 2.670898000000000216e+00
7.800289999999999724e-01 1.872559000000000085e+00 6.445309999999999651e-01 2.797851999999999784e+00 2.670898000000000216e+00
7.861329999999999707e-01 1.871337999999999946e+00 6.457519999999999927e-01 2.797851999999999784e+00 2.672118999999999911e+00
7.958979999999999944e-01 1.871337999999999946e+00 6.494140000000000468e-01 2.797851999999999784e+00 2.670898000000000216e+00
8.056640000000000468e-01 1.871337999999999946e+00 6.530759999999999899e-01 2.797851999999999784e+00 2.673340000000000050e+00
8.190920000000000423e-01 1.877440999999999915e+00 6.591799999999999882e-01 2.800292999999999921e+00 2.681884999999999852e+00
8.349609999999999532e-01 1.875000000000000000e+00 6.603999999999999870e-01 2.799071999999999782e+00 2.690430000000000099e+00
8.447270000000000056e-01 1.879882999999999971e+00 6.640629999999999589e-01 2.801514000000000060e+00 2.681884999999999852e+00
8.544920000000000293e-01 1.881104000000000109e+00 6.652829999999999577e-01 2.807617000000000029e+00 2.670898000000000216e+00
8.593750000000000000e-01 1.879882999999999971e+00 6.689450000000000118e-01 2.807617000000000029e+00 2.673340000000000050e+00
8.642579999999999707e-01 1.879882999999999971e+00 6.689450000000000118e-01 2.807617000000000029e+00 2.680664000000000158e+00
8.642579999999999707e-01 1.881104000000000109e+00 6.689450000000000118e-01 2.807617000000000029e+00 2.680664000000000158e+00
8.642579999999999707e-01 1.881104000000000109e+00 6.689450000000000118e-01 2.807617000000000029e+00 2.681884999999999852e+00
8.654789999999999983e-01 1.881104000000000109e+00 6.689450000000000118e-01 2.807617000000000029e+00 2.680664000000000158e+00
8.642579999999999707e-01 1.879882999999999971e+00 6.652829999999999577e-01 2.808838000000000168e+00 2.691650000000000098e+00
8.593750000000000000e-01 1.879882999999999971e+00 6.652829999999999577e-01 2.807617000000000029e+00 2.675781000000000187e+00
8.557129999999999459e-01 1.879882999999999971e+00 6.628420000000000423e-01 2.807617000000000029e+00 2.683104999999999851e+00
8.508299999999999752e-01 1.879882999999999971e+00 6.628420000000000423e-01 2.807617000000000029e+00 2.690430000000000099e+00
8.459470000000000045e-01 1.875000000000000000e+00 6.603999999999999870e-01 2.807617000000000029e+00 2.684325999999999990e+00
8.361819999999999808e-01 1.873779000000000083e+00 6.591799999999999882e-01 2.800292999999999921e+00 2.681884999999999852e+00
8.312990000000000101e-01 1.871337999999999946e+00 6.591799999999999882e-01 2.799071999999999782e+00 2.690430000000000099e+00
8.251950000000000118e-01 1.870117000000000029e+00 6.555180000000000451e-01 2.797851999999999784e+00 2.670898000000000216e+00
8.190920000000000423e-01 1.870117000000000029e+00 6.542970000000000175e-01 2.797851999999999784e+00 2.670898000000000216e+00
8.154299999999999882e-01 1.870117000000000029e+00 6.530759999999999899e-01 2.797851999999999784e+00 2.680664000000000158e+00
8.105470000000000175e-01 1.864014000000000060e+00 6.530759999999999899e-01 2.792968999999999813e+00 2.675781000000000187e+00
8.068849999999999634e-01 1.860352000000000006e+00 6.530759999999999899e-01 2.789306999999999981e+00 2.690430000000000099e+00
8.056640000000000468e-01 1.860352000000000006e+00 6.518549999999999622e-01 2.789306999999999981e+00 2.672118999999999911e+00
8.007809999999999651e-01 1.860352000000000006e+00 6.506349999999999634e-01 2.788085999999999842e+00 2.661132999999999971e+00
7.995609999999999662e-01 1.855469000000000035e+00 6.518549999999999622e-01 2.788085999999999842e+00 2.661132999999999971e+00
7.958979999999999944e-01 1.854247999999999896e+00 6.506349999999999634e-01 2.781982000000000177e+00 2.680664000000000158e+00
7.922360000000000513e-01 1.851806999999999981e+00 6.494140000000000468e-01 2.781982000000000177e+00 2.670898000000000216e+00
7.910160000000000524e-01 1.850586000000000064e+00 6.506349999999999634e-01 2.779541000000000039e+00 2.662354000000000109e+00
7.897950000000000248e-01 1.850586000000000064e+00 6.494140000000000468e-01 2.778319999999999901e+00 2.653808999999999862e+00
7.897950000000000248e-01 1.850586000000000064e+00 6.506349999999999634e-01 2.777099999999999902e+00 2.670898000000000216e+00
7.897950000000000248e-01 1.850586000000000064e+00 6.506349999999999634e-01 2.778319999999999901e+00 2.656250000000000000e+00
7.910160000000000524e-01 1.844481999999999955e+00 6.506349999999999634e-01 2.780762000000000178e+00 2.664794999999999803e+00
7.885739999999999972e-01 1.842041000000000039e+00 6.506349999999999634e-01 2.778319999999999901e+00 2.663574000000000108e+00
7.873539999999999983e-01 1.842041000000000039e+00 6.494140000000000468e-01 2.772216999999999931e+00 2.680664000000000158e+00
7.873539999999999983e-01 1.842041000000000039e+00 6.494140000000000468e-01 2.772216999999999931e+00 2.661132999999999971e+00
7.861329999999999707e-01 1.840819999999999901e+00 6.494140000000000468e-01 2.770995999999999793e+00 2.651367000000000029e+00
7.861329999999999707e-01 1.840819999999999901e+00 6.494140000000000468e-01 2.770995999999999793e+00 2.651367000000000029e+00
7.812500000000000000e-01 1.840819999999999901e+00 6.494140000000000468e-01 2.770995999999999793e+00 2.656250000000000000e+00
7.812500000000000000e-01 1.840819999999999901e+00 6.494140000000000468e-01 2.768555000000000099e+00 2.655028999999999861e+00
7.800289999999999724e-01 1.840819999999999901e+00 6.494140000000000468e-01 2.768555000000000099e+00 2.661132999999999971e+00
7.812500000000000000e-01 1.834716999999999931e+00 6.494140000000000468e-01 2.768555000000000099e+00 2.661132999999999971e+00
7.824710000000000276e-01 1.833496000000000015e+00 6.494140000000000468e-01 2.768555000000000099e+00 2.661132999999999971e+00
7.861329999999999707e-01 1.835938000000000070e+00 6.494140000000000468e-01 2.766112999999999822e+00 2.655028999999999861e+00
7.873539999999999983e-01 1.832275000000000098e+00 6.506349999999999634e-01 2.768555000000000099e+00 2.661132999999999971e+00
7.897950000000000248e-01 1.832275000000000098e+00 6.506349999999999634e-01 2.768555000000000099e+00 2.661132999999999971e+00
7.958979999999999944e-01 1.832275000000000098e+00 6.506349999999999634e-01 2.768555000000000099e+00 2.661132999999999971e+00
8.056640000000000468e-01 1.832275000000000098e+00 6.530759999999999899e-01 2.768555000000000099e+00 2.661132999999999971e+00
8.166499999999999870e-01 1.834716999999999931e+00 6.555180000000000451e-01 2.769775000000000098e+00 2.670898000000000216e+00
8.361819999999999808e-01 1.840819999999999901e+00 6.603999999999999870e-01 2.778319999999999901e+00 2.656250000000000000e+00
8.593750000000000000e-01 1.842041000000000039e+00 6.689450000000000118e-01 2.780762000000000178e+00 2.662354000000000109e+00
8.837890000000000468e-01 1.850586000000000064e+00 6.701660000000000394e-01 2.788085999999999842e+00 2.670898000000000216e+00
9.082029999999999825e-01 1.855469000000000035e+00 6.787109999999999532e-01 2.797851999999999784e+00 2.672118999999999911e+00
9.338379999999999459e-01 1.862792999999999921e+00 6.884770000000000056e-01 2.807617000000000029e+00 2.680664000000000158e+00
9.558109999999999662e-01 1.871337999999999946e+00 6.921389999999999487e-01 2.817382999999999971e+00 2.684325999999999990e+00
9.753420000000000423e-01 1.879882999999999971e+00 6.982420000000000293e-01 2.822265999999999941e+00 2.690430000000000099e+00
9.924319999999999808e-01 1.889647999999999994e+00 7.031250000000000000e-01 2.836914000000000158e+00 2.700194999999999901e+00
1.020507999999999971e+00 1.894530999999999965e+00 7.080079999999999707e-01 2.846680000000000099e+00 2.702637000000000178e+00
1.044921999999999906e+00 1.904296999999999906e+00 7.128910000000000524e-01 2.856444999999999901e+00 2.709960999999999842e+00
1.072997999999999896e+00 1.912841999999999931e+00 7.189940000000000220e-01 2.868651999999999980e+00 2.720946999999999782e+00
1.108397999999999994e+00 1.928711000000000064e+00 7.275390000000000468e-01 2.885742000000000029e+00 2.729492000000000029e+00
1.127930000000000099e+00 1.938477000000000006e+00 7.336430000000000451e-01 2.895507999999999971e+00 2.739257999999999971e+00
1.148681999999999981e+00 1.953125000000000000e+00 7.385249999999999870e-01 2.907715000000000050e+00 2.749023000000000216e+00
1.166992000000000029e+00 1.959229000000000109e+00 7.421879999999999589e-01 2.918700999999999990e+00 2.758789000000000158e+00
1.177979000000000109e+00 1.967772999999999994e+00 7.434079999999999577e-01 2.934569999999999901e+00 2.749023000000000216e+00
1.186522999999999994e+00 1.977538999999999936e+00 7.434079999999999577e-01 2.934569999999999901e+00 2.758789000000000158e+00
1.190185999999999966e+00 1.987305000000000099e+00 7.470700000000000118e-01 2.944335999999999842e+00 2.769775000000000098e+00
1.196288999999999936e+00 1.987305000000000099e+00 7.434079999999999577e-01 2.949218999999999813e+00 2.773438000000000070e+00
1.196288999999999936e+00 1.989746000000000015e+00 7.470700000000000118e-01 2.954101999999999784e+00 2.778319999999999901e+00
1.191405999999999965e+00 1.997069999999999901e+00 7.421879999999999589e-01 2.956542999999999921e+00 2.778319999999999901e+00
1.186522999999999994e+00 1.997069999999999901e+00 7.397460000000000147e-01 2.955321999999999782e+00 2.788085999999999842e+00
1.177979000000000109e+00 1.997069999999999901e+00 7.385249999999999870e-01 2.957764000000000060e+00 2.788085999999999842e+00
1.171875000000000000e+00 1.997069999999999901e+00 7.373049999999999882e-01 2.957764000000000060e+00 2.779541000000000039e+00
1.166992000000000029e+00 1.997069999999999901e+00 7.324220000000000175e-01 2.957764000000000060e+00 2.774658000000000069e+00
1.162109000000000059e+00 2.000732000000000177e+00 7.287599999999999634e-01 2.956542999999999921e+00 2.769775000000000098e+00
1.157227000000000006e+00 1.997069999999999901e+00 7.275390000000000468e-01 2.956542999999999921e+00 2.772216999999999931e+00
1.148681999999999981e+00 1.998291000000000039e+00 7.275390000000000468e-01 2.954101999999999784e+00 2.778319999999999901e+00
1.143799000000000010e+00 1.997069999999999901e+00 7.226559999999999651e-01 2.954101999999999784e+00 2.778319999999999901e+00
1.137694999999999901e+00 1.990966999999999931e+00 7.214359999999999662e-01 2.954101999999999784e+00 2.778319999999999901e+00
1.129150000000000098e+00 1.990966999999999931e+00 7.189940000000000220e-01 2.954101999999999784e+00 2.772216999999999931e+00
1.124268000000000045e+00 1.988525000000000098e+00 7.189940000000000220e-01 2.944335999999999842e+00 2.778319999999999901e+00
1.121825999999999990e+00 1.987305000000000099e+00 7.141110000000000513e-01 2.945556999999999981e+00 2.788085999999999842e+00
1.127930000000000099e+00 1.987305000000000099e+00 7.177729999999999944e-01 2.944335999999999842e+00 2.762450999999999990e+00
1.138916000000000039e+00 1.987305000000000099e+00 7.189940000000000220e-01 2.944335999999999842e+00 2.772216999999999931e+00
1.152344000000000035e+00 1.988525000000000098e+00 7.226559999999999651e-01 2.954101999999999784e+00 2.772216999999999931e+00
1.166992000000000029e+00 1.997069999999999901e+00 7.275390000000000468e-01 2.954101999999999784e+00 2.778319999999999901e+00
1.171875000000000000e+00 1.997069999999999901e+00 7.287599999999999634e-01 2.954101999999999784e+00 2.779541000000000039e+00
1.176757999999999971e+00 1.997069999999999901e+00 7.287599999999999634e-01 2.958984000000000059e+00 2.781982000000000177e+00
1.176757999999999971e+00 1.999511999999999956e+00 7.275390000000000468e-01 2.963867000000000029e+00 2.788085999999999842e+00
1.168212999999999946e+00 2.000732000000000177e+00 7.275390000000000468e-01 2.963867000000000029e+00 2.788085999999999842e+00
1.158447000000000005e+00 2.006835999999999842e+00 7.226559999999999651e-01 2.957764000000000060e+00 2.791748000000000118e+00
1.153564000000000034e+00 2.000732000000000177e+00 7.189940000000000220e-01 2.957764000000000060e+00 2.788085999999999842e+00
1.147461000000000064e+00 1.997069999999999901e+00 7.177729999999999944e-01 2.956542999999999921e+00 2.768555000000000099e+00
1.137694999999999901e+00 1.997069999999999901e+00 7.177729999999999944e-01 2.954101999999999784e+00 2.769775000000000098e+00
1.132813000000000070e+00 1.997069999999999901e+00 7.141110000000000513e-01 2.954101999999999784e+00 2.778319999999999901e+00
1.127930000000000099e+00 1.992188000000000070e+00 7.116700000000000248e-01 2.954101999999999784e+00 2.779541000000000039e+00
1.120605000000000073e+00 1.990966999999999931e+00 7.092289999999999983e-01 2.955321999999999782e+00 2.788085999999999842e+00
1.118163999999999936e+00 1.988525000000000098e+00 7.080079999999999707e-01 2.944335999999999842e+00 2.768555000000000099e+00
1.108397999999999994e+00 1.987305000000000099e+00 7.080079999999999707e-01 2.944335999999999842e+00 2.769775000000000098e+00
1.101074000000000108e+00 1.987305000000000099e+00 7.043460000000000276e-01 2.944335999999999842e+00 2.769775000000000098e+00
1.098632999999999971e+00 1.982421999999999906e+00 7.031250000000000000e-01 2.937012000000000178e+00 2.769775000000000098e+00
1.091309000000000085e+00 1.981200999999999990e+00 7.031250000000000000e-01 2.934569999999999901e+00 2.768555000000000099e+00
1.088867000000000029e+00 1.978760000000000074e+00 7.031250000000000000e-01 2.934569999999999901e+00 2.769775000000000098e+00
1.088867000000000029e+00 1.977538999999999936e+00 7.031250000000000000e-01 2.934569999999999901e+00 2.768555000000000099e+00
1.083984000000000059e+00 1.977538999999999936e+00 7.019039999999999724e-01 2.928466999999999931e+00 2.778319999999999901e+00
1.083984000000000059e+00 1.977538999999999936e+00 7.031250000000000000e-01 2.934569999999999901e+00 2.755126999999999882e+00
1.093750000000000000e+00 1.978760000000000074e+00 7.080079999999999707e-01 2.928466999999999931e+00 2.770995999999999793e+00
1.108397999999999994e+00 1.982421999999999906e+00 7.141110000000000513e-01 2.934569999999999901e+00 2.758789000000000158e+00
1.129150000000000098e+00 1.988525000000000098e+00 7.238769999999999927e-01 2.937012000000000178e+00 2.769775000000000098e+00
1.157227000000000006e+00 1.997069999999999901e+00 7.348630000000000440e-01 2.949218999999999813e+00 2.772216999999999931e+00
1.179199000000000108e+00 2.006835999999999842e+00 7.470700000000000118e-01 2.955321999999999782e+00 2.788085999999999842e+00
1.198730000000000073e+00 2.016601999999999784e+00 7.507319999999999549e-01 2.963867000000000029e+00 2.778319999999999901e+00
1.215819999999999901e+00 2.021484000000000059e+00 7.580569999999999808e-01 2.973632999999999971e+00 2.789306999999999981e+00
1.229247999999999896e+00 2.031250000000000000e+00 7.580569999999999808e-01 2.983398000000000216e+00 2.797851999999999784e+00
1.235352000000000006e+00 2.036132999999999971e+00 7.580569999999999808e-01 2.984618999999999911e+00 2.811278999999999861e+00
1.240234000000000059e+00 2.039794999999999803e+00 7.604980000000000073e-01 2.993164000000000158e+00 2.802734000000000059e+00
1.239014000000000060e+00 2.045898000000000216e+00 7.604980000000000073e-01 2.993164000000000158e+00 2.807617000000000029e+00
1.236572000000000005e+00 2.045898000000000216e+00 7.580569999999999808e-01 2.994384999999999852e+00 2.817382999999999971e+00
1.230469000000000035e+00 2.047118999999999911e+00 7.568359999999999532e-01 2.996825999999999990e+00 2.811278999999999861e+00
1.220703000000000094e+00 2.045898000000000216e+00 7.531740000000000101e-01 2.996825999999999990e+00 2.810058999999999862e+00
1.210938000000000070e+00 2.047118999999999911e+00 7.482910000000000394e-01 3.002930000000000099e+00 2.800292999999999921e+00
1.199950999999999990e+00 2.045898000000000216e+00 7.470700000000000118e-01 2.994384999999999852e+00 2.808838000000000168e+00
1.190185999999999966e+00 2.045898000000000216e+00 7.409670000000000423e-01 2.993164000000000158e+00 2.797851999999999784e+00
1.177979000000000109e+00 2.045898000000000216e+00 7.373049999999999882e-01 2.993164000000000158e+00 2.801514000000000060e+00
1.166992000000000029e+00 2.038574000000000108e+00 7.336430000000000451e-01 2.993164000000000158e+00 2.810058999999999862e+00
1.152344000000000035e+00 2.036132999999999971e+00 7.287599999999999634e-01 2.983398000000000216e+00 2.807617000000000029e+00
1.137694999999999901e+00 2.036132999999999971e+00 7.238769999999999927e-01 2.983398000000000216e+00 2.800292999999999921e+00
1.127930000000000099e+00 2.027588000000000168e+00 7.202150000000000496e-01 2.973632999999999971e+00 2.801514000000000060e+00
1.112060999999999966e+00 2.026367000000000029e+00 7.141110000000000513e-01 2.973632999999999971e+00 2.797851999999999784e+00
1.098632999999999971e+00 2.017821999999999782e+00 7.116700000000000248e-01 2.963867000000000029e+00 2.797851999999999784e+00
1.083984000000000059e+00 2.012938999999999812e+00 7.092289999999999983e-01 2.955321999999999782e+00 2.799071999999999782e+00
1.070556999999999981e+00 2.008056999999999981e+00 7.031250000000000000e-01 2.954101999999999784e+00 2.780762000000000178e+00
1.059569999999999901e+00 2.006835999999999842e+00 6.994629999999999459e-01 2.944335999999999842e+00 2.779541000000000039e+00
1.046143000000000045e+00 1.998291000000000039e+00 6.982420000000000293e-01 2.944335999999999842e+00 2.778319999999999901e+00
1.033935999999999966e+00 1.997069999999999901e+00 6.933589999999999476e-01 2.934569999999999901e+00 2.769775000000000098e+00
1.020507999999999971e+00 1.988525000000000098e+00 6.884770000000000056e-01 2.934569999999999901e+00 2.768555000000000099e+00
1.010742000000000029e+00 1.987305000000000099e+00 6.884770000000000056e-01 2.927245999999999793e+00 2.768555000000000099e+00
9.912109999999999532e-01 1.979980000000000073e+00 6.835940000000000349e-01 2.924805000000000099e+00 2.762450999999999990e+00
9.814450000000000118e-01 1.977538999999999936e+00 6.799319999999999808e-01 2.911376999999999882e+00 2.769775000000000098e+00
9.667970000000000175e-01 1.968993999999999911e+00 6.787109999999999532e-01 2.907715000000000050e+00 2.749023000000000216e+00
9.545900000000000496e-01 1.967772999999999994e+00 6.726069999999999549e-01 2.905273000000000216e+00 2.753906000000000187e+00
9.423829999999999707e-01 1.959229000000000109e+00 6.701660000000000394e-01 2.896729000000000109e+00 2.757568000000000019e+00
9.277339999999999476e-01 1.958007999999999971e+00 6.689450000000000118e-01 2.895507999999999971e+00 2.739257999999999971e+00
9.130859999999999532e-01 1.949462999999999946e+00 6.652829999999999577e-01 2.893066000000000138e+00 2.740479000000000109e+00
9.033200000000000118e-01 1.948242000000000029e+00 6.628420000000000423e-01 2.885742000000000029e+00 2.740479000000000109e+00
8.935549999999999882e-01 1.939697000000000005e+00 6.603999999999999870e-01 2.875976999999999784e+00 2.740479000000000109e+00
8.850099999999999634e-01 1.933594000000000035e+00 6.591799999999999882e-01 2.875976999999999784e+00 2.733153999999999861e+00
8.837890000000000468e-01 1.938477000000000006e+00 6.591799999999999882e-01 2.868651999999999980e+00 2.734375000000000000e+00
8.837890000000000468e-01 1.929931999999999981e+00 6.603999999999999870e-01 2.866210999999999842e+00 2.734375000000000000e+00
8.850099999999999634e-01 1.928711000000000064e+00 6.603999999999999870e-01 2.866210999999999842e+00 2.729492000000000029e+00
8.935549999999999882e-01 1.928711000000000064e+00 6.640629999999999589e-01 2.860107000000000177e+00 2.739257999999999971e+00
9.045410000000000394e-01 1.928711000000000064e+00 6.689450000000000118e-01 2.860107000000000177e+00 2.723389000000000060e+00
9.252930000000000321e-01 1.929931999999999981e+00 6.726069999999999549e-01 2.866210999999999842e+00 2.719726999999999784e+00
9.436039999999999983e-01 1.932372999999999896e+00 6.787109999999999532e-01 2.868651999999999980e+00 2.720946999999999782e+00
9.619140000000000468e-01 1.932372999999999896e+00 6.823730000000000073e-01 2.875976999999999784e+00 2.729492000000000029e+00
9.728999999999999870e-01 1.938477000000000006e+00 6.884770000000000056e-01 2.875976999999999784e+00 2.729492000000000029e+00
9.851069999999999549e-01 1.938477000000000006e+00 6.884770000000000056e-01 2.877196999999999782e+00 2.740479000000000109e+00
9.924319999999999808e-01 1.938477000000000006e+00 6.896970000000000045e-01 2.885742000000000029e+00 2.729492000000000029e+00
9.924319999999999808e-01 1.938477000000000006e+00 6.896970000000000045e-01 2.885742000000000029e+00 2.729492000000000029e+00
1.000977000000000006e+00 1.939697000000000005e+00 6.896970000000000045e-01 2.885742000000000029e+00 2.739257999999999971e+00
1.002197000000000005e+00 1.939697000000000005e+00 6.909180000000000321e-01 2.885742000000000029e+00 2.739257999999999971e+00
1.003417999999999921e+00 1.942139000000000060e+00 6.909180000000000321e-01 2.888183999999999862e+00 2.740479000000000109e+00
