2.331540000000000001e-01 1.580810999999999966e+00 5.920410000000000394e-01 2.421875000000000000e+00
2.343750000000000000e-01 1.582030999999999965e+00 5.932619999999999560e-01 2.418213000000000168e+00
2.368159999999999987e-01 1.586913999999999936e+00 5.957029999999999825e-01 2.421875000000000000e+00
2.404789999999999983e-01 1.586913999999999936e+00 5.957029999999999825e-01 2.426757999999999971e+00
2.441409999999999969e-01 1.586913999999999936e+00 5.969240000000000101e-01 2.426757999999999971e+00
2.465819999999999956e-01 1.588135000000000074e+00 6.005859999999999532e-01 2.426757999999999971e+00
2.502440000000000220e-01 1.588135000000000074e+00 6.005859999999999532e-01 2.421875000000000000e+00
2.551269999999999927e-01 1.588135000000000074e+00 6.005859999999999532e-01 2.426757999999999971e+00
2.587889999999999913e-01 1.590575999999999990e+00 6.005859999999999532e-01 2.426757999999999971e+00
2.624509999999999899e-01 1.596680000000000099e+00 6.018069999999999808e-01 2.427979000000000109e+00
2.661129999999999884e-01 1.596680000000000099e+00 6.018069999999999808e-01 2.427979000000000109e+00
2.697749999999999870e-01 1.596680000000000099e+00 6.018069999999999808e-01 2.427979000000000109e+00
2.746580000000000132e-01 1.596680000000000099e+00 6.042480000000000073e-01 2.432860999999999940e+00
2.795409999999999839e-01 1.597900000000000098e+00 6.042480000000000073e-01 2.430419999999999803e+00
2.844240000000000101e-01 1.600341999999999931e+00 6.054690000000000349e-01 2.436523000000000216e+00
2.893069999999999808e-01 1.606444999999999901e+00 6.054690000000000349e-01 2.436523000000000216e+00
2.978520000000000056e-01 1.606444999999999901e+00 6.066890000000000338e-01 2.441406000000000187e+00
3.039549999999999752e-01 1.608886999999999956e+00 6.103520000000000056e-01 2.440186000000000188e+00
3.112789999999999724e-01 1.610106999999999955e+00 6.115720000000000045e-01 2.446289000000000158e+00
3.186039999999999983e-01 1.612549000000000010e+00 6.140139999999999487e-01 2.446289000000000158e+00
3.283690000000000220e-01 1.616211000000000064e+00 6.164549999999999752e-01 2.448729999999999851e+00
3.369139999999999913e-01 1.618651999999999980e+00 6.201170000000000293e-01 2.456055000000000099e+00
3.478999999999999870e-01 1.625977000000000006e+00 6.201170000000000293e-01 2.456055000000000099e+00
3.576659999999999839e-01 1.625977000000000006e+00 6.213379999999999459e-01 2.465819999999999901e+00
3.674319999999999808e-01 1.629639000000000060e+00 6.237789999999999724e-01 2.465819999999999901e+00
3.796390000000000042e-01 1.636962999999999946e+00 6.262210000000000276e-01 2.471924000000000010e+00
3.906250000000000000e-01 1.640625000000000000e+00 6.298829999999999707e-01 2.475585999999999842e+00
4.028320000000000234e-01 1.645507999999999971e+00 6.311039999999999983e-01 2.485351999999999784e+00
4.162600000000000189e-01 1.647949000000000108e+00 6.359860000000000513e-01 2.487792999999999921e+00
4.296880000000000144e-01 1.655272999999999994e+00 6.396479999999999944e-01 2.496338000000000168e+00
4.443360000000000087e-01 1.660155999999999965e+00 6.408690000000000220e-01 2.504882999999999971e+00
4.589840000000000031e-01 1.665038999999999936e+00 6.445309999999999651e-01 2.506104000000000109e+00
4.736330000000000262e-01 1.669921999999999906e+00 6.457519999999999927e-01 2.514648000000000216e+00
4.882810000000000206e-01 1.676025000000000098e+00 6.494140000000000468e-01 2.519531000000000187e+00
5.029299999999999882e-01 1.684569999999999901e+00 6.518549999999999622e-01 2.525634999999999852e+00
5.163569999999999549e-01 1.688231999999999955e+00 6.555180000000000451e-01 2.534180000000000099e+00
5.334470000000000045e-01 1.695556999999999981e+00 6.591799999999999882e-01 2.543944999999999901e+00
5.517579999999999707e-01 1.704102000000000006e+00 6.628420000000000423e-01 2.553710999999999842e+00
5.664059999999999651e-01 1.713867000000000029e+00 6.652829999999999577e-01 2.563476999999999784e+00
5.847170000000000423e-01 1.718750000000000000e+00 6.701660000000000394e-01 2.573242000000000029e+00
6.018069999999999808e-01 1.724854000000000109e+00 6.738279999999999825e-01 2.583007999999999971e+00
6.201170000000000293e-01 1.734618999999999911e+00 6.787109999999999532e-01 2.592773000000000216e+00
6.408690000000000220e-01 1.743163999999999936e+00 6.823730000000000073e-01 2.597656000000000187e+00
6.616210000000000147e-01 1.752930000000000099e+00 6.884770000000000056e-01 2.612305000000000099e+00
6.799319999999999808e-01 1.762694999999999901e+00 6.933589999999999476e-01 2.622069999999999901e+00
7.031250000000000000e-01 1.772461000000000064e+00 6.994629999999999459e-01 2.631835999999999842e+00
7.287599999999999634e-01 1.782227000000000006e+00 7.080079999999999707e-01 2.642821999999999782e+00
7.580569999999999808e-01 1.794434000000000085e+00 7.177729999999999944e-01 2.661132999999999971e+00
7.885739999999999972e-01 1.811522999999999994e+00 7.275390000000000468e-01 2.672118999999999911e+00
8.251950000000000118e-01 1.821288999999999936e+00 7.373049999999999882e-01 2.690430000000000099e+00
8.557129999999999459e-01 1.834716999999999931e+00 7.482910000000000394e-01 2.714843999999999813e+00
8.898930000000000451e-01 1.854247999999999896e+00 7.580569999999999808e-01 2.729492000000000029e+00
9.240720000000000045e-01 1.871337999999999946e+00 7.678220000000000045e-01 2.749023000000000216e+00
9.558109999999999662e-01 1.889647999999999994e+00 7.775879999999999459e-01 2.768555000000000099e+00
9.851069999999999549e-01 1.904296999999999906e+00 7.861329999999999707e-01 2.780762000000000178e+00
1.015625000000000000e+00 1.918944999999999901e+00 7.922360000000000513e-01 2.800292999999999921e+00
1.040038999999999936e+00 1.938477000000000006e+00 7.971190000000000220e-01 2.819824000000000108e+00
1.060791000000000039e+00 1.948242000000000029e+00 8.007809999999999651e-01 2.846680000000000099e+00
1.080322000000000005e+00 1.958007999999999971e+00 8.020019999999999927e-01 2.856444999999999901e+00
1.098632999999999971e+00 1.972655999999999965e+00 8.020019999999999927e-01 2.866210999999999842e+00
1.109618999999999911e+00 1.981200999999999990e+00 8.032230000000000203e-01 2.877196999999999782e+00
1.119385000000000074e+00 1.988525000000000098e+00 8.007809999999999651e-01 2.888183999999999862e+00
1.119385000000000074e+00 1.988525000000000098e+00 8.007809999999999651e-01 2.888183999999999862e+00
1.127930000000000099e+00 1.997069999999999901e+00 7.995609999999999662e-01 2.897949000000000108e+00
1.134033000000000069e+00 2.003174000000000010e+00 7.971190000000000220e-01 2.907715000000000050e+00
1.137694999999999901e+00 2.006835999999999842e+00 7.922360000000000513e-01 2.911376999999999882e+00
1.140136999999999956e+00 2.009276999999999980e+00 7.885739999999999972e-01 2.924805000000000099e+00
1.138916000000000039e+00 2.016601999999999784e+00 7.861329999999999707e-01 2.924805000000000099e+00
1.138916000000000039e+00 2.016601999999999784e+00 7.800289999999999724e-01 2.927245999999999793e+00
1.137694999999999901e+00 2.016601999999999784e+00 7.763670000000000293e-01 2.928466999999999931e+00
1.132813000000000070e+00 2.017821999999999782e+00 7.690430000000000321e-01 2.934569999999999901e+00
1.127930000000000099e+00 2.016601999999999784e+00 7.666020000000000056e-01 2.927245999999999793e+00
1.121825999999999990e+00 2.016601999999999784e+00 7.580569999999999808e-01 2.934569999999999901e+00
1.118163999999999936e+00 2.016601999999999784e+00 7.568359999999999532e-01 2.926025000000000098e+00
1.110840000000000050e+00 2.016601999999999784e+00 7.519529999999999825e-01 2.926025000000000098e+00
1.108397999999999994e+00 2.009276999999999980e+00 7.470700000000000118e-01 2.926025000000000098e+00
1.099854000000000109e+00 2.008056999999999981e+00 7.434079999999999577e-01 2.926025000000000098e+00
1.098632999999999971e+00 2.006835999999999842e+00 7.409670000000000423e-01 2.924805000000000099e+00
1.090087999999999946e+00 2.006835999999999842e+00 7.385249999999999870e-01 2.924805000000000099e+00
1.083984000000000059e+00 2.006835999999999842e+00 7.348630000000000440e-01 2.918700999999999990e+00
1.079102000000000006e+00 2.000732000000000177e+00 7.324220000000000175e-01 2.919922000000000128e+00
1.075439000000000034e+00 1.998291000000000039e+00 7.287599999999999634e-01 2.915039000000000158e+00
1.069336000000000064e+00 1.998291000000000039e+00 7.275390000000000468e-01 2.915039000000000158e+00
1.060791000000000039e+00 1.997069999999999901e+00 7.275390000000000468e-01 2.915039000000000158e+00
1.059569999999999901e+00 1.990966999999999931e+00 7.214359999999999662e-01 2.905273000000000216e+00
1.051025000000000098e+00 1.990966999999999931e+00 7.202150000000000496e-01 2.910156000000000187e+00
1.046143000000000045e+00 1.989746000000000015e+00 7.189940000000000220e-01 2.905273000000000216e+00
1.041260000000000074e+00 1.987305000000000099e+00 7.177729999999999944e-01 2.899169999999999803e+00
1.040038999999999936e+00 1.987305000000000099e+00 7.177729999999999944e-01 2.905273000000000216e+00
1.033935999999999966e+00 1.981200999999999990e+00 7.177729999999999944e-01 2.895507999999999971e+00
1.031493999999999911e+00 1.981200999999999990e+00 7.177729999999999944e-01 2.895507999999999971e+00
1.030272999999999994e+00 1.979980000000000073e+00 7.177729999999999944e-01 2.895507999999999971e+00
1.024170000000000025e+00 1.977538999999999936e+00 7.141110000000000513e-01 2.895507999999999971e+00
1.020507999999999971e+00 1.977538999999999936e+00 7.177729999999999944e-01 2.895507999999999971e+00
1.020507999999999971e+00 1.977538999999999936e+00 7.128910000000000524e-01 2.886963000000000168e+00
1.015625000000000000e+00 1.977538999999999936e+00 7.128910000000000524e-01 2.890625000000000000e+00
1.011962999999999946e+00 1.971435999999999966e+00 7.092289999999999983e-01 2.885742000000000029e+00
1.007079999999999975e+00 1.970215000000000050e+00 7.092289999999999983e-01 2.879639000000000060e+00
1.002197000000000005e+00 1.967772999999999994e+00 7.080079999999999707e-01 2.885742000000000029e+00
9.960940000000000349e-01 1.964110999999999940e+00 7.043460000000000276e-01 2.877196999999999782e+00
9.960940000000000349e-01 1.964110999999999940e+00 7.043460000000000276e-01 2.877196999999999782e+00
9.912109999999999532e-01 1.967772999999999994e+00 7.031250000000000000e-01 2.875976999999999784e+00
9.863279999999999825e-01 1.959229000000000109e+00 7.031250000000000000e-01 2.875976999999999784e+00
9.814450000000000118e-01 1.959229000000000109e+00 6.994629999999999459e-01 2.875976999999999784e+00
9.777829999999999577e-01 1.958007999999999971e+00 6.994629999999999459e-01 2.869873000000000118e+00
9.728999999999999870e-01 1.958007999999999971e+00 6.994629999999999459e-01 2.869873000000000118e+00
9.716799999999999882e-01 1.953125000000000000e+00 6.982420000000000293e-01 2.868651999999999980e+00
9.631349999999999634e-01 1.949462999999999946e+00 6.945799999999999752e-01 2.866210999999999842e+00
9.558109999999999662e-01 1.953125000000000000e+00 6.921389999999999487e-01 2.860107000000000177e+00
9.521479999999999944e-01 1.948242000000000029e+00 6.909180000000000321e-01 2.857666000000000039e+00
9.521479999999999944e-01 1.942139000000000060e+00 6.896970000000000045e-01 2.856444999999999901e+00
9.423829999999999707e-01 1.939697000000000005e+00 6.896970000000000045e-01 2.856444999999999901e+00
9.423829999999999707e-01 1.939697000000000005e+00 6.884770000000000056e-01 2.856444999999999901e+00
9.350589999999999735e-01 1.938477000000000006e+00 6.896970000000000045e-01 2.850341999999999931e+00
9.338379999999999459e-01 1.938477000000000006e+00 6.884770000000000056e-01 2.847900000000000098e+00
9.277339999999999476e-01 1.938477000000000006e+00 6.884770000000000056e-01 2.846680000000000099e+00
9.228520000000000056e-01 1.932372999999999896e+00 6.848140000000000338e-01 2.846680000000000099e+00
9.167480000000000073e-01 1.929931999999999981e+00 6.835940000000000349e-01 2.846680000000000099e+00
9.130859999999999532e-01 1.928711000000000064e+00 6.823730000000000073e-01 2.838134999999999852e+00
9.033200000000000118e-01 1.928711000000000064e+00 6.799319999999999808e-01 2.836914000000000158e+00
8.972170000000000423e-01 1.922606999999999955e+00 6.787109999999999532e-01 2.836914000000000158e+00
8.935549999999999882e-01 1.918944999999999901e+00 6.787109999999999532e-01 2.833251999999999882e+00
8.837890000000000468e-01 1.918944999999999901e+00 6.750490000000000101e-01 2.828368999999999911e+00
8.752440000000000220e-01 1.912841999999999931e+00 6.701660000000000394e-01 2.827148000000000216e+00
8.654789999999999983e-01 1.914063000000000070e+00 6.689450000000000118e-01 2.821044999999999803e+00
8.605960000000000276e-01 1.909180000000000099e+00 6.689450000000000118e-01 2.818604000000000109e+00
8.544920000000000293e-01 1.904296999999999906e+00 6.640629999999999589e-01 2.817382999999999971e+00
8.544920000000000293e-01 1.904296999999999906e+00 6.640629999999999589e-01 2.817382999999999971e+00
8.459470000000000045e-01 1.900635000000000074e+00 6.628420000000000423e-01 2.811278999999999861e+00
8.386230000000000073e-01 1.899413999999999936e+00 6.603999999999999870e-01 2.807617000000000029e+00
8.288569999999999549e-01 1.894530999999999965e+00 6.603999999999999870e-01 2.807617000000000029e+00
8.154299999999999882e-01 1.889647999999999994e+00 6.591799999999999882e-01 2.800292999999999921e+00
8.068849999999999634e-01 1.883545000000000025e+00 6.542970000000000175e-01 2.797851999999999784e+00
8.020019999999999927e-01 1.879882999999999971e+00 6.542970000000000175e-01 2.791748000000000118e+00
7.922360000000000513e-01 1.879882999999999971e+00 6.518549999999999622e-01 2.788085999999999842e+00
7.861329999999999707e-01 1.876220999999999917e+00 6.506349999999999634e-01 2.788085999999999842e+00
7.788089999999999735e-01 1.871337999999999946e+00 6.506349999999999634e-01 2.783202999999999872e+00
7.714839999999999476e-01 1.870117000000000029e+00 6.494140000000000468e-01 2.778319999999999901e+00
7.666020000000000056e-01 1.864014000000000060e+00 6.469730000000000203e-01 2.778319999999999901e+00
7.580569999999999808e-01 1.860352000000000006e+00 6.457519999999999927e-01 2.772216999999999931e+00
7.519529999999999825e-01 1.860352000000000006e+00 6.445309999999999651e-01 2.768555000000000099e+00
7.470700000000000118e-01 1.855469000000000035e+00 6.433109999999999662e-01 2.768555000000000099e+00
7.409670000000000423e-01 1.853026999999999980e+00 6.445309999999999651e-01 2.761229999999999851e+00
7.336430000000000451e-01 1.850586000000000064e+00 6.408690000000000220e-01 2.758789000000000158e+00
7.275390000000000468e-01 1.850586000000000064e+00 6.396479999999999944e-01 2.752686000000000188e+00
7.189940000000000220e-01 1.842041000000000039e+00 6.396479999999999944e-01 2.755126999999999882e+00
7.141110000000000513e-01 1.840819999999999901e+00 6.396479999999999944e-01 2.749023000000000216e+00
7.080079999999999707e-01 1.840819999999999901e+00 6.396479999999999944e-01 2.749023000000000216e+00
7.031250000000000000e-01 1.835938000000000070e+00 6.359860000000000513e-01 2.744140999999999941e+00
6.982420000000000293e-01 1.831055000000000099e+00 6.335450000000000248e-01 2.740479000000000109e+00
6.896970000000000045e-01 1.831055000000000099e+00 6.347660000000000524e-01 2.738036999999999832e+00
6.835940000000000349e-01 1.826171999999999906e+00 6.311039999999999983e-01 2.734375000000000000e+00
6.787109999999999532e-01 1.822510000000000074e+00 6.311039999999999983e-01 2.734375000000000000e+00
6.701660000000000394e-01 1.821288999999999936e+00 6.311039999999999983e-01 2.729492000000000029e+00
6.652829999999999577e-01 1.821288999999999936e+00 6.311039999999999983e-01 2.729492000000000029e+00
6.591799999999999882e-01 1.815185999999999966e+00 6.298829999999999707e-01 2.719726999999999784e+00
6.530759999999999899e-01 1.811522999999999994e+00 6.298829999999999707e-01 2.719726999999999784e+00
6.494140000000000468e-01 1.811522999999999994e+00 6.298829999999999707e-01 2.719726999999999784e+00
6.408690000000000220e-01 1.811522999999999994e+00 6.262210000000000276e-01 2.711181999999999981e+00
6.347660000000000524e-01 1.801757999999999971e+00 6.250000000000000000e-01 2.709960999999999842e+00
6.298829999999999707e-01 1.801757999999999971e+00 6.237789999999999724e-01 2.709960999999999842e+00
6.250000000000000000e-01 1.801757999999999971e+00 6.237789999999999724e-01 2.703857000000000177e+00
6.201170000000000293e-01 1.796875000000000000e+00 6.225589999999999735e-01 2.700194999999999901e+00
6.115720000000000045e-01 1.793212999999999946e+00 6.225589999999999735e-01 2.700194999999999901e+00
6.103520000000000056e-01 1.791992000000000029e+00 6.213379999999999459e-01 2.700194999999999901e+00
6.018069999999999808e-01 1.788329999999999975e+00 6.225589999999999735e-01 2.690430000000000099e+00
5.957029999999999825e-01 1.785889000000000060e+00 6.201170000000000293e-01 2.690430000000000099e+00
5.908200000000000118e-01 1.783447000000000005e+00 6.201170000000000293e-01 2.690430000000000099e+00
5.859379999999999589e-01 1.782227000000000006e+00 6.201170000000000293e-01 2.683104999999999851e+00
5.822749999999999870e-01 1.782227000000000006e+00 6.201170000000000293e-01 2.681884999999999852e+00
5.761720000000000175e-01 1.777344000000000035e+00 6.201170000000000293e-01 2.680664000000000158e+00
5.712890000000000468e-01 1.773681999999999981e+00 6.201170000000000293e-01 2.680664000000000158e+00
5.676269999999999927e-01 1.773681999999999981e+00 6.164549999999999752e-01 2.673340000000000050e+00
5.615229999999999944e-01 1.772461000000000064e+00 6.164549999999999752e-01 2.670898000000000216e+00
5.578610000000000513e-01 1.766356999999999955e+00 6.164549999999999752e-01 2.670898000000000216e+00
5.529789999999999983e-01 1.766356999999999955e+00 6.140139999999999487e-01 2.670898000000000216e+00
5.480960000000000276e-01 1.763916000000000039e+00 6.152339999999999476e-01 2.663574000000000108e+00
5.456539999999999724e-01 1.762694999999999901e+00 6.152339999999999476e-01 2.662354000000000109e+00
5.419920000000000293e-01 1.762694999999999901e+00 6.152339999999999476e-01 2.659911999999999832e+00
5.383299999999999752e-01 1.757813000000000070e+00 6.152339999999999476e-01 2.661132999999999971e+00
5.358889999999999487e-01 1.754150000000000098e+00 6.152339999999999476e-01 2.661132999999999971e+00
5.322270000000000056e-01 1.752930000000000099e+00 6.140139999999999487e-01 2.656250000000000000e+00
5.285640000000000338e-01 1.754150000000000098e+00 6.140139999999999487e-01 2.651367000000000029e+00
5.261230000000000073e-01 1.751708999999999961e+00 6.140139999999999487e-01 2.652588000000000168e+00
5.224609999999999532e-01 1.752930000000000099e+00 6.127930000000000321e-01 2.651367000000000029e+00
5.187990000000000101e-01 1.752930000000000099e+00 6.140139999999999487e-01 2.651367000000000029e+00
5.175779999999999825e-01 1.746825999999999990e+00 6.127930000000000321e-01 2.645264000000000060e+00
5.139160000000000394e-01 1.744385000000000074e+00 6.127930000000000321e-01 2.645264000000000060e+00
5.126950000000000118e-01 1.744385000000000074e+00 6.127930000000000321e-01 2.642821999999999782e+00
5.090329999999999577e-01 1.743163999999999936e+00 6.140139999999999487e-01 2.641601999999999784e+00
5.065920000000000423e-01 1.743163999999999936e+00 6.115720000000000045e-01 2.641601999999999784e+00
5.041499999999999870e-01 1.743163999999999936e+00 6.115720000000000045e-01 2.641601999999999784e+00
5.029299999999999882e-01 1.743163999999999936e+00 6.115720000000000045e-01 2.636718999999999813e+00
4.992679999999999896e-01 1.738280999999999965e+00 6.115720000000000045e-01 2.633056999999999981e+00
4.980470000000000175e-01 1.735840000000000050e+00 6.115720000000000045e-01 2.636718999999999813e+00
4.968259999999999899e-01 1.738280999999999965e+00 6.115720000000000045e-01 2.631835999999999842e+00
4.931639999999999913e-01 1.733397999999999994e+00 6.115720000000000045e-01 2.631835999999999842e+00
4.907230000000000203e-01 1.733397999999999994e+00 6.115720000000000045e-01 2.631835999999999842e+00
4.882810000000000206e-01 1.733397999999999994e+00 6.115720000000000045e-01 2.631835999999999842e+00
4.870610000000000217e-01 1.733397999999999994e+00 6.103520000000000056e-01 2.631835999999999842e+00
4.846190000000000220e-01 1.728515999999999941e+00 6.115720000000000045e-01 2.631835999999999842e+00
4.833979999999999944e-01 1.727295000000000025e+00 6.103520000000000056e-01 2.622069999999999901e+00
4.833979999999999944e-01 1.727295000000000025e+00 6.103520000000000056e-01 2.623291000000000039e+00
4.797359999999999958e-01 1.724854000000000109e+00 6.115720000000000045e-01 2.622069999999999901e+00
4.760739999999999972e-01 1.723632999999999971e+00 6.115720000000000045e-01 2.622069999999999901e+00
4.760739999999999972e-01 1.724854000000000109e+00 6.115720000000000045e-01 2.622069999999999901e+00
4.748539999999999983e-01 1.723632999999999971e+00 6.115720000000000045e-01 2.619629000000000207e+00
4.736330000000000262e-01 1.723632999999999971e+00 6.115720000000000045e-01 2.622069999999999901e+00
4.736330000000000262e-01 1.723632999999999971e+00 6.115720000000000045e-01 2.622069999999999901e+00
4.711910000000000265e-01 1.723632999999999971e+00 6.115720000000000045e-01 2.622069999999999901e+00
4.711910000000000265e-01 1.723632999999999971e+00 6.115720000000000045e-01 2.614745999999999793e+00
4.699710000000000276e-01 1.723632999999999971e+00 6.115720000000000045e-01 2.622069999999999901e+00
4.699710000000000276e-01 1.718750000000000000e+00 6.115720000000000045e-01 2.613525000000000098e+00
4.675289999999999724e-01 1.723632999999999971e+00 6.140139999999999487e-01 2.612305000000000099e+00
4.675289999999999724e-01 1.719970999999999917e+00 6.115720000000000045e-01 2.612305000000000099e+00
4.663089999999999735e-01 1.718750000000000000e+00 6.115720000000000045e-01 2.612305000000000099e+00
4.650880000000000014e-01 1.718750000000000000e+00 6.115720000000000045e-01 2.612305000000000099e+00
4.638669999999999738e-01 1.715087999999999946e+00 6.115720000000000045e-01 2.612305000000000099e+00
4.638669999999999738e-01 1.718750000000000000e+00 6.103520000000000056e-01 2.612305000000000099e+00
4.614260000000000028e-01 1.715087999999999946e+00 6.103520000000000056e-01 2.612305000000000099e+00
4.602049999999999752e-01 1.713867000000000029e+00 6.103520000000000056e-01 2.606200999999999990e+00
4.589840000000000031e-01 1.713867000000000029e+00 6.103520000000000056e-01 2.612305000000000099e+00
4.577640000000000042e-01 1.713867000000000029e+00 6.103520000000000056e-01 2.604979999999999851e+00
4.553220000000000045e-01 1.710204999999999975e+00 6.103520000000000056e-01 2.604979999999999851e+00
4.541020000000000056e-01 1.708984000000000059e+00 6.103520000000000056e-01 2.602539000000000158e+00
4.541020000000000056e-01 1.707764000000000060e+00 6.103520000000000056e-01 2.602539000000000158e+00
4.504389999999999783e-01 1.706542999999999921e+00 6.066890000000000338e-01 2.602539000000000158e+00
4.479980000000000073e-01 1.705322000000000005e+00 6.066890000000000338e-01 2.602539000000000158e+00
4.455569999999999808e-01 1.705322000000000005e+00 6.066890000000000338e-01 2.602539000000000158e+00
4.455569999999999808e-01 1.704102000000000006e+00 6.066890000000000338e-01 2.602539000000000158e+00
4.443360000000000087e-01 1.704102000000000006e+00 6.066890000000000338e-01 2.597656000000000187e+00
4.431149999999999811e-01 1.704102000000000006e+00 6.066890000000000338e-01 2.597656000000000187e+00
4.406740000000000101e-01 1.704102000000000006e+00 6.066890000000000338e-01 2.595215000000000050e+00
4.406740000000000101e-01 1.704102000000000006e+00 6.054690000000000349e-01 2.592773000000000216e+00
4.382320000000000104e-01 1.700439000000000034e+00 6.054690000000000349e-01 2.593993999999999911e+00
4.357909999999999839e-01 1.704102000000000006e+00 6.054690000000000349e-01 2.592773000000000216e+00
4.345700000000000118e-01 1.695556999999999981e+00 6.054690000000000349e-01 2.592773000000000216e+00
4.345700000000000118e-01 1.695556999999999981e+00 6.054690000000000349e-01 2.592773000000000216e+00
4.309080000000000132e-01 1.695556999999999981e+00 6.042480000000000073e-01 2.592773000000000216e+00
4.309080000000000132e-01 1.695556999999999981e+00 6.042480000000000073e-01 2.592773000000000216e+00
4.296880000000000144e-01 1.695556999999999981e+00 6.018069999999999808e-01 2.587890999999999941e+00
4.272460000000000147e-01 1.694336000000000064e+00 6.018069999999999808e-01 2.585449000000000108e+00
4.260249999999999870e-01 1.694336000000000064e+00 6.018069999999999808e-01 2.583007999999999971e+00
4.248049999999999882e-01 1.694336000000000064e+00 6.018069999999999808e-01 2.584229000000000109e+00
4.248049999999999882e-01 1.694336000000000064e+00 6.018069999999999808e-01 2.584229000000000109e+00
4.199220000000000175e-01 1.687011999999999956e+00 6.005859999999999532e-01 2.583007999999999971e+00
4.174800000000000177e-01 1.685791000000000039e+00 6.005859999999999532e-01 2.583007999999999971e+00
4.174800000000000177e-01 1.685791000000000039e+00 6.005859999999999532e-01 2.583007999999999971e+00
4.150389999999999913e-01 1.685791000000000039e+00 6.005859999999999532e-01 2.583007999999999971e+00
4.150389999999999913e-01 1.684569999999999901e+00 6.005859999999999532e-01 2.574463000000000168e+00
4.113769999999999927e-01 1.684569999999999901e+00 6.005859999999999532e-01 2.583007999999999971e+00
4.101560000000000206e-01 1.684569999999999901e+00 6.005859999999999532e-01 2.576903999999999861e+00
4.089360000000000217e-01 1.678466999999999931e+00 6.005859999999999532e-01 2.573242000000000029e+00
4.064940000000000220e-01 1.679688000000000070e+00 6.005859999999999532e-01 2.573242000000000029e+00
4.064940000000000220e-01 1.677246000000000015e+00 6.005859999999999532e-01 2.573242000000000029e+00
4.052729999999999944e-01 1.676025000000000098e+00 6.005859999999999532e-01 2.567139000000000060e+00
4.052729999999999944e-01 1.676025000000000098e+00 5.969240000000000101e-01 2.573242000000000029e+00
4.052729999999999944e-01 1.676025000000000098e+00 6.005859999999999532e-01 2.565917999999999921e+00
4.052729999999999944e-01 1.674805000000000099e+00 6.005859999999999532e-01 2.573242000000000029e+00
4.028320000000000234e-01 1.674805000000000099e+00 6.005859999999999532e-01 2.564696999999999782e+00
4.052729999999999944e-01 1.674805000000000099e+00 6.018069999999999808e-01 2.564696999999999782e+00
4.052729999999999944e-01 1.674805000000000099e+00 6.018069999999999808e-01 2.564696999999999782e+00
4.052729999999999944e-01 1.674805000000000099e+00 6.018069999999999808e-01 2.563476999999999784e+00
4.064940000000000220e-01 1.674805000000000099e+00 6.018069999999999808e-01 2.564696999999999782e+00
4.064940000000000220e-01 1.674805000000000099e+00 6.018069999999999808e-01 2.563476999999999784e+00
4.064940000000000220e-01 1.674805000000000099e+00 6.018069999999999808e-01 2.564696999999999782e+00
4.077149999999999941e-01 1.674805000000000099e+00 6.018069999999999808e-01 2.564696999999999782e+00
4.089360000000000217e-01 1.669921999999999906e+00 6.018069999999999808e-01 2.563476999999999784e+00
4.101560000000000206e-01 1.669921999999999906e+00 6.018069999999999808e-01 2.563476999999999784e+00
4.101560000000000206e-01 1.674805000000000099e+00 6.030269999999999797e-01 2.563476999999999784e+00
4.125980000000000203e-01 1.669921999999999906e+00 6.042480000000000073e-01 2.563476999999999784e+00
4.150389999999999913e-01 1.674805000000000099e+00 6.042480000000000073e-01 2.567139000000000060e+00
4.162600000000000189e-01 1.674805000000000099e+00 6.042480000000000073e-01 2.563476999999999784e+00
4.174800000000000177e-01 1.674805000000000099e+00 6.054690000000000349e-01 2.564696999999999782e+00
4.199220000000000175e-01 1.674805000000000099e+00 6.054690000000000349e-01 2.564696999999999782e+00
4.223629999999999884e-01 1.673583999999999961e+00 6.066890000000000338e-01 2.564696999999999782e+00
4.260249999999999870e-01 1.674805000000000099e+00 6.079099999999999504e-01 2.563476999999999784e+00
4.296880000000000144e-01 1.674805000000000099e+00 6.103520000000000056e-01 2.564696999999999782e+00
4.309080000000000132e-01 1.676025000000000098e+00 6.103520000000000056e-01 2.567139000000000060e+00
4.345700000000000118e-01 1.674805000000000099e+00 6.103520000000000056e-01 2.565917999999999921e+00
4.370120000000000116e-01 1.677246000000000015e+00 6.103520000000000056e-01 2.573242000000000029e+00
4.370120000000000116e-01 1.677246000000000015e+00 6.103520000000000056e-01 2.573242000000000029e+00
4.394529999999999825e-01 1.678466999999999931e+00 6.103520000000000056e-01 2.573242000000000029e+00
4.406740000000000101e-01 1.679688000000000070e+00 6.103520000000000056e-01 2.578125000000000000e+00
4.443360000000000087e-01 1.684569999999999901e+00 6.103520000000000056e-01 2.573242000000000029e+00
4.479980000000000073e-01 1.684569999999999901e+00 6.115720000000000045e-01 2.573242000000000029e+00
4.504389999999999783e-01 1.684569999999999901e+00 6.115720000000000045e-01 2.573242000000000029e+00
4.541020000000000056e-01 1.684569999999999901e+00 6.115720000000000045e-01 2.573242000000000029e+00
4.541020000000000056e-01 1.684569999999999901e+00 6.115720000000000045e-01 2.573242000000000029e+00
4.553220000000000045e-01 1.684569999999999901e+00 6.115720000000000045e-01 2.573242000000000029e+00
4.577640000000000042e-01 1.684569999999999901e+00 6.115720000000000045e-01 2.573242000000000029e+00
4.589840000000000031e-01 1.684569999999999901e+00 6.115720000000000045e-01 2.573242000000000029e+00
4.602049999999999752e-01 1.685791000000000039e+00 6.115720000000000045e-01 2.573242000000000029e+00
4.638669999999999738e-01 1.685791000000000039e+00 6.115720000000000045e-01 2.573242000000000029e+00
4.638669999999999738e-01 1.685791000000000039e+00 6.115720000000000045e-01 2.574463000000000168e+00
4.638669999999999738e-01 1.688231999999999955e+00 6.115720000000000045e-01 2.573242000000000029e+00
4.650880000000000014e-01 1.685791000000000039e+00 6.115720000000000045e-01 2.573242000000000029e+00
4.663089999999999735e-01 1.685791000000000039e+00 6.115720000000000045e-01 2.580566000000000138e+00
4.663089999999999735e-01 1.688231999999999955e+00 6.127930000000000321e-01 2.575683999999999862e+00
4.675289999999999724e-01 1.688231999999999955e+00 6.115720000000000045e-01 2.578125000000000000e+00
4.687500000000000000e-01 1.685791000000000039e+00 6.127930000000000321e-01 2.578125000000000000e+00
4.687500000000000000e-01 1.687011999999999956e+00 6.115720000000000045e-01 2.578125000000000000e+00
4.687500000000000000e-01 1.688231999999999955e+00 6.115720000000000045e-01 2.574463000000000168e+00
4.687500000000000000e-01 1.685791000000000039e+00 6.115720000000000045e-01 2.576903999999999861e+00
4.675289999999999724e-01 1.685791000000000039e+00 6.103520000000000056e-01 2.574463000000000168e+00
4.650880000000000014e-01 1.685791000000000039e+00 6.103520000000000056e-01 2.573242000000000029e+00
4.650880000000000014e-01 1.685791000000000039e+00 6.103520000000000056e-01 2.578125000000000000e+00
4.638669999999999738e-01 1.685791000000000039e+00 6.103520000000000056e-01 2.573242000000000029e+00
4.638669999999999738e-01 1.685791000000000039e+00 6.103520000000000056e-01 2.573242000000000029e+00
4.638669999999999738e-01 1.684569999999999901e+00 6.066890000000000338e-01 2.573242000000000029e+00
4.577640000000000042e-01 1.687011999999999956e+00 6.054690000000000349e-01 2.573242000000000029e+00
4.565429999999999766e-01 1.684569999999999901e+00 6.054690000000000349e-01 2.578125000000000000e+00
4.541020000000000056e-01 1.684569999999999901e+00 6.054690000000000349e-01 2.578125000000000000e+00
4.541020000000000056e-01 1.684569999999999901e+00 6.054690000000000349e-01 2.574463000000000168e+00
4.516600000000000059e-01 1.678466999999999931e+00 6.042480000000000073e-01 2.565917999999999921e+00
4.492189999999999794e-01 1.678466999999999931e+00 6.054690000000000349e-01 2.573242000000000029e+00
4.492189999999999794e-01 1.678466999999999931e+00 6.054690000000000349e-01 2.565917999999999921e+00
4.479980000000000073e-01 1.676025000000000098e+00 6.054690000000000349e-01 2.564696999999999782e+00
4.492189999999999794e-01 1.676025000000000098e+00 6.054690000000000349e-01 2.564696999999999782e+00
4.492189999999999794e-01 1.676025000000000098e+00 6.054690000000000349e-01 2.563476999999999784e+00
4.492189999999999794e-01 1.676025000000000098e+00 6.103520000000000056e-01 2.563476999999999784e+00
4.492189999999999794e-01 1.676025000000000098e+00 6.054690000000000349e-01 2.565917999999999921e+00
4.492189999999999794e-01 1.674805000000000099e+00 6.066890000000000338e-01 2.563476999999999784e+00
4.504389999999999783e-01 1.676025000000000098e+00 6.066890000000000338e-01 2.563476999999999784e+00
4.504389999999999783e-01 1.677246000000000015e+00 6.066890000000000338e-01 2.563476999999999784e+00
4.504389999999999783e-01 1.676025000000000098e+00 6.066890000000000338e-01 2.563476999999999784e+00
4.504389999999999783e-01 1.676025000000000098e+00 6.066890000000000338e-01 2.564696999999999782e+00
4.504389999999999783e-01 1.674805000000000099e+00 6.066890000000000338e-01 2.563476999999999784e+00
4.516600000000000059e-01 1.674805000000000099e+00 6.066890000000000338e-01 2.564696999999999782e+00
4.541020000000000056e-01 1.674805000000000099e+00 6.103520000000000056e-01 2.563476999999999784e+00
4.541020000000000056e-01 1.674805000000000099e+00 6.103520000000000056e-01 2.563476999999999784e+00
4.565429999999999766e-01 1.674805000000000099e+00 6.103520000000000056e-01 2.563476999999999784e+00
4.589840000000000031e-01 1.676025000000000098e+00 6.115720000000000045e-01 2.564696999999999782e+00
4.638669999999999738e-01 1.676025000000000098e+00 6.127930000000000321e-01 2.563476999999999784e+00
4.663089999999999735e-01 1.677246000000000015e+00 6.115720000000000045e-01 2.563476999999999784e+00
4.687500000000000000e-01 1.676025000000000098e+00 6.140139999999999487e-01 2.564696999999999782e+00
4.736330000000000262e-01 1.679688000000000070e+00 6.152339999999999476e-01 2.567139000000000060e+00
4.748539999999999983e-01 1.684569999999999901e+00 6.152339999999999476e-01 2.567139000000000060e+00
4.797359999999999958e-01 1.684569999999999901e+00 6.152339999999999476e-01 2.573242000000000029e+00
4.833979999999999944e-01 1.684569999999999901e+00 6.152339999999999476e-01 2.573242000000000029e+00
4.846190000000000220e-01 1.684569999999999901e+00 6.164549999999999752e-01 2.573242000000000029e+00
4.931639999999999913e-01 1.685791000000000039e+00 6.201170000000000293e-01 2.573242000000000029e+00
4.943850000000000189e-01 1.688231999999999955e+00 6.201170000000000293e-01 2.574463000000000168e+00
4.992679999999999896e-01 1.688231999999999955e+00 6.201170000000000293e-01 2.574463000000000168e+00
5.029299999999999882e-01 1.694336000000000064e+00 6.213379999999999459e-01 2.583007999999999971e+00
5.090329999999999577e-01 1.694336000000000064e+00 6.225589999999999735e-01 2.583007999999999971e+00
5.139160000000000394e-01 1.694336000000000064e+00 6.237789999999999724e-01 2.583007999999999971e+00
5.224609999999999532e-01 1.695556999999999981e+00 6.298829999999999707e-01 2.583007999999999971e+00
5.468750000000000000e-01 1.705322000000000005e+00 6.359860000000000513e-01 2.593993999999999911e+00
5.615229999999999944e-01 1.713867000000000029e+00 6.408690000000000220e-01 2.598876999999999882e+00
5.810549999999999882e-01 1.723632999999999971e+00 6.494140000000000468e-01 2.602539000000000158e+00
6.018069999999999808e-01 1.728515999999999941e+00 6.603999999999999870e-01 2.612305000000000099e+00
6.262210000000000276e-01 1.743163999999999936e+00 6.689450000000000118e-01 2.622069999999999901e+00
6.542970000000000175e-01 1.752930000000000099e+00 6.750490000000000101e-01 2.631835999999999842e+00
6.799319999999999808e-01 1.762694999999999901e+00 6.823730000000000073e-01 2.641601999999999784e+00
7.043460000000000276e-01 1.773681999999999981e+00 6.884770000000000056e-01 2.651367000000000029e+00
7.287599999999999634e-01 1.785889000000000060e+00 6.933589999999999476e-01 2.661132999999999971e+00
7.531740000000000101e-01 1.801757999999999971e+00 6.982420000000000293e-01 2.672118999999999911e+00
7.763670000000000293e-01 1.806640999999999941e+00 7.031250000000000000e-01 2.683104999999999851e+00
7.958979999999999944e-01 1.821288999999999936e+00 7.043460000000000276e-01 2.694091999999999931e+00
8.154299999999999882e-01 1.826171999999999906e+00 7.080079999999999707e-01 2.709960999999999842e+00
8.349609999999999532e-01 1.834716999999999931e+00 7.116700000000000248e-01 2.719726999999999784e+00
8.496089999999999476e-01 1.844481999999999955e+00 7.128910000000000524e-01 2.729492000000000029e+00
8.642579999999999707e-01 1.851806999999999981e+00 7.177729999999999944e-01 2.739257999999999971e+00
8.776859999999999662e-01 1.860352000000000006e+00 7.177729999999999944e-01 2.749023000000000216e+00
8.935549999999999882e-01 1.870117000000000029e+00 7.177729999999999944e-01 2.758789000000000158e+00
9.033200000000000118e-01 1.875000000000000000e+00 7.189940000000000220e-01 2.768555000000000099e+00
9.143069999999999808e-01 1.879882999999999971e+00 7.226559999999999651e-01 2.772216999999999931e+00
9.277339999999999476e-01 1.889647999999999994e+00 7.238769999999999927e-01 2.779541000000000039e+00
9.423829999999999707e-01 1.899413999999999936e+00 7.275390000000000468e-01 2.788085999999999842e+00
9.521479999999999944e-01 1.899413999999999936e+00 7.287599999999999634e-01 2.807617000000000029e+00
9.631349999999999634e-01 1.909180000000000099e+00 7.324220000000000175e-01 2.807617000000000029e+00
9.741210000000000147e-01 1.909180000000000099e+00 7.336430000000000451e-01 2.812500000000000000e+00
9.851069999999999549e-01 1.920166000000000039e+00 7.373049999999999882e-01 2.819824000000000108e+00
9.948730000000000073e-01 1.920166000000000039e+00 7.385249999999999870e-01 2.827148000000000216e+00
1.002197000000000005e+00 1.928711000000000064e+00 7.373049999999999882e-01 2.836914000000000158e+00
1.010742000000000029e+00 1.931151999999999980e+00 7.373049999999999882e-01 2.838134999999999852e+00
1.011962999999999946e+00 1.938477000000000006e+00 7.336430000000000451e-01 2.846680000000000099e+00
1.011962999999999946e+00 1.938477000000000006e+00 7.299799999999999622e-01 2.847900000000000098e+00
1.015625000000000000e+00 1.938477000000000006e+00 7.275390000000000468e-01 2.850341999999999931e+00
1.010742000000000029e+00 1.938477000000000006e+00 7.238769999999999927e-01 2.850341999999999931e+00
1.010742000000000029e+00 1.938477000000000006e+00 7.189940000000000220e-01 2.850341999999999931e+00
1.005859000000000059e+00 1.938477000000000006e+00 7.177729999999999944e-01 2.856444999999999901e+00
1.002197000000000005e+00 1.938477000000000006e+00 7.128910000000000524e-01 2.856444999999999901e+00
1.000977000000000006e+00 1.932372999999999896e+00 7.092289999999999983e-01 2.857666000000000039e+00
9.948730000000000073e-01 1.938477000000000006e+00 7.080079999999999707e-01 2.856444999999999901e+00
9.924319999999999808e-01 1.929931999999999981e+00 7.031250000000000000e-01 2.856444999999999901e+00
9.912109999999999532e-01 1.928711000000000064e+00 7.031250000000000000e-01 2.856444999999999901e+00
9.863279999999999825e-01 1.928711000000000064e+00 7.019039999999999724e-01 2.850341999999999931e+00
9.814450000000000118e-01 1.928711000000000064e+00 7.006839999999999735e-01 2.847900000000000098e+00
9.814450000000000118e-01 1.928711000000000064e+00 6.982420000000000293e-01 2.850341999999999931e+00
9.753420000000000423e-01 1.928711000000000064e+00 6.982420000000000293e-01 2.847900000000000098e+00
9.728999999999999870e-01 1.921386999999999956e+00 6.945799999999999752e-01 2.846680000000000099e+00
9.716799999999999882e-01 1.920166000000000039e+00 6.945799999999999752e-01 2.846680000000000099e+00
9.655759999999999899e-01 1.920166000000000039e+00 6.921389999999999487e-01 2.846680000000000099e+00
9.619140000000000468e-01 1.918944999999999901e+00 6.896970000000000045e-01 2.846680000000000099e+00
9.570309999999999651e-01 1.918944999999999901e+00 6.884770000000000056e-01 2.839354999999999851e+00
9.521479999999999944e-01 1.914063000000000070e+00 6.884770000000000056e-01 2.839354999999999851e+00
9.484860000000000513e-01 1.910400000000000098e+00 6.884770000000000056e-01 2.836914000000000158e+00
9.448239999999999972e-01 1.911621000000000015e+00 6.848140000000000338e-01 2.836914000000000158e+00
9.423829999999999707e-01 1.909180000000000099e+00 6.835940000000000349e-01 2.836914000000000158e+00
9.375000000000000000e-01 1.909180000000000099e+00 6.835940000000000349e-01 2.836914000000000158e+00
9.326170000000000293e-01 1.905518000000000045e+00 6.799319999999999808e-01 2.836914000000000158e+00
9.289549999999999752e-01 1.904296999999999906e+00 6.799319999999999808e-01 2.829590000000000050e+00
9.252930000000000321e-01 1.903075999999999990e+00 6.787109999999999532e-01 2.827148000000000216e+00
9.228520000000000056e-01 1.900635000000000074e+00 6.787109999999999532e-01 2.827148000000000216e+00
9.167480000000000073e-01 1.899413999999999936e+00 6.787109999999999532e-01 2.824707000000000079e+00
9.130859999999999532e-01 1.899413999999999936e+00 6.787109999999999532e-01 2.827148000000000216e+00
9.082029999999999825e-01 1.899413999999999936e+00 6.750490000000000101e-01 2.818604000000000109e+00
9.045410000000000394e-01 1.892090000000000050e+00 6.738279999999999825e-01 2.817382999999999971e+00
8.996579999999999577e-01 1.890868999999999911e+00 6.726069999999999549e-01 2.817382999999999971e+00
8.972170000000000423e-01 1.889647999999999994e+00 6.726069999999999549e-01 2.819824000000000108e+00
8.935549999999999882e-01 1.889647999999999994e+00 6.713869999999999560e-01 2.811278999999999861e+00
8.874509999999999899e-01 1.890868999999999911e+00 6.701660000000000394e-01 2.810058999999999862e+00
8.837890000000000468e-01 1.889647999999999994e+00 6.701660000000000394e-01 2.810058999999999862e+00
8.837890000000000468e-01 1.882324000000000108e+00 6.701660000000000394e-01 2.810058999999999862e+00
8.752440000000000220e-01 1.881104000000000109e+00 6.689450000000000118e-01 2.807617000000000029e+00
8.740229999999999944e-01 1.879882999999999971e+00 6.689450000000000118e-01 2.807617000000000029e+00
8.679200000000000248e-01 1.879882999999999971e+00 6.689450000000000118e-01 2.801514000000000060e+00
8.642579999999999707e-01 1.879882999999999971e+00 6.652829999999999577e-01 2.807617000000000029e+00
8.593750000000000000e-01 1.879882999999999971e+00 6.628420000000000423e-01 2.802734000000000059e+00
8.544920000000000293e-01 1.871337999999999946e+00 6.628420000000000423e-01 2.797851999999999784e+00
8.496089999999999476e-01 1.870117000000000029e+00 6.616210000000000147e-01 2.797851999999999784e+00
8.447270000000000056e-01 1.870117000000000029e+00 6.603999999999999870e-01 2.790526999999999980e+00
8.398440000000000349e-01 1.870117000000000029e+00 6.603999999999999870e-01 2.788085999999999842e+00
8.349609999999999532e-01 1.865234000000000059e+00 6.591799999999999882e-01 2.788085999999999842e+00
