1.477050000000000030e-01 1.385497999999999896e+00 5.578610000000000513e-01 2.194824000000000108e+00 2.260742000000000029e+00
1.525880000000000014e-01 1.386719000000000035e+00 5.615229999999999944e-01 2.192382999999999971e+00 2.250976999999999784e+00
1.574709999999999999e-01 1.387939000000000034e+00 5.603029999999999955e-01 2.202148000000000216e+00 2.250976999999999784e+00
1.635739999999999972e-01 1.391602000000000006e+00 5.615229999999999944e-01 2.203368999999999911e+00 2.231444999999999901e+00
1.721189999999999942e-01 1.391602000000000006e+00 5.627440000000000220e-01 2.202148000000000216e+00 2.233887000000000178e+00
1.831049999999999900e-01 1.392822000000000005e+00 5.651859999999999662e-01 2.207031000000000187e+00 2.254639000000000060e+00
1.965330000000000132e-01 1.401367000000000029e+00 5.664059999999999651e-01 2.211914000000000158e+00 2.260742000000000029e+00
2.111820000000000086e-01 1.401367000000000029e+00 5.712890000000000468e-01 2.215575999999999990e+00 2.242431999999999981e+00
2.270510000000000028e-01 1.406250000000000000e+00 5.725099999999999634e-01 2.221680000000000099e+00 2.242431999999999981e+00
2.453609999999999958e-01 1.411132999999999971e+00 5.761720000000000175e-01 2.231444999999999901e+00 2.250976999999999784e+00
2.746580000000000132e-01 1.414795000000000025e+00 5.810549999999999882e-01 2.241210999999999842e+00 2.260742000000000029e+00
3.173830000000000262e-01 1.422118999999999911e+00 5.908200000000000118e-01 2.250976999999999784e+00 2.270507999999999971e+00
3.698730000000000073e-01 1.434325999999999990e+00 6.005859999999999532e-01 2.270507999999999971e+00 2.280273000000000216e+00
4.296880000000000144e-01 1.450194999999999901e+00 6.103520000000000056e-01 2.290039000000000158e+00 2.290039000000000158e+00
4.943850000000000189e-01 1.463622999999999896e+00 6.225589999999999735e-01 2.313232000000000177e+00 2.291259999999999852e+00
5.578610000000000513e-01 1.484375000000000000e+00 6.347660000000000524e-01 2.343750000000000000e+00 2.302245999999999793e+00
6.250000000000000000e-01 1.503905999999999965e+00 6.457519999999999927e-01 2.369384999999999852e+00 2.332764000000000060e+00
6.823730000000000073e-01 1.524658000000000069e+00 6.591799999999999882e-01 2.407226999999999784e+00 2.358398000000000216e+00
7.373049999999999882e-01 1.549072000000000005e+00 6.689450000000000118e-01 2.436523000000000216e+00 2.377930000000000099e+00
7.861329999999999707e-01 1.568604000000000109e+00 6.799319999999999808e-01 2.469482000000000177e+00 2.390137000000000178e+00
8.264160000000000394e-01 1.593018000000000045e+00 6.884770000000000056e-01 2.504882999999999971e+00 2.418213000000000168e+00
8.642579999999999707e-01 1.617431999999999981e+00 6.958010000000000028e-01 2.534180000000000099e+00 2.436523000000000216e+00
8.972170000000000423e-01 1.639404000000000083e+00 7.031250000000000000e-01 2.563476999999999784e+00 2.456055000000000099e+00
9.326170000000000293e-01 1.660155999999999965e+00 7.128910000000000524e-01 2.592773000000000216e+00 2.475585999999999842e+00
9.716799999999999882e-01 1.684569999999999901e+00 7.226559999999999651e-01 2.622069999999999901e+00 2.498778999999999861e+00
1.004639000000000060e+00 1.705322000000000005e+00 7.324220000000000175e-01 2.645264000000000060e+00 2.514648000000000216e+00
1.033935999999999966e+00 1.733397999999999994e+00 7.409670000000000423e-01 2.680664000000000158e+00 2.524414000000000158e+00
1.059569999999999901e+00 1.752930000000000099e+00 7.470700000000000118e-01 2.702637000000000178e+00 2.545166000000000039e+00
1.079102000000000006e+00 1.772461000000000064e+00 7.507319999999999549e-01 2.729492000000000029e+00 2.564696999999999782e+00
1.093750000000000000e+00 1.787109000000000059e+00 7.568359999999999532e-01 2.742919999999999803e+00 2.563476999999999784e+00
1.108397999999999994e+00 1.801757999999999971e+00 7.568359999999999532e-01 2.761229999999999851e+00 2.574463000000000168e+00
1.119385000000000074e+00 1.816405999999999965e+00 7.580569999999999808e-01 2.778319999999999901e+00 2.592773000000000216e+00
1.132813000000000070e+00 1.831055000000000099e+00 7.629390000000000338e-01 2.791748000000000118e+00 2.602539000000000158e+00
1.147461000000000064e+00 1.840819999999999901e+00 7.666020000000000056e-01 2.807617000000000029e+00 2.603759999999999852e+00
1.152344000000000035e+00 1.851806999999999981e+00 7.678220000000000045e-01 2.817382999999999971e+00 2.622069999999999901e+00
1.160889000000000060e+00 1.862792999999999921e+00 7.702639999999999487e-01 2.828368999999999911e+00 2.624512000000000178e+00
1.176757999999999971e+00 1.872559000000000085e+00 7.727049999999999752e-01 2.838134999999999852e+00 2.633056999999999981e+00
1.196288999999999936e+00 1.883545000000000025e+00 7.763670000000000293e-01 2.856444999999999901e+00 2.635498000000000118e+00
1.220703000000000094e+00 1.899413999999999936e+00 7.812500000000000000e-01 2.866210999999999842e+00 2.661132999999999971e+00
1.250000000000000000e+00 1.914063000000000070e+00 7.897950000000000248e-01 2.875976999999999784e+00 2.672118999999999911e+00
1.280518000000000045e+00 1.922606999999999955e+00 7.995609999999999662e-01 2.895507999999999971e+00 2.680664000000000158e+00
1.313477000000000006e+00 1.938477000000000006e+00 8.068849999999999634e-01 2.907715000000000050e+00 2.694091999999999931e+00
1.333007999999999971e+00 1.958007999999999971e+00 8.166499999999999870e-01 2.928466999999999931e+00 2.700194999999999901e+00
1.347655999999999965e+00 1.968993999999999911e+00 8.203129999999999589e-01 2.944335999999999842e+00 2.700194999999999901e+00
1.357421999999999906e+00 1.981200999999999990e+00 8.251950000000000118e-01 2.956542999999999921e+00 2.719726999999999784e+00
1.362305000000000099e+00 1.993408000000000069e+00 8.251950000000000118e-01 2.968750000000000000e+00 2.722167999999999921e+00
1.363525000000000098e+00 1.999511999999999956e+00 8.251950000000000118e-01 2.973632999999999971e+00 2.740479000000000109e+00
1.362305000000000099e+00 2.006835999999999842e+00 8.251950000000000118e-01 2.983398000000000216e+00 2.740479000000000109e+00
1.364746000000000015e+00 2.016601999999999784e+00 8.251950000000000118e-01 2.987061000000000188e+00 2.734375000000000000e+00
1.363525000000000098e+00 2.026367000000000029e+00 8.251950000000000118e-01 2.993164000000000158e+00 2.749023000000000216e+00
1.362305000000000099e+00 2.027588000000000168e+00 8.251950000000000118e-01 2.998047000000000128e+00 2.749023000000000216e+00
1.362305000000000099e+00 2.036132999999999971e+00 8.215329999999999577e-01 2.996825999999999990e+00 2.749023000000000216e+00
1.353760000000000074e+00 2.036132999999999971e+00 8.203129999999999589e-01 3.002930000000000099e+00 2.740479000000000109e+00
1.352538999999999936e+00 2.039794999999999803e+00 8.166499999999999870e-01 3.006591999999999931e+00 2.744140999999999941e+00
1.343993999999999911e+00 2.045898000000000216e+00 8.154299999999999882e-01 3.005370999999999793e+00 2.758789000000000158e+00
1.337890999999999941e+00 2.045898000000000216e+00 8.105470000000000175e-01 3.005370999999999793e+00 2.758789000000000158e+00
1.326904000000000083e+00 2.047118999999999911e+00 8.068849999999999634e-01 3.006591999999999931e+00 2.750243999999999911e+00
1.319579999999999975e+00 2.045898000000000216e+00 8.020019999999999927e-01 3.005370999999999793e+00 2.749023000000000216e+00
1.313477000000000006e+00 2.047118999999999911e+00 8.007809999999999651e-01 3.002930000000000099e+00 2.752686000000000188e+00
1.304931999999999981e+00 2.047118999999999911e+00 7.971190000000000220e-01 3.002930000000000099e+00 2.772216999999999931e+00
1.298828000000000094e+00 2.050781000000000187e+00 7.958979999999999944e-01 3.002930000000000099e+00 2.778319999999999901e+00
1.298828000000000094e+00 2.050781000000000187e+00 7.958979999999999944e-01 3.002930000000000099e+00 2.768555000000000099e+00
1.293944999999999901e+00 2.055664000000000158e+00 7.922360000000000513e-01 3.002930000000000099e+00 2.768555000000000099e+00
1.293944999999999901e+00 2.055664000000000158e+00 7.897950000000000248e-01 3.002930000000000099e+00 2.768555000000000099e+00
1.284180000000000099e+00 2.055664000000000158e+00 7.873539999999999983e-01 3.002930000000000099e+00 2.768555000000000099e+00
1.275635000000000074e+00 2.055664000000000158e+00 7.861329999999999707e-01 3.002930000000000099e+00 2.760009999999999852e+00
1.264647999999999994e+00 2.050781000000000187e+00 7.812500000000000000e-01 3.002930000000000099e+00 2.758789000000000158e+00
1.254882999999999971e+00 2.048340000000000050e+00 7.775879999999999459e-01 2.994384999999999852e+00 2.750243999999999911e+00
1.245117000000000029e+00 2.045898000000000216e+00 7.727049999999999752e-01 2.993164000000000158e+00 2.749023000000000216e+00
1.226806999999999981e+00 2.045898000000000216e+00 7.678220000000000045e-01 2.988281000000000187e+00 2.749023000000000216e+00
1.215819999999999901e+00 2.039794999999999803e+00 7.617190000000000349e-01 2.983398000000000216e+00 2.749023000000000216e+00
1.206055000000000099e+00 2.037354000000000109e+00 7.580569999999999808e-01 2.983398000000000216e+00 2.750243999999999911e+00
1.196288999999999936e+00 2.036132999999999971e+00 7.568359999999999532e-01 2.974854000000000109e+00 2.739257999999999971e+00
1.187743999999999911e+00 2.031250000000000000e+00 7.531740000000000101e-01 2.973632999999999971e+00 2.730713000000000168e+00
1.186522999999999994e+00 2.028808999999999862e+00 7.519529999999999825e-01 2.973632999999999971e+00 2.739257999999999971e+00
1.180420000000000025e+00 2.031250000000000000e+00 7.507319999999999549e-01 2.973632999999999971e+00 2.740479000000000109e+00
1.176757999999999971e+00 2.026367000000000029e+00 7.507319999999999549e-01 2.963867000000000029e+00 2.742919999999999803e+00
1.171875000000000000e+00 2.026367000000000029e+00 7.482910000000000394e-01 2.963867000000000029e+00 2.753906000000000187e+00
1.166992000000000029e+00 2.020264000000000060e+00 7.470700000000000118e-01 2.963867000000000029e+00 2.760009999999999852e+00
1.158447000000000005e+00 2.020264000000000060e+00 7.434079999999999577e-01 2.957764000000000060e+00 2.739257999999999971e+00
1.152344000000000035e+00 2.017821999999999782e+00 7.421879999999999589e-01 2.956542999999999921e+00 2.729492000000000029e+00
1.147461000000000064e+00 2.016601999999999784e+00 7.409670000000000423e-01 2.954101999999999784e+00 2.734375000000000000e+00
1.138916000000000039e+00 2.016601999999999784e+00 7.385249999999999870e-01 2.954101999999999784e+00 2.749023000000000216e+00
1.129150000000000098e+00 2.016601999999999784e+00 7.360839999999999606e-01 2.946776999999999980e+00 2.742919999999999803e+00
1.123046999999999906e+00 2.010498000000000118e+00 7.312009999999999899e-01 2.945556999999999981e+00 2.739257999999999971e+00
1.109618999999999911e+00 2.006835999999999842e+00 7.275390000000000468e-01 2.938232000000000177e+00 2.719726999999999784e+00
1.099854000000000109e+00 2.006835999999999842e+00 7.238769999999999927e-01 2.934569999999999901e+00 2.709960999999999842e+00
1.088867000000000029e+00 1.998291000000000039e+00 7.226559999999999651e-01 2.934569999999999901e+00 2.722167999999999921e+00
1.079102000000000006e+00 1.997069999999999901e+00 7.177729999999999944e-01 2.927245999999999793e+00 2.729492000000000029e+00
1.069336000000000064e+00 1.990966999999999931e+00 7.141110000000000513e-01 2.924805000000000099e+00 2.720946999999999782e+00
1.054688000000000070e+00 1.987305000000000099e+00 7.104489999999999972e-01 2.918700999999999990e+00 2.712401999999999980e+00
1.046143000000000045e+00 1.987305000000000099e+00 7.080079999999999707e-01 2.916259999999999852e+00 2.709960999999999842e+00
1.036377000000000104e+00 1.982421999999999906e+00 7.043460000000000276e-01 2.907715000000000050e+00 2.700194999999999901e+00
1.030272999999999994e+00 1.977538999999999936e+00 7.031250000000000000e-01 2.905273000000000216e+00 2.700194999999999901e+00
1.020507999999999971e+00 1.971435999999999966e+00 7.019039999999999724e-01 2.905273000000000216e+00 2.709960999999999842e+00
1.016845999999999917e+00 1.967772999999999994e+00 6.994629999999999459e-01 2.896729000000000109e+00 2.700194999999999901e+00
1.010742000000000029e+00 1.961670000000000025e+00 6.982420000000000293e-01 2.895507999999999971e+00 2.681884999999999852e+00
1.000977000000000006e+00 1.958007999999999971e+00 6.982420000000000293e-01 2.888183999999999862e+00 2.692870999999999793e+00
9.912109999999999532e-01 1.958007999999999971e+00 6.933589999999999476e-01 2.885742000000000029e+00 2.701416000000000039e+00
9.814450000000000118e-01 1.958007999999999971e+00 6.909180000000000321e-01 2.879639000000000060e+00 2.690430000000000099e+00
9.753420000000000423e-01 1.949462999999999946e+00 6.884770000000000056e-01 2.875976999999999784e+00 2.680664000000000158e+00
9.753420000000000423e-01 1.953125000000000000e+00 6.884770000000000056e-01 2.869873000000000118e+00 2.680664000000000158e+00
9.777829999999999577e-01 1.948242000000000029e+00 6.884770000000000056e-01 2.871093999999999813e+00 2.670898000000000216e+00
9.875490000000000101e-01 1.943359000000000059e+00 6.896970000000000045e-01 2.866210999999999842e+00 2.681884999999999852e+00
9.960940000000000349e-01 1.943359000000000059e+00 6.933589999999999476e-01 2.867431999999999981e+00 2.680664000000000158e+00
1.004639000000000060e+00 1.948242000000000029e+00 6.945799999999999752e-01 2.868651999999999980e+00 2.674561000000000188e+00
1.010742000000000029e+00 1.948242000000000029e+00 6.982420000000000293e-01 2.868651999999999980e+00 2.694091999999999931e+00
1.015625000000000000e+00 1.948242000000000029e+00 6.994629999999999459e-01 2.869873000000000118e+00 2.700194999999999901e+00
1.022949000000000108e+00 1.948242000000000029e+00 7.006839999999999735e-01 2.868651999999999980e+00 2.680664000000000158e+00
1.035155999999999965e+00 1.948242000000000029e+00 7.031250000000000000e-01 2.875976999999999784e+00 2.680664000000000158e+00
1.049805000000000099e+00 1.949462999999999946e+00 7.092289999999999983e-01 2.875976999999999784e+00 2.690430000000000099e+00
1.065674000000000010e+00 1.953125000000000000e+00 7.141110000000000513e-01 2.885742000000000029e+00 2.692870999999999793e+00
1.085204999999999975e+00 1.958007999999999971e+00 7.214359999999999662e-01 2.885742000000000029e+00 2.709960999999999842e+00
1.108397999999999994e+00 1.967772999999999994e+00 7.275390000000000468e-01 2.895507999999999971e+00 2.700194999999999901e+00
1.127930000000000099e+00 1.968993999999999911e+00 7.336430000000000451e-01 2.905273000000000216e+00 2.709960999999999842e+00
1.138916000000000039e+00 1.977538999999999936e+00 7.385249999999999870e-01 2.905273000000000216e+00 2.709960999999999842e+00
1.149901999999999980e+00 1.982421999999999906e+00 7.409670000000000423e-01 2.915039000000000158e+00 2.719726999999999784e+00
1.159667999999999921e+00 1.987305000000000099e+00 7.421879999999999589e-01 2.924805000000000099e+00 2.719726999999999784e+00
1.169434000000000085e+00 1.992188000000000070e+00 7.470700000000000118e-01 2.927245999999999793e+00 2.723389000000000060e+00
1.176757999999999971e+00 1.997069999999999901e+00 7.470700000000000118e-01 2.934569999999999901e+00 2.733153999999999861e+00
1.177979000000000109e+00 1.998291000000000039e+00 7.482910000000000394e-01 2.935791000000000039e+00 2.749023000000000216e+00
1.179199000000000108e+00 2.006835999999999842e+00 7.470700000000000118e-01 2.944335999999999842e+00 2.731933999999999862e+00
1.176757999999999971e+00 2.006835999999999842e+00 7.470700000000000118e-01 2.944335999999999842e+00 2.740479000000000109e+00
1.166992000000000029e+00 2.006835999999999842e+00 7.421879999999999589e-01 2.945556999999999981e+00 2.739257999999999971e+00
1.157227000000000006e+00 2.006835999999999842e+00 7.397460000000000147e-01 2.944335999999999842e+00 2.729492000000000029e+00
1.147461000000000064e+00 2.006835999999999842e+00 7.373049999999999882e-01 2.944335999999999842e+00 2.729492000000000029e+00
1.131591999999999931e+00 1.999511999999999956e+00 7.312009999999999899e-01 2.938232000000000177e+00 2.734375000000000000e+00
1.118163999999999936e+00 1.998291000000000039e+00 7.275390000000000468e-01 2.944335999999999842e+00 2.739257999999999971e+00
1.104735999999999940e+00 1.997069999999999901e+00 7.226559999999999651e-01 2.934569999999999901e+00 2.734375000000000000e+00
1.090087999999999946e+00 1.990966999999999931e+00 7.177729999999999944e-01 2.934569999999999901e+00 2.739257999999999971e+00
1.072997999999999896e+00 1.988525000000000098e+00 7.128910000000000524e-01 2.927245999999999793e+00 2.731933999999999862e+00
1.059569999999999901e+00 1.987305000000000099e+00 7.080079999999999707e-01 2.918700999999999990e+00 2.739257999999999971e+00
1.041260000000000074e+00 1.978760000000000074e+00 7.043460000000000276e-01 2.915039000000000158e+00 2.719726999999999784e+00
1.024170000000000025e+00 1.977538999999999936e+00 6.994629999999999459e-01 2.915039000000000158e+00 2.719726999999999784e+00
1.010742000000000029e+00 1.968993999999999911e+00 6.945799999999999752e-01 2.899169999999999803e+00 2.719726999999999784e+00
9.936519999999999797e-01 1.967772999999999994e+00 6.933589999999999476e-01 2.895507999999999971e+00 2.700194999999999901e+00
9.814450000000000118e-01 1.959229000000000109e+00 6.884770000000000056e-01 2.890625000000000000e+00 2.700194999999999901e+00
9.716799999999999882e-01 1.958007999999999971e+00 6.835940000000000349e-01 2.885742000000000029e+00 2.700194999999999901e+00
9.643549999999999622e-01 1.953125000000000000e+00 6.835940000000000349e-01 2.879639000000000060e+00 2.700194999999999901e+00
9.631349999999999634e-01 1.949462999999999946e+00 6.835940000000000349e-01 2.875976999999999784e+00 2.681884999999999852e+00
9.631349999999999634e-01 1.948242000000000029e+00 6.848140000000000338e-01 2.875976999999999784e+00 2.690430000000000099e+00
9.619140000000000468e-01 1.948242000000000029e+00 6.848140000000000338e-01 2.875976999999999784e+00 2.692870999999999793e+00
9.619140000000000468e-01 1.948242000000000029e+00 6.848140000000000338e-01 2.866210999999999842e+00 2.702637000000000178e+00
9.619140000000000468e-01 1.942139000000000060e+00 6.835940000000000349e-01 2.866210999999999842e+00 2.709960999999999842e+00
9.533690000000000220e-01 1.938477000000000006e+00 6.823730000000000073e-01 2.866210999999999842e+00 2.700194999999999901e+00
9.533690000000000220e-01 1.938477000000000006e+00 6.823730000000000073e-01 2.858887000000000178e+00 2.692870999999999793e+00
9.521479999999999944e-01 1.938477000000000006e+00 6.799319999999999808e-01 2.856444999999999901e+00 2.700194999999999901e+00
9.521479999999999944e-01 1.933594000000000035e+00 6.811519999999999797e-01 2.856444999999999901e+00 2.691650000000000098e+00
9.521479999999999944e-01 1.929931999999999981e+00 6.823730000000000073e-01 2.857666000000000039e+00 2.694091999999999931e+00
9.521479999999999944e-01 1.929931999999999981e+00 6.823730000000000073e-01 2.856444999999999901e+00 2.690430000000000099e+00
9.521479999999999944e-01 1.928711000000000064e+00 6.799319999999999808e-01 2.850341999999999931e+00 2.692870999999999793e+00
9.521479999999999944e-01 1.929931999999999981e+00 6.799319999999999808e-01 2.856444999999999901e+00 2.690430000000000099e+00
9.436039999999999983e-01 1.928711000000000064e+00 6.799319999999999808e-01 2.856444999999999901e+00 2.690430000000000099e+00
9.362789999999999724e-01 1.928711000000000064e+00 6.787109999999999532e-01 2.847900000000000098e+00 2.691650000000000098e+00
9.326170000000000293e-01 1.920166000000000039e+00 6.750490000000000101e-01 2.847900000000000098e+00 2.680664000000000158e+00
9.228520000000000056e-01 1.918944999999999901e+00 6.738279999999999825e-01 2.846680000000000099e+00 2.663574000000000108e+00
9.143069999999999808e-01 1.918944999999999901e+00 6.726069999999999549e-01 2.840575999999999990e+00 2.690430000000000099e+00
9.130859999999999532e-01 1.912841999999999931e+00 6.701660000000000394e-01 2.839354999999999851e+00 2.670898000000000216e+00
9.045410000000000394e-01 1.910400000000000098e+00 6.713869999999999560e-01 2.836914000000000158e+00 2.670898000000000216e+00
9.069819999999999549e-01 1.909180000000000099e+00 6.726069999999999549e-01 2.840575999999999990e+00 2.680664000000000158e+00
9.130859999999999532e-01 1.909180000000000099e+00 6.750490000000000101e-01 2.836914000000000158e+00 2.664794999999999803e+00
9.143069999999999808e-01 1.904296999999999906e+00 6.750490000000000101e-01 2.836914000000000158e+00 2.683104999999999851e+00
9.228520000000000056e-01 1.909180000000000099e+00 6.787109999999999532e-01 2.836914000000000158e+00 2.690430000000000099e+00
9.228520000000000056e-01 1.901855000000000073e+00 6.787109999999999532e-01 2.836914000000000158e+00 2.684325999999999990e+00
9.265139999999999487e-01 1.909180000000000099e+00 6.799319999999999808e-01 2.836914000000000158e+00 2.691650000000000098e+00
9.289549999999999752e-01 1.903075999999999990e+00 6.799319999999999808e-01 2.836914000000000158e+00 2.685547000000000128e+00
9.326170000000000293e-01 1.909180000000000099e+00 6.799319999999999808e-01 2.836914000000000158e+00 2.691650000000000098e+00
9.326170000000000293e-01 1.901855000000000073e+00 6.799319999999999808e-01 2.833251999999999882e+00 2.690430000000000099e+00
9.326170000000000293e-01 1.903075999999999990e+00 6.799319999999999808e-01 2.836914000000000158e+00 2.675781000000000187e+00
9.277339999999999476e-01 1.900635000000000074e+00 6.799319999999999808e-01 2.836914000000000158e+00 2.690430000000000099e+00
9.252930000000000321e-01 1.900635000000000074e+00 6.799319999999999808e-01 2.836914000000000158e+00 2.684325999999999990e+00
9.240720000000000045e-01 1.900635000000000074e+00 6.787109999999999532e-01 2.836914000000000158e+00 2.690430000000000099e+00
9.191890000000000338e-01 1.899413999999999936e+00 6.787109999999999532e-01 2.836914000000000158e+00 2.680664000000000158e+00
9.179690000000000349e-01 1.899413999999999936e+00 6.787109999999999532e-01 2.829590000000000050e+00 2.679443000000000019e+00
9.143069999999999808e-01 1.899413999999999936e+00 6.787109999999999532e-01 2.832031000000000187e+00 2.684325999999999990e+00
9.143069999999999808e-01 1.899413999999999936e+00 6.787109999999999532e-01 2.832031000000000187e+00 2.691650000000000098e+00
9.143069999999999808e-01 1.899413999999999936e+00 6.787109999999999532e-01 2.828368999999999911e+00 2.690430000000000099e+00
9.143069999999999808e-01 1.893310999999999966e+00 6.787109999999999532e-01 2.830811000000000188e+00 2.680664000000000158e+00
9.130859999999999532e-01 1.893310999999999966e+00 6.787109999999999532e-01 2.827148000000000216e+00 2.661132999999999971e+00
9.130859999999999532e-01 1.890868999999999911e+00 6.787109999999999532e-01 2.827148000000000216e+00 2.670898000000000216e+00
9.130859999999999532e-01 1.890868999999999911e+00 6.787109999999999532e-01 2.827148000000000216e+00 2.675781000000000187e+00
9.130859999999999532e-01 1.890868999999999911e+00 6.787109999999999532e-01 2.827148000000000216e+00 2.681884999999999852e+00
9.094240000000000101e-01 1.889647999999999994e+00 6.787109999999999532e-01 2.827148000000000216e+00 2.680664000000000158e+00
9.094240000000000101e-01 1.889647999999999994e+00 6.787109999999999532e-01 2.821044999999999803e+00 2.681884999999999852e+00
9.094240000000000101e-01 1.889647999999999994e+00 6.787109999999999532e-01 2.827148000000000216e+00 2.664794999999999803e+00
9.082029999999999825e-01 1.889647999999999994e+00 6.787109999999999532e-01 2.829590000000000050e+00 2.680664000000000158e+00
9.082029999999999825e-01 1.889647999999999994e+00 6.787109999999999532e-01 2.828368999999999911e+00 2.680664000000000158e+00
9.069819999999999549e-01 1.889647999999999994e+00 6.787109999999999532e-01 2.827148000000000216e+00 2.662354000000000109e+00
9.057619999999999560e-01 1.889647999999999994e+00 6.787109999999999532e-01 2.818604000000000109e+00 2.672118999999999911e+00
9.130859999999999532e-01 1.889647999999999994e+00 6.750490000000000101e-01 2.818604000000000109e+00 2.670898000000000216e+00
9.130859999999999532e-01 1.889647999999999994e+00 6.750490000000000101e-01 2.827148000000000216e+00 2.661132999999999971e+00
9.130859999999999532e-01 1.883545000000000025e+00 6.750490000000000101e-01 2.819824000000000108e+00 2.670898000000000216e+00
9.143069999999999808e-01 1.882324000000000108e+00 6.750490000000000101e-01 2.819824000000000108e+00 2.672118999999999911e+00
9.143069999999999808e-01 1.883545000000000025e+00 6.787109999999999532e-01 2.827148000000000216e+00 2.672118999999999911e+00
9.191890000000000338e-01 1.882324000000000108e+00 6.787109999999999532e-01 2.827148000000000216e+00 2.672118999999999911e+00
9.252930000000000321e-01 1.883545000000000025e+00 6.787109999999999532e-01 2.821044999999999803e+00 2.680664000000000158e+00
9.326170000000000293e-01 1.884765999999999941e+00 6.799319999999999808e-01 2.827148000000000216e+00 2.673340000000000050e+00
9.423829999999999707e-01 1.884765999999999941e+00 6.799319999999999808e-01 2.827148000000000216e+00 2.681884999999999852e+00
9.472660000000000524e-01 1.889647999999999994e+00 6.835940000000000349e-01 2.827148000000000216e+00 2.680664000000000158e+00
9.521479999999999944e-01 1.889647999999999994e+00 6.835940000000000349e-01 2.827148000000000216e+00 2.680664000000000158e+00
9.533690000000000220e-01 1.889647999999999994e+00 6.835940000000000349e-01 2.828368999999999911e+00 2.684325999999999990e+00
9.570309999999999651e-01 1.889647999999999994e+00 6.848140000000000338e-01 2.832031000000000187e+00 2.681884999999999852e+00
9.558109999999999662e-01 1.889647999999999994e+00 6.823730000000000073e-01 2.832031000000000187e+00 2.684325999999999990e+00
9.558109999999999662e-01 1.889647999999999994e+00 6.823730000000000073e-01 2.832031000000000187e+00 2.684325999999999990e+00
9.533690000000000220e-01 1.889647999999999994e+00 6.823730000000000073e-01 2.836914000000000158e+00 2.700194999999999901e+00
9.521479999999999944e-01 1.889647999999999994e+00 6.799319999999999808e-01 2.832031000000000187e+00 2.690430000000000099e+00
9.472660000000000524e-01 1.889647999999999994e+00 6.799319999999999808e-01 2.832031000000000187e+00 2.690430000000000099e+00
9.472660000000000524e-01 1.889647999999999994e+00 6.799319999999999808e-01 2.830811000000000188e+00 2.700194999999999901e+00
9.484860000000000513e-01 1.889647999999999994e+00 6.799319999999999808e-01 2.830811000000000188e+00 2.690430000000000099e+00
9.484860000000000513e-01 1.889647999999999994e+00 6.799319999999999808e-01 2.829590000000000050e+00 2.680664000000000158e+00
9.472660000000000524e-01 1.889647999999999994e+00 6.799319999999999808e-01 2.836914000000000158e+00 2.680664000000000158e+00
9.423829999999999707e-01 1.889647999999999994e+00 6.799319999999999808e-01 2.836914000000000158e+00 2.684325999999999990e+00
9.387210000000000276e-01 1.889647999999999994e+00 6.799319999999999808e-01 2.832031000000000187e+00 2.691650000000000098e+00
9.338379999999999459e-01 1.889647999999999994e+00 6.787109999999999532e-01 2.828368999999999911e+00 2.700194999999999901e+00
9.326170000000000293e-01 1.889647999999999994e+00 6.787109999999999532e-01 2.827148000000000216e+00 2.674561000000000188e+00
9.277339999999999476e-01 1.889647999999999994e+00 6.750490000000000101e-01 2.828368999999999911e+00 2.700194999999999901e+00
9.228520000000000056e-01 1.885985999999999940e+00 6.750490000000000101e-01 2.827148000000000216e+00 2.680664000000000158e+00
9.228520000000000056e-01 1.881104000000000109e+00 6.738279999999999825e-01 2.827148000000000216e+00 2.680664000000000158e+00
9.228520000000000056e-01 1.881104000000000109e+00 6.738279999999999825e-01 2.821044999999999803e+00 2.691650000000000098e+00
9.228520000000000056e-01 1.881104000000000109e+00 6.738279999999999825e-01 2.827148000000000216e+00 2.670898000000000216e+00
9.277339999999999476e-01 1.882324000000000108e+00 6.787109999999999532e-01 2.828368999999999911e+00 2.690430000000000099e+00
9.362789999999999724e-01 1.882324000000000108e+00 6.799319999999999808e-01 2.827148000000000216e+00 2.672118999999999911e+00
9.460450000000000248e-01 1.884765999999999941e+00 6.835940000000000349e-01 2.828368999999999911e+00 2.684325999999999990e+00
9.680180000000000451e-01 1.889647999999999994e+00 6.896970000000000045e-01 2.832031000000000187e+00 2.690430000000000099e+00
9.960940000000000349e-01 1.894530999999999965e+00 7.019039999999999724e-01 2.836914000000000158e+00 2.691650000000000098e+00
1.031493999999999911e+00 1.901855000000000073e+00 7.128910000000000524e-01 2.849120999999999793e+00 2.700194999999999901e+00
1.075439000000000034e+00 1.912841999999999931e+00 7.238769999999999927e-01 2.866210999999999842e+00 2.709960999999999842e+00
1.121825999999999990e+00 1.928711000000000064e+00 7.385249999999999870e-01 2.877196999999999782e+00 2.720946999999999782e+00
1.166992000000000029e+00 1.938477000000000006e+00 7.531740000000000101e-01 2.895507999999999971e+00 2.719726999999999784e+00
1.206055000000000099e+00 1.958007999999999971e+00 7.629390000000000338e-01 2.915039000000000158e+00 2.734375000000000000e+00
1.235352000000000006e+00 1.967772999999999994e+00 7.714839999999999476e-01 2.934569999999999901e+00 2.749023000000000216e+00
1.256104000000000109e+00 1.982421999999999906e+00 7.763670000000000293e-01 2.944335999999999842e+00 2.758789000000000158e+00
1.274413999999999936e+00 1.988525000000000098e+00 7.775879999999999459e-01 2.955321999999999782e+00 2.769775000000000098e+00
1.280518000000000045e+00 1.997069999999999901e+00 7.763670000000000293e-01 2.968750000000000000e+00 2.762450999999999990e+00
1.284180000000000099e+00 2.006835999999999842e+00 7.763670000000000293e-01 2.973632999999999971e+00 2.780762000000000178e+00
1.284180000000000099e+00 2.008056999999999981e+00 7.763670000000000293e-01 2.983398000000000216e+00 2.790526999999999980e+00
1.284180000000000099e+00 2.016601999999999784e+00 7.727049999999999752e-01 2.993164000000000158e+00 2.799071999999999782e+00
1.284180000000000099e+00 2.016601999999999784e+00 7.727049999999999752e-01 2.993164000000000158e+00 2.799071999999999782e+00
1.274413999999999936e+00 2.017821999999999782e+00 7.727049999999999752e-01 2.993164000000000158e+00 2.797851999999999784e+00
1.264647999999999994e+00 2.017821999999999782e+00 7.678220000000000045e-01 2.996825999999999990e+00 2.807617000000000029e+00
1.250000000000000000e+00 2.020264000000000060e+00 7.629390000000000338e-01 2.993164000000000158e+00 2.788085999999999842e+00
1.235352000000000006e+00 2.016601999999999784e+00 7.580569999999999808e-01 2.993164000000000158e+00 2.789306999999999981e+00
1.219481999999999955e+00 2.016601999999999784e+00 7.519529999999999825e-01 2.993164000000000158e+00 2.789306999999999981e+00
1.206055000000000099e+00 2.016601999999999784e+00 7.482910000000000394e-01 2.993164000000000158e+00 2.797851999999999784e+00
1.190185999999999966e+00 2.011718999999999813e+00 7.434079999999999577e-01 2.983398000000000216e+00 2.789306999999999981e+00
1.177979000000000109e+00 2.006835999999999842e+00 7.385249999999999870e-01 2.983398000000000216e+00 2.789306999999999981e+00
1.176757999999999971e+00 2.006835999999999842e+00 7.373049999999999882e-01 2.974854000000000109e+00 2.799071999999999782e+00
1.176757999999999971e+00 2.006835999999999842e+00 7.373049999999999882e-01 2.978515999999999941e+00 2.778319999999999901e+00
1.177979000000000109e+00 2.006835999999999842e+00 7.373049999999999882e-01 2.973632999999999971e+00 2.778319999999999901e+00
1.180420000000000025e+00 2.006835999999999842e+00 7.373049999999999882e-01 2.973632999999999971e+00 2.779541000000000039e+00
1.186522999999999994e+00 2.006835999999999842e+00 7.385249999999999870e-01 2.973632999999999971e+00 2.788085999999999842e+00
1.180420000000000025e+00 2.009276999999999980e+00 7.373049999999999882e-01 2.973632999999999971e+00 2.788085999999999842e+00
1.176757999999999971e+00 2.006835999999999842e+00 7.373049999999999882e-01 2.973632999999999971e+00 2.781982000000000177e+00
1.176757999999999971e+00 2.011718999999999813e+00 7.336430000000000451e-01 2.973632999999999971e+00 2.789306999999999981e+00
1.171875000000000000e+00 2.006835999999999842e+00 7.324220000000000175e-01 2.973632999999999971e+00 2.788085999999999842e+00
1.176757999999999971e+00 2.008056999999999981e+00 7.312009999999999899e-01 2.968750000000000000e+00 2.788085999999999842e+00
1.173095999999999917e+00 2.008056999999999981e+00 7.287599999999999634e-01 2.973632999999999971e+00 2.788085999999999842e+00
1.169434000000000085e+00 2.008056999999999981e+00 7.287599999999999634e-01 2.973632999999999971e+00 2.788085999999999842e+00
1.166992000000000029e+00 2.006835999999999842e+00 7.287599999999999634e-01 2.973632999999999971e+00 2.781982000000000177e+00
1.158447000000000005e+00 2.006835999999999842e+00 7.275390000000000468e-01 2.973632999999999971e+00 2.788085999999999842e+00
1.157227000000000006e+00 2.006835999999999842e+00 7.238769999999999927e-01 2.968750000000000000e+00 2.788085999999999842e+00
1.159667999999999921e+00 2.009276999999999980e+00 7.238769999999999927e-01 2.973632999999999971e+00 2.783202999999999872e+00
1.168212999999999946e+00 2.006835999999999842e+00 7.275390000000000468e-01 2.968750000000000000e+00 2.788085999999999842e+00
1.177979000000000109e+00 2.008056999999999981e+00 7.287599999999999634e-01 2.968750000000000000e+00 2.788085999999999842e+00
1.187743999999999911e+00 2.010498000000000118e+00 7.324220000000000175e-01 2.973632999999999971e+00 2.788085999999999842e+00
1.197510000000000074e+00 2.016601999999999784e+00 7.336430000000000451e-01 2.973632999999999971e+00 2.788085999999999842e+00
1.206055000000000099e+00 2.016601999999999784e+00 7.373049999999999882e-01 2.973632999999999971e+00 2.784424000000000010e+00
1.206055000000000099e+00 2.017821999999999782e+00 7.385249999999999870e-01 2.983398000000000216e+00 2.794188999999999812e+00
1.207275000000000098e+00 2.026367000000000029e+00 7.385249999999999870e-01 2.983398000000000216e+00 2.799071999999999782e+00
1.207275000000000098e+00 2.026367000000000029e+00 7.385249999999999870e-01 2.983398000000000216e+00 2.797851999999999784e+00
1.207275000000000098e+00 2.026367000000000029e+00 7.385249999999999870e-01 2.983398000000000216e+00 2.797851999999999784e+00
1.206055000000000099e+00 2.026367000000000029e+00 7.373049999999999882e-01 2.983398000000000216e+00 2.792968999999999813e+00
1.201171999999999906e+00 2.026367000000000029e+00 7.373049999999999882e-01 2.983398000000000216e+00 2.797851999999999784e+00
1.197510000000000074e+00 2.026367000000000029e+00 7.373049999999999882e-01 2.983398000000000216e+00 2.797851999999999784e+00
1.196288999999999936e+00 2.026367000000000029e+00 7.373049999999999882e-01 2.983398000000000216e+00 2.797851999999999784e+00
1.191405999999999965e+00 2.026367000000000029e+00 7.373049999999999882e-01 2.985840000000000050e+00 2.792968999999999813e+00
1.191405999999999965e+00 2.026367000000000029e+00 7.373049999999999882e-01 2.985840000000000050e+00 2.797851999999999784e+00
1.187743999999999911e+00 2.026367000000000029e+00 7.373049999999999882e-01 2.983398000000000216e+00 2.789306999999999981e+00
1.186522999999999994e+00 2.028808999999999862e+00 7.373049999999999882e-01 2.988281000000000187e+00 2.788085999999999842e+00
1.179199000000000108e+00 2.026367000000000029e+00 7.373049999999999882e-01 2.983398000000000216e+00 2.790526999999999980e+00
1.176757999999999971e+00 2.026367000000000029e+00 7.336430000000000451e-01 2.983398000000000216e+00 2.799071999999999782e+00
1.166992000000000029e+00 2.026367000000000029e+00 7.324220000000000175e-01 2.977294999999999803e+00 2.799071999999999782e+00
1.157227000000000006e+00 2.022705000000000197e+00 7.287599999999999634e-01 2.977294999999999803e+00 2.797851999999999784e+00
1.148681999999999981e+00 2.020264000000000060e+00 7.275390000000000468e-01 2.973632999999999971e+00 2.770995999999999793e+00
1.138916000000000039e+00 2.016601999999999784e+00 7.226559999999999651e-01 2.973632999999999971e+00 2.781982000000000177e+00
1.127930000000000099e+00 2.016601999999999784e+00 7.189940000000000220e-01 2.968750000000000000e+00 2.789306999999999981e+00
1.118163999999999936e+00 2.016601999999999784e+00 7.177729999999999944e-01 2.963867000000000029e+00 2.788085999999999842e+00
1.108397999999999994e+00 2.008056999999999981e+00 7.141110000000000513e-01 2.963867000000000029e+00 2.779541000000000039e+00
1.098632999999999971e+00 2.006835999999999842e+00 7.092289999999999983e-01 2.954101999999999784e+00 2.779541000000000039e+00
1.085204999999999975e+00 2.000732000000000177e+00 7.080079999999999707e-01 2.954101999999999784e+00 2.773438000000000070e+00
1.072997999999999896e+00 1.998291000000000039e+00 7.043460000000000276e-01 2.946776999999999980e+00 2.779541000000000039e+00
1.062011999999999956e+00 1.990966999999999931e+00 7.031250000000000000e-01 2.944335999999999842e+00 2.768555000000000099e+00
1.054688000000000070e+00 1.997069999999999901e+00 6.994629999999999459e-01 2.938232000000000177e+00 2.778319999999999901e+00
1.049805000000000099e+00 1.987305000000000099e+00 6.994629999999999459e-01 2.934569999999999901e+00 2.758789000000000158e+00
1.041260000000000074e+00 1.987305000000000099e+00 6.982420000000000293e-01 2.934569999999999901e+00 2.758789000000000158e+00
1.035155999999999965e+00 1.982421999999999906e+00 6.982420000000000293e-01 2.928466999999999931e+00 2.769775000000000098e+00
1.030272999999999994e+00 1.987305000000000099e+00 6.982420000000000293e-01 2.927245999999999793e+00 2.749023000000000216e+00
1.024170000000000025e+00 1.978760000000000074e+00 6.945799999999999752e-01 2.924805000000000099e+00 2.750243999999999911e+00
1.020507999999999971e+00 1.977538999999999936e+00 6.933589999999999476e-01 2.924805000000000099e+00 2.749023000000000216e+00
1.011962999999999946e+00 1.977538999999999936e+00 6.921389999999999487e-01 2.915039000000000158e+00 2.750243999999999911e+00
1.004639000000000060e+00 1.968993999999999911e+00 6.896970000000000045e-01 2.915039000000000158e+00 2.751465000000000050e+00
1.000977000000000006e+00 1.967772999999999994e+00 6.884770000000000056e-01 2.915039000000000158e+00 2.751465000000000050e+00
9.912109999999999532e-01 1.967772999999999994e+00 6.884770000000000056e-01 2.908936000000000188e+00 2.760009999999999852e+00
9.912109999999999532e-01 1.967772999999999994e+00 6.884770000000000056e-01 2.908936000000000188e+00 2.760009999999999852e+00
9.838869999999999560e-01 1.961670000000000025e+00 6.848140000000000338e-01 2.907715000000000050e+00 2.740479000000000109e+00
9.814450000000000118e-01 1.958007999999999971e+00 6.835940000000000349e-01 2.905273000000000216e+00 2.739257999999999971e+00
9.716799999999999882e-01 1.958007999999999971e+00 6.823730000000000073e-01 2.899169999999999803e+00 2.749023000000000216e+00
9.631349999999999634e-01 1.953125000000000000e+00 6.799319999999999808e-01 2.895507999999999971e+00 2.729492000000000029e+00
9.533690000000000220e-01 1.948242000000000029e+00 6.799319999999999808e-01 2.895507999999999971e+00 2.731933999999999862e+00
9.472660000000000524e-01 1.948242000000000029e+00 6.787109999999999532e-01 2.895507999999999971e+00 2.739257999999999971e+00
9.436039999999999983e-01 1.942139000000000060e+00 6.787109999999999532e-01 2.886963000000000168e+00 2.741699000000000108e+00
9.484860000000000513e-01 1.942139000000000060e+00 6.799319999999999808e-01 2.885742000000000029e+00 2.729492000000000029e+00
9.619140000000000468e-01 1.940917999999999921e+00 6.848140000000000338e-01 2.885742000000000029e+00 2.734375000000000000e+00
9.728999999999999870e-01 1.942139000000000060e+00 6.884770000000000056e-01 2.885742000000000029e+00 2.739257999999999971e+00
9.826660000000000394e-01 1.942139000000000060e+00 6.945799999999999752e-01 2.890625000000000000e+00 2.734375000000000000e+00
9.948730000000000073e-01 1.948242000000000029e+00 6.982420000000000293e-01 2.895507999999999971e+00 2.739257999999999971e+00
1.000977000000000006e+00 1.949462999999999946e+00 6.994629999999999459e-01 2.895507999999999971e+00 2.740479000000000109e+00
1.007079999999999975e+00 1.953125000000000000e+00 7.031250000000000000e-01 2.895507999999999971e+00 2.739257999999999971e+00
1.011962999999999946e+00 1.949462999999999946e+00 7.031250000000000000e-01 2.896729000000000109e+00 2.749023000000000216e+00
1.020507999999999971e+00 1.953125000000000000e+00 7.031250000000000000e-01 2.899169999999999803e+00 2.740479000000000109e+00
1.024170000000000025e+00 1.958007999999999971e+00 7.080079999999999707e-01 2.905273000000000216e+00 2.729492000000000029e+00
1.030272999999999994e+00 1.958007999999999971e+00 7.080079999999999707e-01 2.905273000000000216e+00 2.739257999999999971e+00
1.040038999999999936e+00 1.958007999999999971e+00 7.092289999999999983e-01 2.905273000000000216e+00 2.749023000000000216e+00
1.046143000000000045e+00 1.959229000000000109e+00 7.116700000000000248e-01 2.910156000000000187e+00 2.749023000000000216e+00
1.051025000000000098e+00 1.962890999999999941e+00 7.141110000000000513e-01 2.915039000000000158e+00 2.749023000000000216e+00
1.055908000000000069e+00 1.962890999999999941e+00 7.177729999999999944e-01 2.915039000000000158e+00 2.749023000000000216e+00
1.062011999999999956e+00 1.968993999999999911e+00 7.177729999999999944e-01 2.916259999999999852e+00 2.758789000000000158e+00
1.070556999999999981e+00 1.968993999999999911e+00 7.214359999999999662e-01 2.924805000000000099e+00 2.749023000000000216e+00
1.088867000000000029e+00 1.972655999999999965e+00 7.275390000000000468e-01 2.924805000000000099e+00 2.750243999999999911e+00
1.103515999999999941e+00 1.977538999999999936e+00 7.373049999999999882e-01 2.928466999999999931e+00 2.768555000000000099e+00
1.127930000000000099e+00 1.987305000000000099e+00 7.409670000000000423e-01 2.938232000000000177e+00 2.768555000000000099e+00
1.134033000000000069e+00 1.987305000000000099e+00 7.470700000000000118e-01 2.945556999999999981e+00 2.768555000000000099e+00
1.142578000000000094e+00 1.997069999999999901e+00 7.470700000000000118e-01 2.947998000000000118e+00 2.768555000000000099e+00
1.147461000000000064e+00 1.998291000000000039e+00 7.470700000000000118e-01 2.954101999999999784e+00 2.758789000000000158e+00
1.148681999999999981e+00 1.998291000000000039e+00 7.470700000000000118e-01 2.954101999999999784e+00 2.768555000000000099e+00
1.148681999999999981e+00 2.006835999999999842e+00 7.470700000000000118e-01 2.957764000000000060e+00 2.781982000000000177e+00
1.147461000000000064e+00 2.000732000000000177e+00 7.446289999999999853e-01 2.963867000000000029e+00 2.770995999999999793e+00
1.147461000000000064e+00 2.006835999999999842e+00 7.421879999999999589e-01 2.963867000000000029e+00 2.778319999999999901e+00
1.142578000000000094e+00 2.006835999999999842e+00 7.409670000000000423e-01 2.957764000000000060e+00 2.789306999999999981e+00
1.141356999999999955e+00 2.006835999999999842e+00 7.385249999999999870e-01 2.957764000000000060e+00 2.788085999999999842e+00
1.138916000000000039e+00 2.006835999999999842e+00 7.373049999999999882e-01 2.963867000000000029e+00 2.769775000000000098e+00
1.142578000000000094e+00 2.008056999999999981e+00 7.373049999999999882e-01 2.963867000000000029e+00 2.778319999999999901e+00
1.138916000000000039e+00 2.006835999999999842e+00 7.373049999999999882e-01 2.963867000000000029e+00 2.778319999999999901e+00
1.141356999999999955e+00 2.006835999999999842e+00 7.373049999999999882e-01 2.963867000000000029e+00 2.779541000000000039e+00
1.138916000000000039e+00 2.006835999999999842e+00 7.373049999999999882e-01 2.963867000000000029e+00 2.788085999999999842e+00
1.137694999999999901e+00 2.006835999999999842e+00 7.324220000000000175e-01 2.963867000000000029e+00 2.781982000000000177e+00
1.134033000000000069e+00 2.006835999999999842e+00 7.299799999999999622e-01 2.963867000000000029e+00 2.788085999999999842e+00
1.127930000000000099e+00 2.006835999999999842e+00 7.275390000000000468e-01 2.960205000000000197e+00 2.797851999999999784e+00
1.118163999999999936e+00 2.006835999999999842e+00 7.238769999999999927e-01 2.963867000000000029e+00 2.778319999999999901e+00
1.108397999999999994e+00 1.998291000000000039e+00 7.202150000000000496e-01 2.954101999999999784e+00 2.778319999999999901e+00
1.093750000000000000e+00 1.998291000000000039e+00 7.177729999999999944e-01 2.954101999999999784e+00 2.778319999999999901e+00
1.081542999999999921e+00 1.997069999999999901e+00 7.128910000000000524e-01 2.954101999999999784e+00 2.783202999999999872e+00
1.070556999999999981e+00 1.987305000000000099e+00 7.092289999999999983e-01 2.944335999999999842e+00 2.781982000000000177e+00
1.059569999999999901e+00 1.987305000000000099e+00 7.080079999999999707e-01 2.944335999999999842e+00 2.778319999999999901e+00
1.051025000000000098e+00 1.987305000000000099e+00 7.031250000000000000e-01 2.937012000000000178e+00 2.772216999999999931e+00
1.040038999999999936e+00 1.982421999999999906e+00 7.006839999999999735e-01 2.937012000000000178e+00 2.778319999999999901e+00
1.031493999999999911e+00 1.978760000000000074e+00 6.982420000000000293e-01 2.934569999999999901e+00 2.768555000000000099e+00
1.020507999999999971e+00 1.977538999999999936e+00 6.945799999999999752e-01 2.928466999999999931e+00 2.781982000000000177e+00
1.010742000000000029e+00 1.968993999999999911e+00 6.921389999999999487e-01 2.924805000000000099e+00 2.758789000000000158e+00
9.912109999999999532e-01 1.967772999999999994e+00 6.884770000000000056e-01 2.915039000000000158e+00 2.758789000000000158e+00
9.826660000000000394e-01 1.958007999999999971e+00 6.884770000000000056e-01 2.915039000000000158e+00 2.752686000000000188e+00
9.765629999999999589e-01 1.958007999999999971e+00 6.848140000000000338e-01 2.915039000000000158e+00 2.758789000000000158e+00
9.765629999999999589e-01 1.958007999999999971e+00 6.848140000000000338e-01 2.910156000000000187e+00 2.758789000000000158e+00
9.753420000000000423e-01 1.953125000000000000e+00 6.884770000000000056e-01 2.905273000000000216e+00 2.749023000000000216e+00
9.814450000000000118e-01 1.958007999999999971e+00 6.896970000000000045e-01 2.899169999999999803e+00 2.758789000000000158e+00
9.912109999999999532e-01 1.958007999999999971e+00 6.909180000000000321e-01 2.907715000000000050e+00 2.739257999999999971e+00
1.005859000000000059e+00 1.958007999999999971e+00 6.982420000000000293e-01 2.905273000000000216e+00 2.749023000000000216e+00
1.020507999999999971e+00 1.958007999999999971e+00 6.994629999999999459e-01 2.905273000000000216e+00 2.750243999999999911e+00
1.030272999999999994e+00 1.958007999999999971e+00 7.031250000000000000e-01 2.905273000000000216e+00 2.749023000000000216e+00
1.041260000000000074e+00 1.959229000000000109e+00 7.080079999999999707e-01 2.915039000000000158e+00 2.750243999999999911e+00
1.059569999999999901e+00 1.967772999999999994e+00 7.092289999999999983e-01 2.915039000000000158e+00 2.760009999999999852e+00
1.079102000000000006e+00 1.967772999999999994e+00 7.141110000000000513e-01 2.924805000000000099e+00 2.761229999999999851e+00
1.093750000000000000e+00 1.977538999999999936e+00 7.177729999999999944e-01 2.924805000000000099e+00 2.768555000000000099e+00
1.108397999999999994e+00 1.977538999999999936e+00 7.214359999999999662e-01 2.926025000000000098e+00 2.778319999999999901e+00
1.118163999999999936e+00 1.979980000000000073e+00 7.226559999999999651e-01 2.934569999999999901e+00 2.758789000000000158e+00
1.127930000000000099e+00 1.987305000000000099e+00 7.238769999999999927e-01 2.928466999999999931e+00 2.780762000000000178e+00
1.131591999999999931e+00 1.987305000000000099e+00 7.275390000000000468e-01 2.935791000000000039e+00 2.768555000000000099e+00
1.137694999999999901e+00 1.988525000000000098e+00 7.275390000000000468e-01 2.944335999999999842e+00 2.758789000000000158e+00
1.137694999999999901e+00 1.990966999999999931e+00 7.275390000000000468e-01 2.945556999999999981e+00 2.772216999999999931e+00
1.137694999999999901e+00 1.997069999999999901e+00 7.238769999999999927e-01 2.944335999999999842e+00 2.768555000000000099e+00
1.132813000000000070e+00 1.997069999999999901e+00 7.238769999999999927e-01 2.947998000000000118e+00 2.784424000000000010e+00
1.127930000000000099e+00 1.992188000000000070e+00 7.214359999999999662e-01 2.945556999999999981e+00 2.779541000000000039e+00
1.121825999999999990e+00 1.989746000000000015e+00 7.189940000000000220e-01 2.945556999999999981e+00 2.778319999999999901e+00
1.118163999999999936e+00 1.990966999999999931e+00 7.189940000000000220e-01 2.945556999999999981e+00 2.772216999999999931e+00
1.118163999999999936e+00 1.989746000000000015e+00 7.177729999999999944e-01 2.944335999999999842e+00 2.762450999999999990e+00
1.108397999999999994e+00 1.988525000000000098e+00 7.177729999999999944e-01 2.944335999999999842e+00 2.768555000000000099e+00
1.103515999999999941e+00 1.988525000000000098e+00 7.128910000000000524e-01 2.944335999999999842e+00 2.770995999999999793e+00
1.099854000000000109e+00 1.987305000000000099e+00 7.128910000000000524e-01 2.944335999999999842e+00 2.778319999999999901e+00
1.098632999999999971e+00 1.987305000000000099e+00 7.092289999999999983e-01 2.944335999999999842e+00 2.778319999999999901e+00
1.090087999999999946e+00 1.987305000000000099e+00 7.092289999999999983e-01 2.944335999999999842e+00 2.778319999999999901e+00
1.079102000000000006e+00 1.981200999999999990e+00 7.043460000000000276e-01 2.938232000000000177e+00 2.778319999999999901e+00
1.069336000000000064e+00 1.987305000000000099e+00 7.031250000000000000e-01 2.934569999999999901e+00 2.758789000000000158e+00
1.059569999999999901e+00 1.977538999999999936e+00 6.994629999999999459e-01 2.934569999999999901e+00 2.768555000000000099e+00
1.049805000000000099e+00 1.973877000000000104e+00 6.982420000000000293e-01 2.926025000000000098e+00 2.769775000000000098e+00
1.040038999999999936e+00 1.968993999999999911e+00 6.945799999999999752e-01 2.924805000000000099e+00 2.758789000000000158e+00
1.026610999999999940e+00 1.967772999999999994e+00 6.896970000000000045e-01 2.924805000000000099e+00 2.761229999999999851e+00
1.015625000000000000e+00 1.962890999999999941e+00 6.884770000000000056e-01 2.917479999999999851e+00 2.760009999999999852e+00
1.000977000000000006e+00 1.958007999999999971e+00 6.835940000000000349e-01 2.906493999999999911e+00 2.762450999999999990e+00
9.960940000000000349e-01 1.958007999999999971e+00 6.835940000000000349e-01 2.905273000000000216e+00 2.749023000000000216e+00
1.000977000000000006e+00 1.949462999999999946e+00 6.848140000000000338e-01 2.906493999999999911e+00 2.760009999999999852e+00
1.000977000000000006e+00 1.951904000000000083e+00 6.848140000000000338e-01 2.905273000000000216e+00 2.742919999999999803e+00
1.000977000000000006e+00 1.948242000000000029e+00 6.884770000000000056e-01 2.899169999999999803e+00 2.758789000000000158e+00
1.003417999999999921e+00 1.948242000000000029e+00 6.884770000000000056e-01 2.899169999999999803e+00 2.749023000000000216e+00
1.004639000000000060e+00 1.948242000000000029e+00 6.884770000000000056e-01 2.899169999999999803e+00 2.740479000000000109e+00
1.002197000000000005e+00 1.948242000000000029e+00 6.884770000000000056e-01 2.896729000000000109e+00 2.739257999999999971e+00
1.000977000000000006e+00 1.948242000000000029e+00 6.848140000000000338e-01 2.895507999999999971e+00 2.730713000000000168e+00
9.960940000000000349e-01 1.948242000000000029e+00 6.835940000000000349e-01 2.896729000000000109e+00 2.749023000000000216e+00
9.924319999999999808e-01 1.943359000000000059e+00 6.835940000000000349e-01 2.895507999999999971e+00 2.734375000000000000e+00
9.936519999999999797e-01 1.942139000000000060e+00 6.835940000000000349e-01 2.895507999999999971e+00 2.739257999999999971e+00
9.973140000000000338e-01 1.939697000000000005e+00 6.884770000000000056e-01 2.899169999999999803e+00 2.750243999999999911e+00
1.002197000000000005e+00 1.940917999999999921e+00 6.884770000000000056e-01 2.895507999999999971e+00 2.730713000000000168e+00
1.010742000000000029e+00 1.940917999999999921e+00 6.896970000000000045e-01 2.897949000000000108e+00 2.740479000000000109e+00
1.015625000000000000e+00 1.940917999999999921e+00 6.921389999999999487e-01 2.897949000000000108e+00 2.750243999999999911e+00
1.015625000000000000e+00 1.942139000000000060e+00 6.933589999999999476e-01 2.896729000000000109e+00 2.753906000000000187e+00
1.020507999999999971e+00 1.942139000000000060e+00 6.933589999999999476e-01 2.899169999999999803e+00 2.749023000000000216e+00
1.015625000000000000e+00 1.939697000000000005e+00 6.921389999999999487e-01 2.899169999999999803e+00 2.742919999999999803e+00
1.011962999999999946e+00 1.940917999999999921e+00 6.896970000000000045e-01 2.905273000000000216e+00 2.739257999999999971e+00
1.010742000000000029e+00 1.939697000000000005e+00 6.896970000000000045e-01 2.897949000000000108e+00 2.749023000000000216e+00
1.002197000000000005e+00 1.939697000000000005e+00 6.884770000000000056e-01 2.899169999999999803e+00 2.752686000000000188e+00
1.000977000000000006e+00 1.940917999999999921e+00 6.884770000000000056e-01 2.895507999999999971e+00 2.735596000000000139e+00
9.924319999999999808e-01 1.938477000000000006e+00 6.848140000000000338e-01 2.895507999999999971e+00 2.739257999999999971e+00
9.912109999999999532e-01 1.932372999999999896e+00 6.823730000000000073e-01 2.890625000000000000e+00 2.749023000000000216e+00
9.912109999999999532e-01 1.933594000000000035e+00 6.835940000000000349e-01 2.890625000000000000e+00 2.740479000000000109e+00
9.912109999999999532e-01 1.932372999999999896e+00 6.848140000000000338e-01 2.895507999999999971e+00 2.749023000000000216e+00
1.000977000000000006e+00 1.933594000000000035e+00 6.884770000000000056e-01 2.895507999999999971e+00 2.740479000000000109e+00
1.002197000000000005e+00 1.938477000000000006e+00 6.896970000000000045e-01 2.895507999999999971e+00 2.749023000000000216e+00
