1.599119999999999986e-01 1.396484000000000059e+00 5.554200000000000248e-01 2.235107000000000177e+00
1.611329999999999985e-01 1.396484000000000059e+00 5.554200000000000248e-01 2.233887000000000178e+00
1.611329999999999985e-01 1.396484000000000059e+00 5.554200000000000248e-01 2.233887000000000178e+00
1.611329999999999985e-01 1.401367000000000029e+00 5.566410000000000524e-01 2.233887000000000178e+00
1.611329999999999985e-01 1.396484000000000059e+00 5.566410000000000524e-01 2.233887000000000178e+00
1.623539999999999983e-01 1.401367000000000029e+00 5.566410000000000524e-01 2.235107000000000177e+00
1.623539999999999983e-01 1.401367000000000029e+00 5.566410000000000524e-01 2.233887000000000178e+00
1.647949999999999970e-01 1.401367000000000029e+00 5.578610000000000513e-01 2.235107000000000177e+00
1.660159999999999969e-01 1.401367000000000029e+00 5.578610000000000513e-01 2.241210999999999842e+00
1.696779999999999955e-01 1.401367000000000029e+00 5.578610000000000513e-01 2.241210999999999842e+00
1.721189999999999942e-01 1.401367000000000029e+00 5.615229999999999944e-01 2.241210999999999842e+00
1.745609999999999939e-01 1.406250000000000000e+00 5.615229999999999944e-01 2.241210999999999842e+00
1.782229999999999925e-01 1.406250000000000000e+00 5.627440000000000220e-01 2.241210999999999842e+00
1.818849999999999911e-01 1.406250000000000000e+00 5.627440000000000220e-01 2.243651999999999980e+00
1.867679999999999896e-01 1.406250000000000000e+00 5.639650000000000496e-01 2.244873000000000118e+00
1.904299999999999882e-01 1.407470999999999917e+00 5.664059999999999651e-01 2.250976999999999784e+00
1.953129999999999866e-01 1.411132999999999971e+00 5.664059999999999651e-01 2.250976999999999784e+00
2.001950000000000118e-01 1.412354000000000109e+00 5.676269999999999927e-01 2.250976999999999784e+00
2.050780000000000103e-01 1.416015999999999941e+00 5.712890000000000468e-01 2.252196999999999782e+00
2.111820000000000086e-01 1.417235999999999940e+00 5.712890000000000468e-01 2.260742000000000029e+00
2.160640000000000061e-01 1.420897999999999994e+00 5.712890000000000468e-01 2.260742000000000029e+00
2.209470000000000045e-01 1.422118999999999911e+00 5.725099999999999634e-01 2.263183999999999862e+00
2.270510000000000028e-01 1.425780999999999965e+00 5.725099999999999634e-01 2.264403999999999861e+00
2.331540000000000001e-01 1.425780999999999965e+00 5.761720000000000175e-01 2.270507999999999971e+00
2.380369999999999986e-01 1.430663999999999936e+00 5.761720000000000175e-01 2.270507999999999971e+00
2.429199999999999970e-01 1.431885000000000074e+00 5.761720000000000175e-01 2.270507999999999971e+00
2.490229999999999944e-01 1.433105000000000073e+00 5.773930000000000451e-01 2.274169999999999803e+00
2.539060000000000206e-01 1.435546999999999906e+00 5.773930000000000451e-01 2.280273000000000216e+00
2.587889999999999913e-01 1.440430000000000099e+00 5.773930000000000451e-01 2.280273000000000216e+00
2.648929999999999896e-01 1.440430000000000099e+00 5.786130000000000440e-01 2.280273000000000216e+00
2.697749999999999870e-01 1.444091999999999931e+00 5.810549999999999882e-01 2.290039000000000158e+00
2.746580000000000132e-01 1.450194999999999901e+00 5.822749999999999870e-01 2.290039000000000158e+00
2.832029999999999825e-01 1.450194999999999901e+00 5.834960000000000147e-01 2.290039000000000158e+00
2.905269999999999797e-01 1.453856999999999955e+00 5.847170000000000423e-01 2.299805000000000099e+00
2.990720000000000045e-01 1.459961000000000064e+00 5.871579999999999577e-01 2.299805000000000099e+00
3.088380000000000014e-01 1.461181999999999981e+00 5.908200000000000118e-01 2.303466999999999931e+00
3.173830000000000262e-01 1.469727000000000006e+00 5.908200000000000118e-01 2.309569999999999901e+00
3.283690000000000220e-01 1.474609000000000059e+00 5.932619999999999560e-01 2.313232000000000177e+00
3.381350000000000189e-01 1.479492000000000029e+00 5.944819999999999549e-01 2.319335999999999842e+00
3.478999999999999870e-01 1.483154000000000083e+00 5.969240000000000101e-01 2.324218999999999813e+00
3.564450000000000118e-01 1.489257999999999971e+00 6.005859999999999532e-01 2.329101999999999784e+00
3.662110000000000087e-01 1.491699000000000108e+00 6.005859999999999532e-01 2.331542999999999921e+00
3.759770000000000056e-01 1.499022999999999994e+00 6.005859999999999532e-01 2.338867000000000029e+00
3.857419999999999738e-01 1.500243999999999911e+00 6.018069999999999808e-01 2.348632999999999971e+00
3.955080000000000262e-01 1.508788999999999936e+00 6.042480000000000073e-01 2.348632999999999971e+00
4.052729999999999944e-01 1.513671999999999906e+00 6.054690000000000349e-01 2.352294999999999803e+00
4.150389999999999913e-01 1.518555000000000099e+00 6.066890000000000338e-01 2.358398000000000216e+00
4.248049999999999882e-01 1.519775000000000098e+00 6.103520000000000056e-01 2.368164000000000158e+00
4.321289999999999853e-01 1.528319999999999901e+00 6.103520000000000056e-01 2.369384999999999852e+00
4.406740000000000101e-01 1.529541000000000039e+00 6.103520000000000056e-01 2.377930000000000099e+00
4.492189999999999794e-01 1.538086000000000064e+00 6.115720000000000045e-01 2.380370999999999793e+00
4.589840000000000031e-01 1.539306999999999981e+00 6.115720000000000045e-01 2.387694999999999901e+00
4.650880000000000014e-01 1.547852000000000006e+00 6.127930000000000321e-01 2.391357000000000177e+00
4.736330000000000262e-01 1.547852000000000006e+00 6.140139999999999487e-01 2.397460999999999842e+00
4.833979999999999944e-01 1.557617000000000029e+00 6.201170000000000293e-01 2.407226999999999784e+00
5.029299999999999882e-01 1.560059000000000085e+00 6.262210000000000276e-01 2.408446999999999782e+00
5.334470000000000045e-01 1.569824000000000108e+00 6.445309999999999651e-01 2.421875000000000000e+00
5.822749999999999870e-01 1.590575999999999990e+00 6.689450000000000118e-01 2.446289000000000158e+00
6.506349999999999634e-01 1.616211000000000064e+00 6.933589999999999476e-01 2.469482000000000177e+00
7.385249999999999870e-01 1.655272999999999994e+00 7.238769999999999927e-01 2.514648000000000216e+00
8.361819999999999808e-01 1.694336000000000064e+00 7.568359999999999532e-01 2.563476999999999784e+00
9.423829999999999707e-01 1.744385000000000074e+00 7.922360000000000513e-01 2.622069999999999901e+00
1.043700999999999990e+00 1.801757999999999971e+00 8.264160000000000394e-01 2.690430000000000099e+00
1.132813000000000070e+00 1.853026999999999980e+00 8.557129999999999459e-01 2.758789000000000158e+00
1.206055000000000099e+00 1.900635000000000074e+00 8.740229999999999944e-01 2.827148000000000216e+00
1.259765999999999941e+00 1.948242000000000029e+00 8.874509999999999899e-01 2.875976999999999784e+00
1.303711000000000064e+00 1.977538999999999936e+00 8.935549999999999882e-01 2.924805000000000099e+00
1.333007999999999971e+00 2.010498000000000118e+00 8.984379999999999589e-01 2.957764000000000060e+00
1.353760000000000074e+00 2.036132999999999971e+00 9.033200000000000118e-01 2.987061000000000188e+00
1.372069999999999901e+00 2.056884999999999852e+00 9.033200000000000118e-01 3.012694999999999901e+00
1.383056999999999981e+00 2.075194999999999901e+00 8.972170000000000423e-01 3.033446999999999782e+00
1.391602000000000006e+00 2.086181999999999981e+00 8.947749999999999870e-01 3.051757999999999971e+00
1.391602000000000006e+00 2.095946999999999782e+00 8.874509999999999899e-01 3.061523000000000216e+00
1.391602000000000006e+00 2.104492000000000029e+00 8.801269999999999927e-01 3.071289000000000158e+00
1.391602000000000006e+00 2.114257999999999971e+00 8.740229999999999944e-01 3.081055000000000099e+00
1.383056999999999981e+00 2.114257999999999971e+00 8.642579999999999707e-01 3.081055000000000099e+00
1.376953000000000094e+00 2.114257999999999971e+00 8.569339999999999735e-01 3.082275000000000098e+00
1.372069999999999901e+00 2.114257999999999971e+00 8.471680000000000321e-01 3.084716999999999931e+00
1.365966999999999931e+00 2.114257999999999971e+00 8.410640000000000338e-01 3.084716999999999931e+00
1.362305000000000099e+00 2.114257999999999971e+00 8.349609999999999532e-01 3.090819999999999901e+00
1.354980000000000073e+00 2.114257999999999971e+00 8.288569999999999549e-01 3.090819999999999901e+00
1.352538999999999936e+00 2.114257999999999971e+00 8.251950000000000118e-01 3.090819999999999901e+00
1.347655999999999965e+00 2.114257999999999971e+00 8.190920000000000423e-01 3.084716999999999931e+00
1.343993999999999911e+00 2.117919999999999803e+00 8.166499999999999870e-01 3.082275000000000098e+00
1.342772999999999994e+00 2.116699000000000108e+00 8.154299999999999882e-01 3.082275000000000098e+00
1.342772999999999994e+00 2.115479000000000109e+00 8.117680000000000451e-01 3.081055000000000099e+00
1.337890999999999941e+00 2.115479000000000109e+00 8.093259999999999899e-01 3.081055000000000099e+00
1.335449000000000108e+00 2.114257999999999971e+00 8.056640000000000468e-01 3.081055000000000099e+00
1.333007999999999971e+00 2.114257999999999971e+00 8.020019999999999927e-01 3.077392999999999823e+00
1.324462999999999946e+00 2.114257999999999971e+00 7.958979999999999944e-01 3.081055000000000099e+00
1.317139000000000060e+00 2.109375000000000000e+00 7.897950000000000248e-01 3.071289000000000158e+00
1.313477000000000006e+00 2.105713000000000168e+00 7.861329999999999707e-01 3.071289000000000158e+00
1.306151999999999980e+00 2.104492000000000029e+00 7.861329999999999707e-01 3.071289000000000158e+00
1.303711000000000064e+00 2.104492000000000029e+00 7.824710000000000276e-01 3.061523000000000216e+00
1.298828000000000094e+00 2.104492000000000029e+00 7.812500000000000000e-01 3.061523000000000216e+00
1.296386999999999956e+00 2.104492000000000029e+00 7.824710000000000276e-01 3.061523000000000216e+00
1.296386999999999956e+00 2.104492000000000029e+00 7.800289999999999724e-01 3.061523000000000216e+00
1.293944999999999901e+00 2.098389000000000060e+00 7.775879999999999459e-01 3.061523000000000216e+00
1.289063000000000070e+00 2.097167999999999921e+00 7.763670000000000293e-01 3.055419999999999803e+00
1.289063000000000070e+00 2.095946999999999782e+00 7.763670000000000293e-01 3.055419999999999803e+00
1.284180000000000099e+00 2.097167999999999921e+00 7.714839999999999476e-01 3.052979000000000109e+00
1.275635000000000074e+00 2.094726999999999784e+00 7.678220000000000045e-01 3.051757999999999971e+00
1.269530999999999965e+00 2.091063999999999812e+00 7.666020000000000056e-01 3.046875000000000000e+00
1.264647999999999994e+00 2.084960999999999842e+00 7.580569999999999808e-01 3.043213000000000168e+00
1.256104000000000109e+00 2.084960999999999842e+00 7.531740000000000101e-01 3.041992000000000029e+00
1.245117000000000029e+00 2.077637000000000178e+00 7.470700000000000118e-01 3.034667999999999921e+00
1.235352000000000006e+00 2.075194999999999901e+00 7.409670000000000423e-01 3.032226999999999784e+00
1.220703000000000094e+00 2.066650000000000098e+00 7.348630000000000440e-01 3.022460999999999842e+00
1.207275000000000098e+00 2.060547000000000128e+00 7.287599999999999634e-01 3.022460999999999842e+00
1.196288999999999936e+00 2.055664000000000158e+00 7.226559999999999651e-01 3.012694999999999901e+00
1.186522999999999994e+00 2.047118999999999911e+00 7.177729999999999944e-01 3.004150000000000098e+00
1.171875000000000000e+00 2.038574000000000108e+00 7.092289999999999983e-01 3.002930000000000099e+00
1.157227000000000006e+00 2.036132999999999971e+00 7.043460000000000276e-01 2.993164000000000158e+00
1.147461000000000064e+00 2.026367000000000029e+00 6.994629999999999459e-01 2.983398000000000216e+00
1.129150000000000098e+00 2.016601999999999784e+00 6.945799999999999752e-01 2.976074000000000108e+00
1.118163999999999936e+00 2.016601999999999784e+00 6.896970000000000045e-01 2.973632999999999971e+00
1.104735999999999940e+00 2.006835999999999842e+00 6.884770000000000056e-01 2.963867000000000029e+00
1.091309000000000085e+00 1.997069999999999901e+00 6.799319999999999808e-01 2.955321999999999782e+00
1.079102000000000006e+00 1.988525000000000098e+00 6.750490000000000101e-01 2.954101999999999784e+00
1.065674000000000010e+00 1.987305000000000099e+00 6.726069999999999549e-01 2.944335999999999842e+00
1.051025000000000098e+00 1.977538999999999936e+00 6.689450000000000118e-01 2.934569999999999901e+00
1.040038999999999936e+00 1.968993999999999911e+00 6.640629999999999589e-01 2.927245999999999793e+00
1.025390999999999941e+00 1.960449000000000108e+00 6.603999999999999870e-01 2.918700999999999990e+00
1.011962999999999946e+00 1.953125000000000000e+00 6.591799999999999882e-01 2.919922000000000128e+00
1.000977000000000006e+00 1.948242000000000029e+00 6.506349999999999634e-01 2.905273000000000216e+00
9.838869999999999560e-01 1.938477000000000006e+00 6.494140000000000468e-01 2.899169999999999803e+00
9.728999999999999870e-01 1.929931999999999981e+00 6.457519999999999927e-01 2.895507999999999971e+00
9.619140000000000468e-01 1.922606999999999955e+00 6.445309999999999651e-01 2.885742000000000029e+00
9.436039999999999983e-01 1.918944999999999901e+00 6.408690000000000220e-01 2.875976999999999784e+00
9.326170000000000293e-01 1.909180000000000099e+00 6.396479999999999944e-01 2.867431999999999981e+00
9.228520000000000056e-01 1.901855000000000073e+00 6.359860000000000513e-01 2.860107000000000177e+00
9.082029999999999825e-01 1.899413999999999936e+00 6.335450000000000248e-01 2.858887000000000178e+00
8.947749999999999870e-01 1.889647999999999994e+00 6.311039999999999983e-01 2.846680000000000099e+00
8.837890000000000468e-01 1.883545000000000025e+00 6.298829999999999707e-01 2.840575999999999990e+00
8.740229999999999944e-01 1.879882999999999971e+00 6.298829999999999707e-01 2.841797000000000128e+00
8.593750000000000000e-01 1.871337999999999946e+00 6.262210000000000276e-01 2.829590000000000050e+00
8.496089999999999476e-01 1.870117000000000029e+00 6.237789999999999724e-01 2.821044999999999803e+00
8.386230000000000073e-01 1.860352000000000006e+00 6.237789999999999724e-01 2.817382999999999971e+00
8.264160000000000394e-01 1.854247999999999896e+00 6.225589999999999735e-01 2.811278999999999861e+00
8.166499999999999870e-01 1.855469000000000035e+00 6.213379999999999459e-01 2.807617000000000029e+00
8.068849999999999634e-01 1.842041000000000039e+00 6.213379999999999459e-01 2.799071999999999782e+00
8.007809999999999651e-01 1.840819999999999901e+00 6.213379999999999459e-01 2.797851999999999784e+00
7.897950000000000248e-01 1.834716999999999931e+00 6.201170000000000293e-01 2.797851999999999784e+00
7.812500000000000000e-01 1.832275000000000098e+00 6.201170000000000293e-01 2.788085999999999842e+00
7.763670000000000293e-01 1.824950999999999990e+00 6.201170000000000293e-01 2.781982000000000177e+00
7.666020000000000056e-01 1.822510000000000074e+00 6.201170000000000293e-01 2.772216999999999931e+00
7.568359999999999532e-01 1.821288999999999936e+00 6.201170000000000293e-01 2.770995999999999793e+00
7.482910000000000394e-01 1.815185999999999966e+00 6.164549999999999752e-01 2.768555000000000099e+00
7.385249999999999870e-01 1.811522999999999994e+00 6.152339999999999476e-01 2.768555000000000099e+00
7.287599999999999634e-01 1.804199000000000108e+00 6.140139999999999487e-01 2.758789000000000158e+00
7.189940000000000220e-01 1.801757999999999971e+00 6.127930000000000321e-01 2.751465000000000050e+00
7.092289999999999983e-01 1.796875000000000000e+00 6.115720000000000045e-01 2.750243999999999911e+00
7.006839999999999735e-01 1.796875000000000000e+00 6.103520000000000056e-01 2.746582000000000079e+00
6.909180000000000321e-01 1.791992000000000029e+00 6.103520000000000056e-01 2.740479000000000109e+00
6.799319999999999808e-01 1.783447000000000005e+00 6.066890000000000338e-01 2.733153999999999861e+00
6.701660000000000394e-01 1.782227000000000006e+00 6.066890000000000338e-01 2.729492000000000029e+00
6.603999999999999870e-01 1.777344000000000035e+00 6.054690000000000349e-01 2.729492000000000029e+00
6.518549999999999622e-01 1.773681999999999981e+00 6.042480000000000073e-01 2.720946999999999782e+00
6.433109999999999662e-01 1.772461000000000064e+00 6.042480000000000073e-01 2.722167999999999921e+00
6.323239999999999972e-01 1.763916000000000039e+00 6.018069999999999808e-01 2.719726999999999784e+00
6.250000000000000000e-01 1.762694999999999901e+00 6.018069999999999808e-01 2.709960999999999842e+00
6.201170000000000293e-01 1.759033000000000069e+00 6.018069999999999808e-01 2.709960999999999842e+00
6.103520000000000056e-01 1.754150000000000098e+00 6.005859999999999532e-01 2.701416000000000039e+00
6.042480000000000073e-01 1.755371000000000015e+00 6.005859999999999532e-01 2.705077999999999872e+00
5.969240000000000101e-01 1.752930000000000099e+00 6.005859999999999532e-01 2.700194999999999901e+00
5.908200000000000118e-01 1.744385000000000074e+00 6.005859999999999532e-01 2.692870999999999793e+00
5.847170000000000423e-01 1.743163999999999936e+00 6.005859999999999532e-01 2.690430000000000099e+00
5.822749999999999870e-01 1.743163999999999936e+00 6.018069999999999808e-01 2.690430000000000099e+00
6.042480000000000073e-01 1.752930000000000099e+00 6.213379999999999459e-01 2.690430000000000099e+00
6.628420000000000423e-01 1.772461000000000064e+00 6.628420000000000423e-01 2.700194999999999901e+00
7.482910000000000394e-01 1.804199000000000108e+00 7.080079999999999707e-01 2.719726999999999784e+00
8.447270000000000056e-01 1.840819999999999901e+00 7.482910000000000394e-01 2.749023000000000216e+00
9.423829999999999707e-01 1.879882999999999971e+00 7.873539999999999983e-01 2.788085999999999842e+00
1.049805000000000099e+00 1.922606999999999955e+00 8.251950000000000118e-01 2.827148000000000216e+00
1.147461000000000064e+00 1.970215000000000050e+00 8.691410000000000524e-01 2.875976999999999784e+00
1.250000000000000000e+00 2.020264000000000060e+00 9.082029999999999825e-01 2.924805000000000099e+00
1.342772999999999994e+00 2.075194999999999901e+00 9.423829999999999707e-01 2.973632999999999971e+00
1.430663999999999936e+00 2.124023000000000216e+00 9.728999999999999870e-01 3.023681999999999981e+00
1.499022999999999994e+00 2.163085999999999842e+00 9.948730000000000073e-01 3.071289000000000158e+00
1.549072000000000005e+00 2.202148000000000216e+00 1.002197000000000005e+00 3.111571999999999782e+00
1.589355000000000073e+00 2.231444999999999901e+00 1.004639000000000060e+00 3.149414000000000158e+00
1.610106999999999955e+00 2.250976999999999784e+00 1.000977000000000006e+00 3.168944999999999901e+00
1.625977000000000006e+00 2.265625000000000000e+00 9.912109999999999532e-01 3.188476999999999784e+00
1.627197000000000005e+00 2.272949000000000108e+00 9.814450000000000118e-01 3.208007999999999971e+00
1.627197000000000005e+00 2.281493999999999911e+00 9.667970000000000175e-01 3.220215000000000050e+00
1.625977000000000006e+00 2.290039000000000158e+00 9.558109999999999662e-01 3.220215000000000050e+00
1.625977000000000006e+00 2.290039000000000158e+00 9.448239999999999972e-01 3.227539000000000158e+00
1.616211000000000064e+00 2.292479999999999851e+00 9.375000000000000000e-01 3.237305000000000099e+00
1.616211000000000064e+00 2.293700999999999990e+00 9.326170000000000293e-01 3.237305000000000099e+00
1.606444999999999901e+00 2.293700999999999990e+00 9.228520000000000056e-01 3.237305000000000099e+00
1.597900000000000098e+00 2.299805000000000099e+00 9.143069999999999808e-01 3.237305000000000099e+00
1.597900000000000098e+00 2.299805000000000099e+00 9.082029999999999825e-01 3.237305000000000099e+00
1.586913999999999936e+00 2.292479999999999851e+00 8.947749999999999870e-01 3.237305000000000099e+00
1.577147999999999994e+00 2.291259999999999852e+00 8.850099999999999634e-01 3.242188000000000070e+00
1.567382999999999971e+00 2.290039000000000158e+00 8.776859999999999662e-01 3.229979999999999851e+00
1.552734000000000059e+00 2.290039000000000158e+00 8.666989999999999972e-01 3.231200999999999990e+00
1.539306999999999981e+00 2.280273000000000216e+00 8.557129999999999459e-01 3.227539000000000158e+00
1.528319999999999901e+00 2.280273000000000216e+00 8.471680000000000321e-01 3.221436000000000188e+00
1.513671999999999906e+00 2.272949000000000108e+00 8.386230000000000073e-01 3.218993999999999911e+00
1.500243999999999911e+00 2.265625000000000000e+00 8.312990000000000101e-01 3.218993999999999911e+00
1.490479000000000109e+00 2.261963000000000168e+00 8.276369999999999560e-01 3.208007999999999971e+00
1.484375000000000000e+00 2.260742000000000029e+00 8.251950000000000118e-01 3.212890999999999941e+00
1.479492000000000029e+00 2.253417999999999921e+00 8.251950000000000118e-01 3.199463000000000168e+00
1.470947000000000005e+00 2.250976999999999784e+00 8.215329999999999577e-01 3.198242000000000029e+00
1.463622999999999896e+00 2.250976999999999784e+00 8.190920000000000423e-01 3.201903999999999861e+00
1.459961000000000064e+00 2.244873000000000118e+00 8.166499999999999870e-01 3.189696999999999782e+00
1.450194999999999901e+00 2.241210999999999842e+00 8.117680000000000451e-01 3.188476999999999784e+00
1.441650000000000098e+00 2.241210999999999842e+00 8.068849999999999634e-01 3.188476999999999784e+00
1.431885000000000074e+00 2.232666000000000039e+00 8.020019999999999927e-01 3.183593999999999813e+00
1.422118999999999911e+00 2.231444999999999901e+00 7.958979999999999944e-01 3.178710999999999842e+00
1.412354000000000109e+00 2.225341999999999931e+00 7.897950000000000248e-01 3.170166000000000039e+00
1.401367000000000029e+00 2.221680000000000099e+00 7.861329999999999707e-01 3.168944999999999901e+00
1.391602000000000006e+00 2.213134999999999852e+00 7.775879999999999459e-01 3.160400000000000098e+00
1.376953000000000094e+00 2.211914000000000158e+00 7.727049999999999752e-01 3.159180000000000099e+00
1.363525000000000098e+00 2.202148000000000216e+00 7.666020000000000056e-01 3.149414000000000158e+00
1.352538999999999936e+00 2.193604000000000109e+00 7.604980000000000073e-01 3.149414000000000158e+00
1.342772999999999994e+00 2.192382999999999971e+00 7.568359999999999532e-01 3.139648000000000216e+00
1.328125000000000000e+00 2.182617000000000029e+00 7.495119999999999560e-01 3.132324000000000108e+00
1.314697000000000005e+00 2.174071999999999782e+00 7.470700000000000118e-01 3.129882999999999971e+00
1.303711000000000064e+00 2.169188999999999812e+00 7.385249999999999870e-01 3.120117000000000029e+00
1.289063000000000070e+00 2.163085999999999842e+00 7.373049999999999882e-01 3.112792999999999921e+00
1.278075999999999990e+00 2.155762000000000178e+00 7.287599999999999634e-01 3.110351999999999784e+00
1.265868999999999911e+00 2.147216999999999931e+00 7.238769999999999927e-01 3.100585999999999842e+00
1.250000000000000000e+00 2.138672000000000128e+00 7.189940000000000220e-01 3.094482000000000177e+00
1.235352000000000006e+00 2.133789000000000158e+00 7.128910000000000524e-01 3.083495999999999793e+00
1.219481999999999955e+00 2.124023000000000216e+00 7.080079999999999707e-01 3.081055000000000099e+00
1.206055000000000099e+00 2.114257999999999971e+00 7.031250000000000000e-01 3.071289000000000158e+00
1.187743999999999911e+00 2.109375000000000000e+00 6.982420000000000293e-01 3.062743999999999911e+00
1.176757999999999971e+00 2.104492000000000029e+00 6.945799999999999752e-01 3.051757999999999971e+00
1.176757999999999971e+00 2.104492000000000029e+00 6.945799999999999752e-01 3.051757999999999971e+00
1.160889000000000060e+00 2.094726999999999784e+00 6.896970000000000045e-01 3.052979000000000109e+00
1.148681999999999981e+00 2.084960999999999842e+00 6.884770000000000056e-01 3.041992000000000029e+00
1.132813000000000070e+00 2.075194999999999901e+00 6.848140000000000338e-01 3.033446999999999782e+00
1.119385000000000074e+00 2.069091999999999931e+00 6.799319999999999808e-01 3.032226999999999784e+00
1.108397999999999994e+00 2.065430000000000099e+00 6.787109999999999532e-01 3.022460999999999842e+00
1.093750000000000000e+00 2.055664000000000158e+00 6.738279999999999825e-01 3.013916000000000039e+00
1.079102000000000006e+00 2.048340000000000050e+00 6.701660000000000394e-01 3.006591999999999931e+00
1.065674000000000010e+00 2.039794999999999803e+00 6.689450000000000118e-01 3.006591999999999931e+00
1.051025000000000098e+00 2.036132999999999971e+00 6.640629999999999589e-01 2.993164000000000158e+00
1.040038999999999936e+00 2.027588000000000168e+00 6.628420000000000423e-01 2.988281000000000187e+00
1.024170000000000025e+00 2.017821999999999782e+00 6.603999999999999870e-01 2.983398000000000216e+00
1.011962999999999946e+00 2.016601999999999784e+00 6.591799999999999882e-01 2.973632999999999971e+00
9.863279999999999825e-01 2.000732000000000177e+00 6.542970000000000175e-01 2.963867000000000029e+00
9.753420000000000423e-01 1.997069999999999901e+00 6.518549999999999622e-01 2.957764000000000060e+00
9.631349999999999634e-01 1.988525000000000098e+00 6.506349999999999634e-01 2.954101999999999784e+00
9.521479999999999944e-01 1.987305000000000099e+00 6.494140000000000468e-01 2.944335999999999842e+00
9.423829999999999707e-01 1.977538999999999936e+00 6.494140000000000468e-01 2.937012000000000178e+00
9.326170000000000293e-01 1.972655999999999965e+00 6.469730000000000203e-01 2.934569999999999901e+00
9.179690000000000349e-01 1.967772999999999994e+00 6.433109999999999662e-01 2.928466999999999931e+00
9.082029999999999825e-01 1.959229000000000109e+00 6.408690000000000220e-01 2.924805000000000099e+00
8.959960000000000147e-01 1.958007999999999971e+00 6.408690000000000220e-01 2.917479999999999851e+00
8.850099999999999634e-01 1.949462999999999946e+00 6.396479999999999944e-01 2.915039000000000158e+00
8.740229999999999944e-01 1.948242000000000029e+00 6.359860000000000513e-01 2.905273000000000216e+00
8.642579999999999707e-01 1.942139000000000060e+00 6.359860000000000513e-01 2.905273000000000216e+00
8.557129999999999459e-01 1.938477000000000006e+00 6.323239999999999972e-01 2.895507999999999971e+00
8.447270000000000056e-01 1.929931999999999981e+00 6.298829999999999707e-01 2.895507999999999971e+00
8.312990000000000101e-01 1.922606999999999955e+00 6.298829999999999707e-01 2.886963000000000168e+00
8.203129999999999589e-01 1.918944999999999901e+00 6.274410000000000265e-01 2.885742000000000029e+00
8.093259999999999899e-01 1.911621000000000015e+00 6.250000000000000000e-01 2.875976999999999784e+00
7.995609999999999662e-01 1.909180000000000099e+00 6.237789999999999724e-01 2.875976999999999784e+00
7.885739999999999972e-01 1.903075999999999990e+00 6.225589999999999735e-01 2.871093999999999813e+00
7.800289999999999724e-01 1.899413999999999936e+00 6.213379999999999459e-01 2.857666000000000039e+00
7.678220000000000045e-01 1.892090000000000050e+00 6.201170000000000293e-01 2.861327999999999872e+00
7.580569999999999808e-01 1.889647999999999994e+00 6.201170000000000293e-01 2.850341999999999931e+00
7.507319999999999549e-01 1.881104000000000109e+00 6.201170000000000293e-01 2.846680000000000099e+00
7.385249999999999870e-01 1.879882999999999971e+00 6.164549999999999752e-01 2.840575999999999990e+00
7.324220000000000175e-01 1.879882999999999971e+00 6.164549999999999752e-01 2.836914000000000158e+00
7.214359999999999662e-01 1.870117000000000029e+00 6.164549999999999752e-01 2.836914000000000158e+00
7.128910000000000524e-01 1.870117000000000029e+00 6.152339999999999476e-01 2.827148000000000216e+00
7.043460000000000276e-01 1.861572000000000005e+00 6.140139999999999487e-01 2.822265999999999941e+00
6.982420000000000293e-01 1.862792999999999921e+00 6.140139999999999487e-01 2.818604000000000109e+00
6.896970000000000045e-01 1.854247999999999896e+00 6.127930000000000321e-01 2.817382999999999971e+00
6.823730000000000073e-01 1.851806999999999981e+00 6.115720000000000045e-01 2.811278999999999861e+00
6.750490000000000101e-01 1.850586000000000064e+00 6.103520000000000056e-01 2.807617000000000029e+00
6.591799999999999882e-01 1.840819999999999901e+00 6.103520000000000056e-01 2.800292999999999921e+00
6.530759999999999899e-01 1.835938000000000070e+00 6.103520000000000056e-01 2.797851999999999784e+00
6.445309999999999651e-01 1.835938000000000070e+00 6.079099999999999504e-01 2.797851999999999784e+00
6.359860000000000513e-01 1.831055000000000099e+00 6.066890000000000338e-01 2.788085999999999842e+00
6.298829999999999707e-01 1.826171999999999906e+00 6.066890000000000338e-01 2.788085999999999842e+00
6.250000000000000000e-01 1.824950999999999990e+00 6.066890000000000338e-01 2.788085999999999842e+00
6.164549999999999752e-01 1.821288999999999936e+00 6.054690000000000349e-01 2.779541000000000039e+00
6.018069999999999808e-01 1.812743999999999911e+00 6.042480000000000073e-01 2.770995999999999793e+00
5.969240000000000101e-01 1.811522999999999994e+00 6.030269999999999797e-01 2.770995999999999793e+00
5.908200000000000118e-01 1.805420000000000025e+00 6.018069999999999808e-01 2.768555000000000099e+00
5.834960000000000147e-01 1.802979000000000109e+00 6.005859999999999532e-01 2.768555000000000099e+00
5.773930000000000451e-01 1.801757999999999971e+00 6.018069999999999808e-01 2.760009999999999852e+00
5.712890000000000468e-01 1.801757999999999971e+00 6.005859999999999532e-01 2.760009999999999852e+00
5.627440000000000220e-01 1.793212999999999946e+00 6.005859999999999532e-01 2.758789000000000158e+00
5.578610000000000513e-01 1.796875000000000000e+00 6.005859999999999532e-01 2.749023000000000216e+00
5.529789999999999983e-01 1.791992000000000029e+00 6.005859999999999532e-01 2.749023000000000216e+00
5.480960000000000276e-01 1.785889000000000060e+00 6.005859999999999532e-01 2.749023000000000216e+00
5.432129999999999459e-01 1.783447000000000005e+00 5.969240000000000101e-01 2.739257999999999971e+00
5.383299999999999752e-01 1.782227000000000006e+00 5.969240000000000101e-01 2.740479000000000109e+00
5.334470000000000045e-01 1.777344000000000035e+00 5.969240000000000101e-01 2.739257999999999971e+00
5.322270000000000056e-01 1.774901999999999980e+00 5.969240000000000101e-01 2.739257999999999971e+00
5.236819999999999808e-01 1.777344000000000035e+00 5.969240000000000101e-01 2.729492000000000029e+00
5.224609999999999532e-01 1.766356999999999955e+00 5.969240000000000101e-01 2.729492000000000029e+00
5.187990000000000101e-01 1.772461000000000064e+00 5.969240000000000101e-01 2.729492000000000029e+00
5.139160000000000394e-01 1.766356999999999955e+00 5.969240000000000101e-01 2.723389000000000060e+00
5.126950000000000118e-01 1.763916000000000039e+00 5.969240000000000101e-01 2.720946999999999782e+00
5.090329999999999577e-01 1.762694999999999901e+00 5.957029999999999825e-01 2.719726999999999784e+00
5.053710000000000147e-01 1.762694999999999901e+00 5.969240000000000101e-01 2.719726999999999784e+00
5.029299999999999882e-01 1.762694999999999901e+00 5.969240000000000101e-01 2.719726999999999784e+00
4.992679999999999896e-01 1.756591999999999931e+00 5.969240000000000101e-01 2.719726999999999784e+00
4.968259999999999899e-01 1.754150000000000098e+00 5.957029999999999825e-01 2.712401999999999980e+00
4.931639999999999913e-01 1.752930000000000099e+00 5.969240000000000101e-01 2.709960999999999842e+00
4.931639999999999913e-01 1.752930000000000099e+00 5.969240000000000101e-01 2.703857000000000177e+00
4.907230000000000203e-01 1.752930000000000099e+00 5.969240000000000101e-01 2.703857000000000177e+00
4.895019999999999927e-01 1.746825999999999990e+00 5.969240000000000101e-01 2.701416000000000039e+00
4.882810000000000206e-01 1.746825999999999990e+00 5.969240000000000101e-01 2.701416000000000039e+00
4.870610000000000217e-01 1.744385000000000074e+00 6.005859999999999532e-01 2.701416000000000039e+00
4.846190000000000220e-01 1.743163999999999936e+00 5.969240000000000101e-01 2.700194999999999901e+00
4.833979999999999944e-01 1.743163999999999936e+00 5.969240000000000101e-01 2.700194999999999901e+00
4.797359999999999958e-01 1.743163999999999936e+00 5.969240000000000101e-01 2.700194999999999901e+00
4.797359999999999958e-01 1.743163999999999936e+00 5.969240000000000101e-01 2.700194999999999901e+00
4.797359999999999958e-01 1.743163999999999936e+00 5.969240000000000101e-01 2.694091999999999931e+00
4.772950000000000248e-01 1.738280999999999965e+00 5.969240000000000101e-01 2.700194999999999901e+00
4.760739999999999972e-01 1.735840000000000050e+00 5.969240000000000101e-01 2.691650000000000098e+00
4.748539999999999983e-01 1.734618999999999911e+00 5.969240000000000101e-01 2.692870999999999793e+00
4.736330000000000262e-01 1.733397999999999994e+00 5.969240000000000101e-01 2.690430000000000099e+00
4.699710000000000276e-01 1.733397999999999994e+00 5.969240000000000101e-01 2.690430000000000099e+00
4.687500000000000000e-01 1.733397999999999994e+00 5.969240000000000101e-01 2.690430000000000099e+00
4.663089999999999735e-01 1.733397999999999994e+00 5.957029999999999825e-01 2.690430000000000099e+00
4.650880000000000014e-01 1.727295000000000025e+00 5.957029999999999825e-01 2.685547000000000128e+00
4.638669999999999738e-01 1.727295000000000025e+00 5.957029999999999825e-01 2.680664000000000158e+00
4.602049999999999752e-01 1.724854000000000109e+00 5.957029999999999825e-01 2.680664000000000158e+00
4.577640000000000042e-01 1.733397999999999994e+00 5.944819999999999549e-01 2.680664000000000158e+00
4.553220000000000045e-01 1.723632999999999971e+00 5.944819999999999549e-01 2.680664000000000158e+00
4.541020000000000056e-01 1.723632999999999971e+00 5.944819999999999549e-01 2.680664000000000158e+00
4.504389999999999783e-01 1.718750000000000000e+00 5.920410000000000394e-01 2.674561000000000188e+00
4.492189999999999794e-01 1.718750000000000000e+00 5.920410000000000394e-01 2.675781000000000187e+00
4.455569999999999808e-01 1.718750000000000000e+00 5.920410000000000394e-01 2.673340000000000050e+00
4.443360000000000087e-01 1.713867000000000029e+00 5.920410000000000394e-01 2.675781000000000187e+00
4.443360000000000087e-01 1.713867000000000029e+00 5.920410000000000394e-01 2.675781000000000187e+00
4.406740000000000101e-01 1.713867000000000029e+00 5.932619999999999560e-01 2.670898000000000216e+00
4.382320000000000104e-01 1.713867000000000029e+00 5.920410000000000394e-01 2.664794999999999803e+00
4.357909999999999839e-01 1.713867000000000029e+00 5.908200000000000118e-01 2.670898000000000216e+00
4.345700000000000118e-01 1.705322000000000005e+00 5.908200000000000118e-01 2.662354000000000109e+00
4.272460000000000147e-01 1.704102000000000006e+00 5.908200000000000118e-01 2.661132999999999971e+00
4.248049999999999882e-01 1.704102000000000006e+00 5.896000000000000130e-01 2.661132999999999971e+00
4.211429999999999896e-01 1.704102000000000006e+00 5.908200000000000118e-01 2.661132999999999971e+00
4.187009999999999899e-01 1.704102000000000006e+00 5.883789999999999853e-01 2.661132999999999971e+00
4.162600000000000189e-01 1.699219000000000035e+00 5.908200000000000118e-01 2.656250000000000000e+00
4.125980000000000203e-01 1.694336000000000064e+00 5.871579999999999577e-01 2.651367000000000029e+00
4.101560000000000206e-01 1.694336000000000064e+00 5.871579999999999577e-01 2.656250000000000000e+00
4.052729999999999944e-01 1.689453000000000094e+00 5.859379999999999589e-01 2.646484000000000059e+00
4.016109999999999958e-01 1.685791000000000039e+00 5.859379999999999589e-01 2.642821999999999782e+00
3.991700000000000248e-01 1.684569999999999901e+00 5.859379999999999589e-01 2.645264000000000060e+00
3.955080000000000262e-01 1.684569999999999901e+00 5.847170000000000423e-01 2.641601999999999784e+00
3.930660000000000265e-01 1.684569999999999901e+00 5.859379999999999589e-01 2.641601999999999784e+00
3.906250000000000000e-01 1.684569999999999901e+00 5.847170000000000423e-01 2.633056999999999981e+00
3.894039999999999724e-01 1.678466999999999931e+00 5.847170000000000423e-01 2.633056999999999981e+00
3.894039999999999724e-01 1.678466999999999931e+00 5.847170000000000423e-01 2.633056999999999981e+00
3.869630000000000014e-01 1.676025000000000098e+00 5.822749999999999870e-01 2.631835999999999842e+00
3.833010000000000028e-01 1.674805000000000099e+00 5.834960000000000147e-01 2.631835999999999842e+00
3.820799999999999752e-01 1.674805000000000099e+00 5.847170000000000423e-01 2.631835999999999842e+00
3.796390000000000042e-01 1.674805000000000099e+00 5.847170000000000423e-01 2.631835999999999842e+00
3.771970000000000045e-01 1.668700999999999990e+00 5.847170000000000423e-01 2.625732000000000177e+00
3.759770000000000056e-01 1.667480000000000073e+00 5.847170000000000423e-01 2.625732000000000177e+00
3.735350000000000059e-01 1.667480000000000073e+00 5.847170000000000423e-01 2.622069999999999901e+00
3.723139999999999783e-01 1.665038999999999936e+00 5.847170000000000423e-01 2.622069999999999901e+00
3.710939999999999794e-01 1.666260000000000074e+00 5.834960000000000147e-01 2.622069999999999901e+00
3.698730000000000073e-01 1.665038999999999936e+00 5.822749999999999870e-01 2.622069999999999901e+00
3.674319999999999808e-01 1.665038999999999936e+00 5.834960000000000147e-01 2.615966999999999931e+00
3.662110000000000087e-01 1.665038999999999936e+00 5.847170000000000423e-01 2.615966999999999931e+00
3.662110000000000087e-01 1.660155999999999965e+00 5.847170000000000423e-01 2.614745999999999793e+00
3.625490000000000101e-01 1.660155999999999965e+00 5.847170000000000423e-01 2.613525000000000098e+00
3.625490000000000101e-01 1.656493999999999911e+00 5.847170000000000423e-01 2.612305000000000099e+00
3.601070000000000104e-01 1.655272999999999994e+00 5.847170000000000423e-01 2.612305000000000099e+00
3.601070000000000104e-01 1.655272999999999994e+00 5.822749999999999870e-01 2.612305000000000099e+00
3.564450000000000118e-01 1.655272999999999994e+00 5.822749999999999870e-01 2.606200999999999990e+00
3.564450000000000118e-01 1.649170000000000025e+00 5.822749999999999870e-01 2.603759999999999852e+00
3.527830000000000132e-01 1.647949000000000108e+00 5.822749999999999870e-01 2.603759999999999852e+00
3.515630000000000144e-01 1.649170000000000025e+00 5.822749999999999870e-01 2.603759999999999852e+00
3.515630000000000144e-01 1.645507999999999971e+00 5.822749999999999870e-01 2.602539000000000158e+00
3.491210000000000147e-01 1.649170000000000025e+00 5.822749999999999870e-01 2.602539000000000158e+00
3.491210000000000147e-01 1.645507999999999971e+00 5.822749999999999870e-01 2.602539000000000158e+00
3.478999999999999870e-01 1.645507999999999971e+00 5.822749999999999870e-01 2.602539000000000158e+00
3.478999999999999870e-01 1.645507999999999971e+00 5.822749999999999870e-01 2.597656000000000187e+00
3.466799999999999882e-01 1.641845999999999917e+00 5.810549999999999882e-01 2.593993999999999911e+00
3.466799999999999882e-01 1.645507999999999971e+00 5.810549999999999882e-01 2.592773000000000216e+00
3.466799999999999882e-01 1.640625000000000000e+00 5.822749999999999870e-01 2.593993999999999911e+00
3.442379999999999884e-01 1.640625000000000000e+00 5.810549999999999882e-01 2.592773000000000216e+00
3.430179999999999896e-01 1.636962999999999946e+00 5.810549999999999882e-01 2.592773000000000216e+00
3.430179999999999896e-01 1.636962999999999946e+00 5.822749999999999870e-01 2.592773000000000216e+00
3.430179999999999896e-01 1.635742000000000029e+00 5.810549999999999882e-01 2.592773000000000216e+00
3.417970000000000175e-01 1.635742000000000029e+00 5.810549999999999882e-01 2.585449000000000108e+00
3.405759999999999899e-01 1.635742000000000029e+00 5.810549999999999882e-01 2.584229000000000109e+00
3.393550000000000177e-01 1.635742000000000029e+00 5.810549999999999882e-01 2.585449000000000108e+00
3.393550000000000177e-01 1.630859000000000059e+00 5.810549999999999882e-01 2.583007999999999971e+00
3.381350000000000189e-01 1.629639000000000060e+00 5.810549999999999882e-01 2.583007999999999971e+00
3.369139999999999913e-01 1.630859000000000059e+00 5.810549999999999882e-01 2.583007999999999971e+00
3.369139999999999913e-01 1.627197000000000005e+00 5.810549999999999882e-01 2.578125000000000000e+00
3.369139999999999913e-01 1.625977000000000006e+00 5.810549999999999882e-01 2.583007999999999971e+00
3.344730000000000203e-01 1.627197000000000005e+00 5.810549999999999882e-01 2.578125000000000000e+00
3.320310000000000206e-01 1.625977000000000006e+00 5.786130000000000440e-01 2.578125000000000000e+00
3.320310000000000206e-01 1.625977000000000006e+00 5.786130000000000440e-01 2.574463000000000168e+00
3.308110000000000217e-01 1.622314000000000034e+00 5.773930000000000451e-01 2.573242000000000029e+00
3.283690000000000220e-01 1.619872999999999896e+00 5.773930000000000451e-01 2.573242000000000029e+00
3.283690000000000220e-01 1.617431999999999981e+00 5.773930000000000451e-01 2.573242000000000029e+00
3.271479999999999944e-01 1.617431999999999981e+00 5.773930000000000451e-01 2.567139000000000060e+00
3.247070000000000234e-01 1.617431999999999981e+00 5.773930000000000451e-01 2.568359000000000059e+00
3.234859999999999958e-01 1.616211000000000064e+00 5.773930000000000451e-01 2.567139000000000060e+00
3.222659999999999969e-01 1.616211000000000064e+00 5.773930000000000451e-01 2.563476999999999784e+00
3.198239999999999972e-01 1.616211000000000064e+00 5.773930000000000451e-01 2.563476999999999784e+00
3.186039999999999983e-01 1.610106999999999955e+00 5.761720000000000175e-01 2.563476999999999784e+00
3.173830000000000262e-01 1.610106999999999955e+00 5.761720000000000175e-01 2.568359000000000059e+00
3.173830000000000262e-01 1.606444999999999901e+00 5.749509999999999899e-01 2.564696999999999782e+00
3.149410000000000265e-01 1.606444999999999901e+00 5.749509999999999899e-01 2.563476999999999784e+00
3.125000000000000000e-01 1.607666000000000039e+00 5.749509999999999899e-01 2.556151999999999980e+00
3.125000000000000000e-01 1.606444999999999901e+00 5.749509999999999899e-01 2.553710999999999842e+00
3.100589999999999735e-01 1.606444999999999901e+00 5.737299999999999622e-01 2.553710999999999842e+00
3.088380000000000014e-01 1.600341999999999931e+00 5.749509999999999899e-01 2.553710999999999842e+00
3.076169999999999738e-01 1.599121000000000015e+00 5.725099999999999634e-01 2.553710999999999842e+00
3.051760000000000028e-01 1.597900000000000098e+00 5.725099999999999634e-01 2.553710999999999842e+00
3.039549999999999752e-01 1.597900000000000098e+00 5.725099999999999634e-01 2.545166000000000039e+00
3.027340000000000031e-01 1.596680000000000099e+00 5.725099999999999634e-01 2.546387000000000178e+00
3.002929999999999766e-01 1.596680000000000099e+00 5.725099999999999634e-01 2.545166000000000039e+00
2.990720000000000045e-01 1.596680000000000099e+00 5.725099999999999634e-01 2.543944999999999901e+00
2.978520000000000056e-01 1.591796999999999906e+00 5.725099999999999634e-01 2.543944999999999901e+00
2.978520000000000056e-01 1.590575999999999990e+00 5.725099999999999634e-01 2.543944999999999901e+00
2.954100000000000059e-01 1.589355000000000073e+00 5.725099999999999634e-01 2.543944999999999901e+00
2.929689999999999794e-01 1.588135000000000074e+00 5.725099999999999634e-01 2.537841999999999931e+00
2.929689999999999794e-01 1.588135000000000074e+00 5.712890000000000468e-01 2.536620999999999793e+00
2.917480000000000073e-01 1.586913999999999936e+00 5.712890000000000468e-01 2.536620999999999793e+00
2.893069999999999808e-01 1.586913999999999936e+00 5.725099999999999634e-01 2.535400000000000098e+00
