1.794429999999999914e-01 1.484375000000000000e+00 5.664059999999999651e-01 2.310791000000000039e+00 2.299805000000000099e+00
1.794429999999999914e-01 1.484375000000000000e+00 5.664059999999999651e-01 2.313232000000000177e+00 2.299805000000000099e+00
1.782229999999999925e-01 1.484375000000000000e+00 5.664059999999999651e-01 2.310791000000000039e+00 2.294922000000000128e+00
1.782229999999999925e-01 1.483154000000000083e+00 5.664059999999999651e-01 2.312012000000000178e+00 2.303466999999999931e+00
1.782229999999999925e-01 1.484375000000000000e+00 5.676269999999999927e-01 2.313232000000000177e+00 2.322998000000000118e+00
1.794429999999999914e-01 1.484375000000000000e+00 5.664059999999999651e-01 2.312012000000000178e+00 2.320556999999999981e+00
1.794429999999999914e-01 1.483154000000000083e+00 5.664059999999999651e-01 2.310791000000000039e+00 2.312012000000000178e+00
1.782229999999999925e-01 1.484375000000000000e+00 5.664059999999999651e-01 2.313232000000000177e+00 2.310791000000000039e+00
1.782229999999999925e-01 1.484375000000000000e+00 5.664059999999999651e-01 2.309569999999999901e+00 2.301025000000000098e+00
1.782229999999999925e-01 1.483154000000000083e+00 5.676269999999999927e-01 2.312012000000000178e+00 2.319335999999999842e+00
1.782229999999999925e-01 1.484375000000000000e+00 5.664059999999999651e-01 2.312012000000000178e+00 2.319335999999999842e+00
1.794429999999999914e-01 1.483154000000000083e+00 5.664059999999999651e-01 2.319335999999999842e+00 2.319335999999999842e+00
1.782229999999999925e-01 1.481934000000000085e+00 5.676269999999999927e-01 2.310791000000000039e+00 2.319335999999999842e+00
1.782229999999999925e-01 1.484375000000000000e+00 5.664059999999999651e-01 2.309569999999999901e+00 2.309569999999999901e+00
1.782229999999999925e-01 1.484375000000000000e+00 5.676269999999999927e-01 2.310791000000000039e+00 2.309569999999999901e+00
1.794429999999999914e-01 1.484375000000000000e+00 5.676269999999999927e-01 2.310791000000000039e+00 2.304688000000000070e+00
1.794429999999999914e-01 1.484375000000000000e+00 5.676269999999999927e-01 2.310791000000000039e+00 2.304688000000000070e+00
1.794429999999999914e-01 1.484375000000000000e+00 5.676269999999999927e-01 2.309569999999999901e+00 2.321776999999999980e+00
1.782229999999999925e-01 1.484375000000000000e+00 5.676269999999999927e-01 2.312012000000000178e+00 2.332764000000000060e+00
1.782229999999999925e-01 1.483154000000000083e+00 5.664059999999999651e-01 2.310791000000000039e+00 2.329101999999999784e+00
1.794429999999999914e-01 1.484375000000000000e+00 5.676269999999999927e-01 2.310791000000000039e+00 2.309569999999999901e+00
1.794429999999999914e-01 1.485595999999999917e+00 5.664059999999999651e-01 2.314452999999999872e+00 2.309569999999999901e+00
1.806639999999999913e-01 1.484375000000000000e+00 5.676269999999999927e-01 2.310791000000000039e+00 2.309569999999999901e+00
1.806639999999999913e-01 1.484375000000000000e+00 5.676269999999999927e-01 2.309569999999999901e+00 2.309569999999999901e+00
1.806639999999999913e-01 1.484375000000000000e+00 5.676269999999999927e-01 2.312012000000000178e+00 2.319335999999999842e+00
1.806639999999999913e-01 1.484375000000000000e+00 5.676269999999999927e-01 2.310791000000000039e+00 2.312012000000000178e+00
1.806639999999999913e-01 1.484375000000000000e+00 5.676269999999999927e-01 2.309569999999999901e+00 2.319335999999999842e+00
1.806639999999999913e-01 1.484375000000000000e+00 5.676269999999999927e-01 2.314452999999999872e+00 2.321776999999999980e+00
1.806639999999999913e-01 1.484375000000000000e+00 5.676269999999999927e-01 2.310791000000000039e+00 2.329101999999999784e+00
1.806639999999999913e-01 1.484375000000000000e+00 5.676269999999999927e-01 2.310791000000000039e+00 2.309569999999999901e+00
1.806639999999999913e-01 1.484375000000000000e+00 5.676269999999999927e-01 2.310791000000000039e+00 2.303466999999999931e+00
1.806639999999999913e-01 1.488037000000000054e+00 5.676269999999999927e-01 2.310791000000000039e+00 2.309569999999999901e+00
1.806639999999999913e-01 1.484375000000000000e+00 5.676269999999999927e-01 2.312012000000000178e+00 2.309569999999999901e+00
1.818849999999999911e-01 1.484375000000000000e+00 5.676269999999999927e-01 2.309569999999999901e+00 2.319335999999999842e+00
1.818849999999999911e-01 1.489257999999999971e+00 5.676269999999999927e-01 2.312012000000000178e+00 2.320556999999999981e+00
1.818849999999999911e-01 1.484375000000000000e+00 5.676269999999999927e-01 2.310791000000000039e+00 2.313232000000000177e+00
1.831049999999999900e-01 1.484375000000000000e+00 5.676269999999999927e-01 2.310791000000000039e+00 2.313232000000000177e+00
1.831049999999999900e-01 1.489257999999999971e+00 5.676269999999999927e-01 2.310791000000000039e+00 2.319335999999999842e+00
1.831049999999999900e-01 1.489257999999999971e+00 5.676269999999999927e-01 2.310791000000000039e+00 2.303466999999999931e+00
1.831049999999999900e-01 1.484375000000000000e+00 5.676269999999999927e-01 2.312012000000000178e+00 2.319335999999999842e+00
1.843259999999999899e-01 1.489257999999999971e+00 5.676269999999999927e-01 2.313232000000000177e+00 2.313232000000000177e+00
1.843259999999999899e-01 1.489257999999999971e+00 5.676269999999999927e-01 2.310791000000000039e+00 2.310791000000000039e+00
1.855469999999999897e-01 1.489257999999999971e+00 5.676269999999999927e-01 2.310791000000000039e+00 2.309569999999999901e+00
1.867679999999999896e-01 1.489257999999999971e+00 5.712890000000000468e-01 2.312012000000000178e+00 2.303466999999999931e+00
1.879879999999999884e-01 1.489257999999999971e+00 5.712890000000000468e-01 2.313232000000000177e+00 2.313232000000000177e+00
1.892089999999999883e-01 1.489257999999999971e+00 5.712890000000000468e-01 2.319335999999999842e+00 2.319335999999999842e+00
1.904299999999999882e-01 1.490479000000000109e+00 5.712890000000000468e-01 2.313232000000000177e+00 2.319335999999999842e+00
1.916499999999999870e-01 1.489257999999999971e+00 5.712890000000000468e-01 2.313232000000000177e+00 2.303466999999999931e+00
1.928709999999999869e-01 1.490479000000000109e+00 5.712890000000000468e-01 2.319335999999999842e+00 2.312012000000000178e+00
1.940919999999999868e-01 1.489257999999999971e+00 5.712890000000000468e-01 2.319335999999999842e+00 2.329101999999999784e+00
1.965330000000000132e-01 1.489257999999999971e+00 5.725099999999999634e-01 2.319335999999999842e+00 2.329101999999999784e+00
1.977540000000000131e-01 1.489257999999999971e+00 5.725099999999999634e-01 2.319335999999999842e+00 2.330321999999999782e+00
2.001950000000000118e-01 1.491699000000000108e+00 5.737299999999999622e-01 2.319335999999999842e+00 2.329101999999999784e+00
2.026370000000000116e-01 1.492920000000000025e+00 5.725099999999999634e-01 2.319335999999999842e+00 2.329101999999999784e+00
2.050780000000000103e-01 1.494140999999999941e+00 5.737299999999999622e-01 2.318115000000000148e+00 2.321776999999999980e+00
2.087400000000000089e-01 1.495360999999999940e+00 5.749509999999999899e-01 2.321776999999999980e+00 2.332764000000000060e+00
2.111820000000000086e-01 1.499022999999999994e+00 5.749509999999999899e-01 2.321776999999999980e+00 2.344971000000000139e+00
2.148440000000000072e-01 1.499022999999999994e+00 5.761720000000000175e-01 2.320556999999999981e+00 2.338867000000000029e+00
2.197270000000000056e-01 1.500243999999999911e+00 5.773930000000000451e-01 2.329101999999999784e+00 2.329101999999999784e+00
2.221680000000000044e-01 1.503905999999999965e+00 5.810549999999999882e-01 2.329101999999999784e+00 2.329101999999999784e+00
2.294920000000000015e-01 1.508788999999999936e+00 5.810549999999999882e-01 2.329101999999999784e+00 2.330321999999999782e+00
2.343750000000000000e-01 1.508788999999999936e+00 5.822749999999999870e-01 2.329101999999999784e+00 2.338867000000000029e+00
2.404789999999999983e-01 1.508788999999999936e+00 5.847170000000000423e-01 2.330321999999999782e+00 2.330321999999999782e+00
2.478029999999999955e-01 1.513671999999999906e+00 5.859379999999999589e-01 2.338867000000000029e+00 2.329101999999999784e+00
2.551269999999999927e-01 1.518555000000000099e+00 5.908200000000000118e-01 2.338867000000000029e+00 2.330321999999999782e+00
2.636720000000000175e-01 1.519775000000000098e+00 5.908200000000000118e-01 2.343750000000000000e+00 2.338867000000000029e+00
2.722169999999999868e-01 1.522216999999999931e+00 5.920410000000000394e-01 2.343750000000000000e+00 2.343750000000000000e+00
2.795409999999999839e-01 1.529541000000000039e+00 5.932619999999999560e-01 2.348632999999999971e+00 2.358398000000000216e+00
2.893069999999999808e-01 1.531981999999999955e+00 5.957029999999999825e-01 2.349854000000000109e+00 2.348632999999999971e+00
2.990720000000000045e-01 1.538086000000000064e+00 5.969240000000000101e-01 2.358398000000000216e+00 2.342528999999999861e+00
3.088380000000000014e-01 1.539306999999999981e+00 5.969240000000000101e-01 2.360840000000000050e+00 2.368164000000000158e+00
3.173830000000000262e-01 1.542969000000000035e+00 6.005859999999999532e-01 2.368164000000000158e+00 2.358398000000000216e+00
3.271479999999999944e-01 1.547852000000000006e+00 6.005859999999999532e-01 2.369384999999999852e+00 2.352294999999999803e+00
3.332519999999999927e-01 1.550292999999999921e+00 6.005859999999999532e-01 2.377930000000000099e+00 2.363281000000000187e+00
3.417970000000000175e-01 1.557617000000000029e+00 6.018069999999999808e-01 2.377930000000000099e+00 2.377930000000000099e+00
3.503419999999999868e-01 1.557617000000000029e+00 6.005859999999999532e-01 2.379150000000000098e+00 2.368164000000000158e+00
3.564450000000000118e-01 1.558837999999999946e+00 6.018069999999999808e-01 2.381591999999999931e+00 2.358398000000000216e+00
3.613279999999999825e-01 1.561279000000000083e+00 6.018069999999999808e-01 2.387694999999999901e+00 2.358398000000000216e+00
3.662110000000000087e-01 1.567382999999999971e+00 6.018069999999999808e-01 2.390137000000000178e+00 2.368164000000000158e+00
3.698730000000000073e-01 1.567382999999999971e+00 6.005859999999999532e-01 2.392577999999999872e+00 2.369384999999999852e+00
3.759770000000000056e-01 1.568604000000000109e+00 6.005859999999999532e-01 2.397460999999999842e+00 2.377930000000000099e+00
3.759770000000000056e-01 1.569824000000000108e+00 6.005859999999999532e-01 2.397460999999999842e+00 2.374267999999999823e+00
3.796390000000000042e-01 1.569824000000000108e+00 6.005859999999999532e-01 2.398681999999999981e+00 2.387694999999999901e+00
3.820799999999999752e-01 1.577147999999999994e+00 6.005859999999999532e-01 2.402343999999999813e+00 2.368164000000000158e+00
3.857419999999999738e-01 1.577147999999999994e+00 5.969240000000000101e-01 2.407226999999999784e+00 2.381591999999999931e+00
3.857419999999999738e-01 1.577147999999999994e+00 6.005859999999999532e-01 2.407226999999999784e+00 2.391357000000000177e+00
3.894039999999999724e-01 1.577147999999999994e+00 5.969240000000000101e-01 2.407226999999999784e+00 2.398681999999999981e+00
3.894039999999999724e-01 1.577147999999999994e+00 5.969240000000000101e-01 2.407226999999999784e+00 2.397460999999999842e+00
3.918460000000000276e-01 1.577147999999999994e+00 5.969240000000000101e-01 2.409667999999999921e+00 2.391357000000000177e+00
3.918460000000000276e-01 1.577147999999999994e+00 5.969240000000000101e-01 2.410889000000000060e+00 2.397460999999999842e+00
3.955080000000000262e-01 1.578368999999999911e+00 5.969240000000000101e-01 2.410889000000000060e+00 2.379150000000000098e+00
3.967289999999999983e-01 1.578368999999999911e+00 5.969240000000000101e-01 2.416992000000000029e+00 2.377930000000000099e+00
3.979489999999999972e-01 1.578368999999999911e+00 5.969240000000000101e-01 2.416992000000000029e+00 2.387694999999999901e+00
3.991700000000000248e-01 1.579590000000000050e+00 5.969240000000000101e-01 2.416992000000000029e+00 2.390137000000000178e+00
4.016109999999999958e-01 1.578368999999999911e+00 5.969240000000000101e-01 2.419433999999999862e+00 2.407226999999999784e+00
4.052729999999999944e-01 1.582030999999999965e+00 5.969240000000000101e-01 2.421875000000000000e+00 2.398681999999999981e+00
4.052729999999999944e-01 1.583252000000000104e+00 6.005859999999999532e-01 2.421875000000000000e+00 2.391357000000000177e+00
4.077149999999999941e-01 1.586913999999999936e+00 6.005859999999999532e-01 2.426757999999999971e+00 2.407226999999999784e+00
4.101560000000000206e-01 1.586913999999999936e+00 6.005859999999999532e-01 2.426757999999999971e+00 2.397460999999999842e+00
4.150389999999999913e-01 1.586913999999999936e+00 6.005859999999999532e-01 2.426757999999999971e+00 2.398681999999999981e+00
4.150389999999999913e-01 1.586913999999999936e+00 6.005859999999999532e-01 2.426757999999999971e+00 2.397460999999999842e+00
4.162600000000000189e-01 1.588135000000000074e+00 6.005859999999999532e-01 2.426757999999999971e+00 2.397460999999999842e+00
4.199220000000000175e-01 1.588135000000000074e+00 6.005859999999999532e-01 2.427979000000000109e+00 2.391357000000000177e+00
4.211429999999999896e-01 1.589355000000000073e+00 6.005859999999999532e-01 2.430419999999999803e+00 2.392577999999999872e+00
4.223629999999999884e-01 1.591796999999999906e+00 6.005859999999999532e-01 2.436523000000000216e+00 2.398681999999999981e+00
4.248049999999999882e-01 1.590575999999999990e+00 6.005859999999999532e-01 2.436523000000000216e+00 2.397460999999999842e+00
4.248049999999999882e-01 1.590575999999999990e+00 6.005859999999999532e-01 2.436523000000000216e+00 2.398681999999999981e+00
4.248049999999999882e-01 1.596680000000000099e+00 6.005859999999999532e-01 2.436523000000000216e+00 2.398681999999999981e+00
4.248049999999999882e-01 1.596680000000000099e+00 6.005859999999999532e-01 2.436523000000000216e+00 2.398681999999999981e+00
4.248049999999999882e-01 1.593018000000000045e+00 6.005859999999999532e-01 2.437743999999999911e+00 2.397460999999999842e+00
4.248049999999999882e-01 1.596680000000000099e+00 5.969240000000000101e-01 2.436523000000000216e+00 2.397460999999999842e+00
4.260249999999999870e-01 1.596680000000000099e+00 5.969240000000000101e-01 2.436523000000000216e+00 2.398681999999999981e+00
4.248049999999999882e-01 1.596680000000000099e+00 5.969240000000000101e-01 2.436523000000000216e+00 2.407226999999999784e+00
4.248049999999999882e-01 1.596680000000000099e+00 5.957029999999999825e-01 2.437743999999999911e+00 2.398681999999999981e+00
4.248049999999999882e-01 1.596680000000000099e+00 5.969240000000000101e-01 2.437743999999999911e+00 2.387694999999999901e+00
4.248049999999999882e-01 1.590575999999999990e+00 5.957029999999999825e-01 2.438965000000000050e+00 2.387694999999999901e+00
4.223629999999999884e-01 1.593018000000000045e+00 5.957029999999999825e-01 2.441406000000000187e+00 2.397460999999999842e+00
4.199220000000000175e-01 1.596680000000000099e+00 5.957029999999999825e-01 2.446289000000000158e+00 2.399901999999999980e+00
4.211429999999999896e-01 1.596680000000000099e+00 5.944819999999999549e-01 2.437743999999999911e+00 2.416992000000000029e+00
4.199220000000000175e-01 1.596680000000000099e+00 5.944819999999999549e-01 2.438965000000000050e+00 2.399901999999999980e+00
4.199220000000000175e-01 1.591796999999999906e+00 5.944819999999999549e-01 2.441406000000000187e+00 2.419433999999999862e+00
4.199220000000000175e-01 1.591796999999999906e+00 5.944819999999999549e-01 2.446289000000000158e+00 2.426757999999999971e+00
4.187009999999999899e-01 1.596680000000000099e+00 5.944819999999999549e-01 2.437743999999999911e+00 2.416992000000000029e+00
4.174800000000000177e-01 1.590575999999999990e+00 5.944819999999999549e-01 2.440186000000000188e+00 2.397460999999999842e+00
4.162600000000000189e-01 1.590575999999999990e+00 5.932619999999999560e-01 2.440186000000000188e+00 2.387694999999999901e+00
4.162600000000000189e-01 1.590575999999999990e+00 5.932619999999999560e-01 2.441406000000000187e+00 2.387694999999999901e+00
4.162600000000000189e-01 1.596680000000000099e+00 5.920410000000000394e-01 2.441406000000000187e+00 2.397460999999999842e+00
4.150389999999999913e-01 1.590575999999999990e+00 5.957029999999999825e-01 2.437743999999999911e+00 2.398681999999999981e+00
4.150389999999999913e-01 1.589355000000000073e+00 5.920410000000000394e-01 2.441406000000000187e+00 2.391357000000000177e+00
4.125980000000000203e-01 1.590575999999999990e+00 5.920410000000000394e-01 2.440186000000000188e+00 2.408446999999999782e+00
4.101560000000000206e-01 1.590575999999999990e+00 5.920410000000000394e-01 2.437743999999999911e+00 2.397460999999999842e+00
4.101560000000000206e-01 1.590575999999999990e+00 5.920410000000000394e-01 2.437743999999999911e+00 2.387694999999999901e+00
4.101560000000000206e-01 1.589355000000000073e+00 5.920410000000000394e-01 2.438965000000000050e+00 2.391357000000000177e+00
4.077149999999999941e-01 1.588135000000000074e+00 5.920410000000000394e-01 2.436523000000000216e+00 2.409667999999999921e+00
4.064940000000000220e-01 1.588135000000000074e+00 5.908200000000000118e-01 2.436523000000000216e+00 2.418213000000000168e+00
4.064940000000000220e-01 1.588135000000000074e+00 5.908200000000000118e-01 2.437743999999999911e+00 2.407226999999999784e+00
4.052729999999999944e-01 1.588135000000000074e+00 5.908200000000000118e-01 2.437743999999999911e+00 2.388916000000000039e+00
4.028320000000000234e-01 1.586913999999999936e+00 5.908200000000000118e-01 2.436523000000000216e+00 2.387694999999999901e+00
4.016109999999999958e-01 1.586913999999999936e+00 5.908200000000000118e-01 2.438965000000000050e+00 2.397460999999999842e+00
4.016109999999999958e-01 1.586913999999999936e+00 5.908200000000000118e-01 2.436523000000000216e+00 2.398681999999999981e+00
4.003909999999999969e-01 1.586913999999999936e+00 5.908200000000000118e-01 2.436523000000000216e+00 2.402343999999999813e+00
3.991700000000000248e-01 1.586913999999999936e+00 5.908200000000000118e-01 2.436523000000000216e+00 2.409667999999999921e+00
3.967289999999999983e-01 1.586913999999999936e+00 5.908200000000000118e-01 2.441406000000000187e+00 2.416992000000000029e+00
3.955080000000000262e-01 1.586913999999999936e+00 5.908200000000000118e-01 2.436523000000000216e+00 2.408446999999999782e+00
3.955080000000000262e-01 1.586913999999999936e+00 5.908200000000000118e-01 2.436523000000000216e+00 2.403563999999999812e+00
3.942869999999999986e-01 1.586913999999999936e+00 5.908200000000000118e-01 2.436523000000000216e+00 2.416992000000000029e+00
3.918460000000000276e-01 1.586913999999999936e+00 5.908200000000000118e-01 2.436523000000000216e+00 2.407226999999999784e+00
3.906250000000000000e-01 1.583252000000000104e+00 5.908200000000000118e-01 2.436523000000000216e+00 2.407226999999999784e+00
3.894039999999999724e-01 1.582030999999999965e+00 5.871579999999999577e-01 2.436523000000000216e+00 2.407226999999999784e+00
3.869630000000000014e-01 1.582030999999999965e+00 5.871579999999999577e-01 2.437743999999999911e+00 2.399901999999999980e+00
3.857419999999999738e-01 1.582030999999999965e+00 5.871579999999999577e-01 2.436523000000000216e+00 2.407226999999999784e+00
3.857419999999999738e-01 1.582030999999999965e+00 5.871579999999999577e-01 2.436523000000000216e+00 2.407226999999999784e+00
3.820799999999999752e-01 1.578368999999999911e+00 5.871579999999999577e-01 2.430419999999999803e+00 2.401123000000000118e+00
3.820799999999999752e-01 1.578368999999999911e+00 5.871579999999999577e-01 2.430419999999999803e+00 2.407226999999999784e+00
3.796390000000000042e-01 1.578368999999999911e+00 5.871579999999999577e-01 2.436523000000000216e+00 2.397460999999999842e+00
3.784179999999999766e-01 1.578368999999999911e+00 5.871579999999999577e-01 2.427979000000000109e+00 2.391357000000000177e+00
3.759770000000000056e-01 1.578368999999999911e+00 5.859379999999999589e-01 2.429199000000000108e+00 2.398681999999999981e+00
3.759770000000000056e-01 1.577147999999999994e+00 5.859379999999999589e-01 2.429199000000000108e+00 2.397460999999999842e+00
3.735350000000000059e-01 1.578368999999999911e+00 5.859379999999999589e-01 2.427979000000000109e+00 2.391357000000000177e+00
3.710939999999999794e-01 1.577147999999999994e+00 5.859379999999999589e-01 2.426757999999999971e+00 2.397460999999999842e+00
3.698730000000000073e-01 1.577147999999999994e+00 5.871579999999999577e-01 2.426757999999999971e+00 2.399901999999999980e+00
3.674319999999999808e-01 1.577147999999999994e+00 5.859379999999999589e-01 2.426757999999999971e+00 2.407226999999999784e+00
3.662110000000000087e-01 1.577147999999999994e+00 5.847170000000000423e-01 2.426757999999999971e+00 2.407226999999999784e+00
3.662110000000000087e-01 1.577147999999999994e+00 5.847170000000000423e-01 2.426757999999999971e+00 2.407226999999999784e+00
3.625490000000000101e-01 1.577147999999999994e+00 5.834960000000000147e-01 2.426757999999999971e+00 2.398681999999999981e+00
3.601070000000000104e-01 1.571045000000000025e+00 5.847170000000000423e-01 2.426757999999999971e+00 2.402343999999999813e+00
3.576659999999999839e-01 1.571045000000000025e+00 5.834960000000000147e-01 2.426757999999999971e+00 2.408446999999999782e+00
3.564450000000000118e-01 1.569824000000000108e+00 5.822749999999999870e-01 2.421875000000000000e+00 2.401123000000000118e+00
3.564450000000000118e-01 1.567382999999999971e+00 5.822749999999999870e-01 2.426757999999999971e+00 2.416992000000000029e+00
3.527830000000000132e-01 1.568604000000000109e+00 5.822749999999999870e-01 2.426757999999999971e+00 2.407226999999999784e+00
3.503419999999999868e-01 1.567382999999999971e+00 5.822749999999999870e-01 2.419433999999999862e+00 2.407226999999999784e+00
3.491210000000000147e-01 1.567382999999999971e+00 5.822749999999999870e-01 2.418213000000000168e+00 2.397460999999999842e+00
3.478999999999999870e-01 1.567382999999999971e+00 5.822749999999999870e-01 2.418213000000000168e+00 2.387694999999999901e+00
3.466799999999999882e-01 1.567382999999999971e+00 5.810549999999999882e-01 2.416992000000000029e+00 2.379150000000000098e+00
3.430179999999999896e-01 1.567382999999999971e+00 5.810549999999999882e-01 2.416992000000000029e+00 2.387694999999999901e+00
3.405759999999999899e-01 1.562500000000000000e+00 5.810549999999999882e-01 2.416992000000000029e+00 2.387694999999999901e+00
3.381350000000000189e-01 1.567382999999999971e+00 5.810549999999999882e-01 2.416992000000000029e+00 2.392577999999999872e+00
3.369139999999999913e-01 1.561279000000000083e+00 5.810549999999999882e-01 2.416992000000000029e+00 2.399901999999999980e+00
3.344730000000000203e-01 1.562500000000000000e+00 5.810549999999999882e-01 2.410889000000000060e+00 2.409667999999999921e+00
3.332519999999999927e-01 1.560059000000000085e+00 5.810549999999999882e-01 2.416992000000000029e+00 2.397460999999999842e+00
3.308110000000000217e-01 1.561279000000000083e+00 5.810549999999999882e-01 2.409667999999999921e+00 2.397460999999999842e+00
3.283690000000000220e-01 1.558837999999999946e+00 5.810549999999999882e-01 2.409667999999999921e+00 2.391357000000000177e+00
3.271479999999999944e-01 1.558837999999999946e+00 5.773930000000000451e-01 2.410889000000000060e+00 2.402343999999999813e+00
3.259279999999999955e-01 1.560059000000000085e+00 5.786130000000000440e-01 2.407226999999999784e+00 2.390137000000000178e+00
3.234859999999999958e-01 1.557617000000000029e+00 5.773930000000000451e-01 2.412109000000000059e+00 2.407226999999999784e+00
3.222659999999999969e-01 1.557617000000000029e+00 5.786130000000000440e-01 2.407226999999999784e+00 2.397460999999999842e+00
3.210450000000000248e-01 1.557617000000000029e+00 5.773930000000000451e-01 2.407226999999999784e+00 2.397460999999999842e+00
3.198239999999999972e-01 1.551514000000000060e+00 5.773930000000000451e-01 2.407226999999999784e+00 2.391357000000000177e+00
3.186039999999999983e-01 1.557617000000000029e+00 5.773930000000000451e-01 2.407226999999999784e+00 2.402343999999999813e+00
3.173830000000000262e-01 1.552734000000000059e+00 5.786130000000000440e-01 2.402343999999999813e+00 2.402343999999999813e+00
3.173830000000000262e-01 1.552734000000000059e+00 5.773930000000000451e-01 2.402343999999999813e+00 2.407226999999999784e+00
3.173830000000000262e-01 1.552734000000000059e+00 5.786130000000000440e-01 2.402343999999999813e+00 2.391357000000000177e+00
3.137210000000000276e-01 1.552734000000000059e+00 5.773930000000000451e-01 2.398681999999999981e+00 2.407226999999999784e+00
3.137210000000000276e-01 1.551514000000000060e+00 5.773930000000000451e-01 2.398681999999999981e+00 2.381591999999999931e+00
3.137210000000000276e-01 1.551514000000000060e+00 5.773930000000000451e-01 2.401123000000000118e+00 2.387694999999999901e+00
3.137210000000000276e-01 1.549072000000000005e+00 5.773930000000000451e-01 2.398681999999999981e+00 2.369384999999999852e+00
3.125000000000000000e-01 1.549072000000000005e+00 5.773930000000000451e-01 2.398681999999999981e+00 2.369384999999999852e+00
3.137210000000000276e-01 1.549072000000000005e+00 5.810549999999999882e-01 2.397460999999999842e+00 2.368164000000000158e+00
3.137210000000000276e-01 1.549072000000000005e+00 5.798339999999999606e-01 2.398681999999999981e+00 2.377930000000000099e+00
3.125000000000000000e-01 1.549072000000000005e+00 5.810549999999999882e-01 2.397460999999999842e+00 2.368164000000000158e+00
3.137210000000000276e-01 1.549072000000000005e+00 5.810549999999999882e-01 2.397460999999999842e+00 2.371825999999999990e+00
3.125000000000000000e-01 1.549072000000000005e+00 5.810549999999999882e-01 2.397460999999999842e+00 2.387694999999999901e+00
3.137210000000000276e-01 1.550292999999999921e+00 5.786130000000000440e-01 2.397460999999999842e+00 2.381591999999999931e+00
3.137210000000000276e-01 1.549072000000000005e+00 5.810549999999999882e-01 2.397460999999999842e+00 2.391357000000000177e+00
3.137210000000000276e-01 1.547852000000000006e+00 5.810549999999999882e-01 2.397460999999999842e+00 2.397460999999999842e+00
3.137210000000000276e-01 1.550292999999999921e+00 5.786130000000000440e-01 2.397460999999999842e+00 2.387694999999999901e+00
3.137210000000000276e-01 1.549072000000000005e+00 5.810549999999999882e-01 2.397460999999999842e+00 2.387694999999999901e+00
3.137210000000000276e-01 1.551514000000000060e+00 5.810549999999999882e-01 2.397460999999999842e+00 2.379150000000000098e+00
3.149410000000000265e-01 1.557617000000000029e+00 5.810549999999999882e-01 2.402343999999999813e+00 2.382813000000000070e+00
3.173830000000000262e-01 1.550292999999999921e+00 5.810549999999999882e-01 2.391357000000000177e+00 2.391357000000000177e+00
3.173830000000000262e-01 1.549072000000000005e+00 5.810549999999999882e-01 2.397460999999999842e+00 2.387694999999999901e+00
3.173830000000000262e-01 1.549072000000000005e+00 5.810549999999999882e-01 2.397460999999999842e+00 2.382813000000000070e+00
3.173830000000000262e-01 1.547852000000000006e+00 5.810549999999999882e-01 2.399901999999999980e+00 2.397460999999999842e+00
3.186039999999999983e-01 1.550292999999999921e+00 5.810549999999999882e-01 2.397460999999999842e+00 2.384033000000000069e+00
3.186039999999999983e-01 1.549072000000000005e+00 5.810549999999999882e-01 2.398681999999999981e+00 2.397460999999999842e+00
3.186039999999999983e-01 1.551514000000000060e+00 5.810549999999999882e-01 2.397460999999999842e+00 2.377930000000000099e+00
3.186039999999999983e-01 1.551514000000000060e+00 5.810549999999999882e-01 2.397460999999999842e+00 2.379150000000000098e+00
3.210450000000000248e-01 1.551514000000000060e+00 5.810549999999999882e-01 2.397460999999999842e+00 2.379150000000000098e+00
3.210450000000000248e-01 1.551514000000000060e+00 5.810549999999999882e-01 2.397460999999999842e+00 2.379150000000000098e+00
3.210450000000000248e-01 1.551514000000000060e+00 5.810549999999999882e-01 2.397460999999999842e+00 2.381591999999999931e+00
3.210450000000000248e-01 1.549072000000000005e+00 5.810549999999999882e-01 2.397460999999999842e+00 2.397460999999999842e+00
3.210450000000000248e-01 1.549072000000000005e+00 5.786130000000000440e-01 2.397460999999999842e+00 2.387694999999999901e+00
3.210450000000000248e-01 1.549072000000000005e+00 5.810549999999999882e-01 2.397460999999999842e+00 2.381591999999999931e+00
3.198239999999999972e-01 1.551514000000000060e+00 5.810549999999999882e-01 2.397460999999999842e+00 2.397460999999999842e+00
3.210450000000000248e-01 1.550292999999999921e+00 5.773930000000000451e-01 2.397460999999999842e+00 2.387694999999999901e+00
3.198239999999999972e-01 1.549072000000000005e+00 5.773930000000000451e-01 2.397460999999999842e+00 2.387694999999999901e+00
3.186039999999999983e-01 1.549072000000000005e+00 5.786130000000000440e-01 2.397460999999999842e+00 2.387694999999999901e+00
3.186039999999999983e-01 1.547852000000000006e+00 5.773930000000000451e-01 2.397460999999999842e+00 2.388916000000000039e+00
3.186039999999999983e-01 1.547852000000000006e+00 5.786130000000000440e-01 2.398681999999999981e+00 2.382813000000000070e+00
3.186039999999999983e-01 1.549072000000000005e+00 5.773930000000000451e-01 2.397460999999999842e+00 2.387694999999999901e+00
3.186039999999999983e-01 1.547852000000000006e+00 5.810549999999999882e-01 2.397460999999999842e+00 2.387694999999999901e+00
3.186039999999999983e-01 1.547852000000000006e+00 5.773930000000000451e-01 2.397460999999999842e+00 2.387694999999999901e+00
3.186039999999999983e-01 1.549072000000000005e+00 5.773930000000000451e-01 2.397460999999999842e+00 2.387694999999999901e+00
3.186039999999999983e-01 1.547852000000000006e+00 5.773930000000000451e-01 2.397460999999999842e+00 2.387694999999999901e+00
3.173830000000000262e-01 1.547852000000000006e+00 5.773930000000000451e-01 2.397460999999999842e+00 2.387694999999999901e+00
3.173830000000000262e-01 1.547852000000000006e+00 5.773930000000000451e-01 2.397460999999999842e+00 2.387694999999999901e+00
3.186039999999999983e-01 1.549072000000000005e+00 5.773930000000000451e-01 2.397460999999999842e+00 2.387694999999999901e+00
3.173830000000000262e-01 1.547852000000000006e+00 5.786130000000000440e-01 2.393799000000000010e+00 2.381591999999999931e+00
3.173830000000000262e-01 1.547852000000000006e+00 5.786130000000000440e-01 2.397460999999999842e+00 2.381591999999999931e+00
3.173830000000000262e-01 1.547852000000000006e+00 5.773930000000000451e-01 2.397460999999999842e+00 2.397460999999999842e+00
3.173830000000000262e-01 1.547852000000000006e+00 5.773930000000000451e-01 2.397460999999999842e+00 2.388916000000000039e+00
3.173830000000000262e-01 1.547852000000000006e+00 5.773930000000000451e-01 2.397460999999999842e+00 2.387694999999999901e+00
3.173830000000000262e-01 1.547852000000000006e+00 5.773930000000000451e-01 2.388916000000000039e+00 2.387694999999999901e+00
3.173830000000000262e-01 1.547852000000000006e+00 5.773930000000000451e-01 2.391357000000000177e+00 2.379150000000000098e+00
3.173830000000000262e-01 1.547852000000000006e+00 5.773930000000000451e-01 2.397460999999999842e+00 2.369384999999999852e+00
3.173830000000000262e-01 1.547852000000000006e+00 5.773930000000000451e-01 2.397460999999999842e+00 2.377930000000000099e+00
3.173830000000000262e-01 1.547852000000000006e+00 5.773930000000000451e-01 2.388916000000000039e+00 2.379150000000000098e+00
3.161619999999999986e-01 1.549072000000000005e+00 5.773930000000000451e-01 2.397460999999999842e+00 2.377930000000000099e+00
3.173830000000000262e-01 1.547852000000000006e+00 5.773930000000000451e-01 2.391357000000000177e+00 2.381591999999999931e+00
3.149410000000000265e-01 1.547852000000000006e+00 5.773930000000000451e-01 2.397460999999999842e+00 2.387694999999999901e+00
3.137210000000000276e-01 1.547852000000000006e+00 5.773930000000000451e-01 2.392577999999999872e+00 2.381591999999999931e+00
3.137210000000000276e-01 1.542969000000000035e+00 5.773930000000000451e-01 2.397460999999999842e+00 2.397460999999999842e+00
3.137210000000000276e-01 1.542969000000000035e+00 5.761720000000000175e-01 2.391357000000000177e+00 2.387694999999999901e+00
3.112789999999999724e-01 1.542969000000000035e+00 5.773930000000000451e-01 2.388916000000000039e+00 2.377930000000000099e+00
3.112789999999999724e-01 1.542969000000000035e+00 5.761720000000000175e-01 2.390137000000000178e+00 2.368164000000000158e+00
3.100589999999999735e-01 1.541747999999999896e+00 5.749509999999999899e-01 2.387694999999999901e+00 2.377930000000000099e+00
3.088380000000000014e-01 1.542969000000000035e+00 5.737299999999999622e-01 2.387694999999999901e+00 2.377930000000000099e+00
3.088380000000000014e-01 1.539306999999999981e+00 5.737299999999999622e-01 2.387694999999999901e+00 2.377930000000000099e+00
3.076169999999999738e-01 1.539306999999999981e+00 5.749509999999999899e-01 2.387694999999999901e+00 2.381591999999999931e+00
3.063960000000000017e-01 1.538086000000000064e+00 5.737299999999999622e-01 2.387694999999999901e+00 2.390137000000000178e+00
3.039549999999999752e-01 1.538086000000000064e+00 5.737299999999999622e-01 2.387694999999999901e+00 2.391357000000000177e+00
3.027340000000000031e-01 1.540526999999999980e+00 5.749509999999999899e-01 2.387694999999999901e+00 2.397460999999999842e+00
3.027340000000000031e-01 1.538086000000000064e+00 5.725099999999999634e-01 2.387694999999999901e+00 2.388916000000000039e+00
3.002929999999999766e-01 1.538086000000000064e+00 5.725099999999999634e-01 2.387694999999999901e+00 2.387694999999999901e+00
2.990720000000000045e-01 1.538086000000000064e+00 5.725099999999999634e-01 2.387694999999999901e+00 2.381591999999999931e+00
2.990720000000000045e-01 1.538086000000000064e+00 5.725099999999999634e-01 2.387694999999999901e+00 2.397460999999999842e+00
2.978520000000000056e-01 1.538086000000000064e+00 5.725099999999999634e-01 2.387694999999999901e+00 2.387694999999999901e+00
2.978520000000000056e-01 1.538086000000000064e+00 5.725099999999999634e-01 2.381591999999999931e+00 2.387694999999999901e+00
2.978520000000000056e-01 1.533203000000000094e+00 5.725099999999999634e-01 2.379150000000000098e+00 2.371825999999999990e+00
2.954100000000000059e-01 1.531981999999999955e+00 5.725099999999999634e-01 2.381591999999999931e+00 2.377930000000000099e+00
2.941889999999999783e-01 1.529541000000000039e+00 5.725099999999999634e-01 2.381591999999999931e+00 2.370604999999999851e+00
2.929689999999999794e-01 1.531981999999999955e+00 5.725099999999999634e-01 2.379150000000000098e+00 2.377930000000000099e+00
2.929689999999999794e-01 1.530761999999999956e+00 5.725099999999999634e-01 2.380370999999999793e+00 2.368164000000000158e+00
2.929689999999999794e-01 1.529541000000000039e+00 5.725099999999999634e-01 2.380370999999999793e+00 2.377930000000000099e+00
2.917480000000000073e-01 1.530761999999999956e+00 5.737299999999999622e-01 2.381591999999999931e+00 2.377930000000000099e+00
2.917480000000000073e-01 1.529541000000000039e+00 5.725099999999999634e-01 2.379150000000000098e+00 2.368164000000000158e+00
2.905269999999999797e-01 1.528319999999999901e+00 5.725099999999999634e-01 2.379150000000000098e+00 2.368164000000000158e+00
2.893069999999999808e-01 1.528319999999999901e+00 5.725099999999999634e-01 2.377930000000000099e+00 2.363281000000000187e+00
2.893069999999999808e-01 1.529541000000000039e+00 5.725099999999999634e-01 2.379150000000000098e+00 2.380370999999999793e+00
2.893069999999999808e-01 1.528319999999999901e+00 5.725099999999999634e-01 2.380370999999999793e+00 2.381591999999999931e+00
2.880860000000000087e-01 1.528319999999999901e+00 5.725099999999999634e-01 2.377930000000000099e+00 2.387694999999999901e+00
2.880860000000000087e-01 1.528319999999999901e+00 5.725099999999999634e-01 2.377930000000000099e+00 2.387694999999999901e+00
2.880860000000000087e-01 1.528319999999999901e+00 5.725099999999999634e-01 2.377930000000000099e+00 2.380370999999999793e+00
2.844240000000000101e-01 1.522216999999999931e+00 5.712890000000000468e-01 2.377930000000000099e+00 2.387694999999999901e+00
2.844240000000000101e-01 1.528319999999999901e+00 5.712890000000000468e-01 2.377930000000000099e+00 2.377930000000000099e+00
2.832029999999999825e-01 1.528319999999999901e+00 5.712890000000000468e-01 2.377930000000000099e+00 2.377930000000000099e+00
2.832029999999999825e-01 1.528319999999999901e+00 5.712890000000000468e-01 2.380370999999999793e+00 2.377930000000000099e+00
2.819820000000000104e-01 1.528319999999999901e+00 5.712890000000000468e-01 2.377930000000000099e+00 2.371825999999999990e+00
2.807620000000000116e-01 1.528319999999999901e+00 5.725099999999999634e-01 2.377930000000000099e+00 2.387694999999999901e+00
2.795409999999999839e-01 1.525878999999999985e+00 5.712890000000000468e-01 2.377930000000000099e+00 2.379150000000000098e+00
2.795409999999999839e-01 1.528319999999999901e+00 5.712890000000000468e-01 2.369384999999999852e+00 2.371825999999999990e+00
2.795409999999999839e-01 1.528319999999999901e+00 5.712890000000000468e-01 2.377930000000000099e+00 2.371825999999999990e+00
2.783200000000000118e-01 1.523438000000000070e+00 5.725099999999999634e-01 2.371825999999999990e+00 2.387694999999999901e+00
2.783200000000000118e-01 1.522216999999999931e+00 5.712890000000000468e-01 2.377930000000000099e+00 2.368164000000000158e+00
2.783200000000000118e-01 1.523438000000000070e+00 5.712890000000000468e-01 2.371825999999999990e+00 2.369384999999999852e+00
2.783200000000000118e-01 1.528319999999999901e+00 5.725099999999999634e-01 2.371825999999999990e+00 2.368164000000000158e+00
2.783200000000000118e-01 1.523438000000000070e+00 5.725099999999999634e-01 2.370604999999999851e+00 2.359618999999999911e+00
2.783200000000000118e-01 1.522216999999999931e+00 5.725099999999999634e-01 2.371825999999999990e+00 2.368164000000000158e+00
2.771000000000000130e-01 1.522216999999999931e+00 5.725099999999999634e-01 2.369384999999999852e+00 2.358398000000000216e+00
2.758789999999999853e-01 1.522216999999999931e+00 5.725099999999999634e-01 2.371825999999999990e+00 2.358398000000000216e+00
2.783200000000000118e-01 1.520996000000000015e+00 5.725099999999999634e-01 2.371825999999999990e+00 2.357178000000000218e+00
2.758789999999999853e-01 1.522216999999999931e+00 5.725099999999999634e-01 2.369384999999999852e+00 2.368164000000000158e+00
2.746580000000000132e-01 1.520996000000000015e+00 5.725099999999999634e-01 2.370604999999999851e+00 2.362061000000000188e+00
2.758789999999999853e-01 1.519775000000000098e+00 5.725099999999999634e-01 2.371825999999999990e+00 2.379150000000000098e+00
2.771000000000000130e-01 1.519775000000000098e+00 5.725099999999999634e-01 2.370604999999999851e+00 2.368164000000000158e+00
2.746580000000000132e-01 1.522216999999999931e+00 5.725099999999999634e-01 2.370604999999999851e+00 2.369384999999999852e+00
2.746580000000000132e-01 1.519775000000000098e+00 5.725099999999999634e-01 2.368164000000000158e+00 2.370604999999999851e+00
2.746580000000000132e-01 1.519775000000000098e+00 5.725099999999999634e-01 2.368164000000000158e+00 2.381591999999999931e+00
2.746580000000000132e-01 1.518555000000000099e+00 5.725099999999999634e-01 2.369384999999999852e+00 2.388916000000000039e+00
2.746580000000000132e-01 1.519775000000000098e+00 5.725099999999999634e-01 2.368164000000000158e+00 2.369384999999999852e+00
2.746580000000000132e-01 1.518555000000000099e+00 5.712890000000000468e-01 2.370604999999999851e+00 2.369384999999999852e+00
2.746580000000000132e-01 1.519775000000000098e+00 5.712890000000000468e-01 2.370604999999999851e+00 2.368164000000000158e+00
2.734380000000000144e-01 1.519775000000000098e+00 5.725099999999999634e-01 2.368164000000000158e+00 2.373047000000000128e+00
2.734380000000000144e-01 1.518555000000000099e+00 5.725099999999999634e-01 2.369384999999999852e+00 2.381591999999999931e+00
2.734380000000000144e-01 1.518555000000000099e+00 5.725099999999999634e-01 2.370604999999999851e+00 2.377930000000000099e+00
2.734380000000000144e-01 1.518555000000000099e+00 5.725099999999999634e-01 2.368164000000000158e+00 2.371825999999999990e+00
2.722169999999999868e-01 1.518555000000000099e+00 5.725099999999999634e-01 2.369384999999999852e+00 2.387694999999999901e+00
2.734380000000000144e-01 1.518555000000000099e+00 5.725099999999999634e-01 2.369384999999999852e+00 2.368164000000000158e+00
2.722169999999999868e-01 1.518555000000000099e+00 5.725099999999999634e-01 2.373047000000000128e+00 2.359618999999999911e+00
2.722169999999999868e-01 1.518555000000000099e+00 5.725099999999999634e-01 2.368164000000000158e+00 2.368164000000000158e+00
2.722169999999999868e-01 1.518555000000000099e+00 5.725099999999999634e-01 2.368164000000000158e+00 2.369384999999999852e+00
2.709960000000000147e-01 1.518555000000000099e+00 5.725099999999999634e-01 2.368164000000000158e+00 2.369384999999999852e+00
2.709960000000000147e-01 1.518555000000000099e+00 5.712890000000000468e-01 2.368164000000000158e+00 2.368164000000000158e+00
2.709960000000000147e-01 1.518555000000000099e+00 5.712890000000000468e-01 2.368164000000000158e+00 2.368164000000000158e+00
2.697749999999999870e-01 1.520996000000000015e+00 5.712890000000000468e-01 2.368164000000000158e+00 2.368164000000000158e+00
2.697749999999999870e-01 1.518555000000000099e+00 5.712890000000000468e-01 2.368164000000000158e+00 2.368164000000000158e+00
2.685549999999999882e-01 1.518555000000000099e+00 5.712890000000000468e-01 2.368164000000000158e+00 2.365723000000000020e+00
2.685549999999999882e-01 1.518555000000000099e+00 5.712890000000000468e-01 2.368164000000000158e+00 2.379150000000000098e+00
2.697749999999999870e-01 1.518555000000000099e+00 5.712890000000000468e-01 2.368164000000000158e+00 2.369384999999999852e+00
2.685549999999999882e-01 1.518555000000000099e+00 5.712890000000000468e-01 2.368164000000000158e+00 2.368164000000000158e+00
2.685549999999999882e-01 1.518555000000000099e+00 5.712890000000000468e-01 2.368164000000000158e+00 2.368164000000000158e+00
2.685549999999999882e-01 1.518555000000000099e+00 5.725099999999999634e-01 2.368164000000000158e+00 2.369384999999999852e+00
2.697749999999999870e-01 1.518555000000000099e+00 5.712890000000000468e-01 2.368164000000000158e+00 2.368164000000000158e+00
2.685549999999999882e-01 1.518555000000000099e+00 5.725099999999999634e-01 2.368164000000000158e+00 2.368164000000000158e+00
2.697749999999999870e-01 1.518555000000000099e+00 5.725099999999999634e-01 2.368164000000000158e+00 2.369384999999999852e+00
2.697749999999999870e-01 1.518555000000000099e+00 5.725099999999999634e-01 2.368164000000000158e+00 2.369384999999999852e+00
2.697749999999999870e-01 1.518555000000000099e+00 5.737299999999999622e-01 2.366943000000000019e+00 2.368164000000000158e+00
2.722169999999999868e-01 1.518555000000000099e+00 5.749509999999999899e-01 2.368164000000000158e+00 2.362061000000000188e+00
2.722169999999999868e-01 1.518555000000000099e+00 5.737299999999999622e-01 2.368164000000000158e+00 2.371825999999999990e+00
2.734380000000000144e-01 1.518555000000000099e+00 5.725099999999999634e-01 2.368164000000000158e+00 2.387694999999999901e+00
2.746580000000000132e-01 1.519775000000000098e+00 5.737299999999999622e-01 2.368164000000000158e+00 2.377930000000000099e+00
2.746580000000000132e-01 1.519775000000000098e+00 5.749509999999999899e-01 2.368164000000000158e+00 2.371825999999999990e+00
2.783200000000000118e-01 1.519775000000000098e+00 5.749509999999999899e-01 2.368164000000000158e+00 2.381591999999999931e+00
2.783200000000000118e-01 1.519775000000000098e+00 5.761720000000000175e-01 2.369384999999999852e+00 2.381591999999999931e+00
2.795409999999999839e-01 1.519775000000000098e+00 5.761720000000000175e-01 2.370604999999999851e+00 2.377930000000000099e+00
2.807620000000000116e-01 1.519775000000000098e+00 5.761720000000000175e-01 2.368164000000000158e+00 2.370604999999999851e+00
2.832029999999999825e-01 1.522216999999999931e+00 5.773930000000000451e-01 2.370604999999999851e+00 2.387694999999999901e+00
2.844240000000000101e-01 1.522216999999999931e+00 5.773930000000000451e-01 2.370604999999999851e+00 2.377930000000000099e+00
2.844240000000000101e-01 1.522216999999999931e+00 5.773930000000000451e-01 2.377930000000000099e+00 2.377930000000000099e+00
2.856449999999999823e-01 1.528319999999999901e+00 5.761720000000000175e-01 2.371825999999999990e+00 2.371825999999999990e+00
2.880860000000000087e-01 1.522216999999999931e+00 5.761720000000000175e-01 2.369384999999999852e+00 2.368164000000000158e+00
2.880860000000000087e-01 1.523438000000000070e+00 5.773930000000000451e-01 2.371825999999999990e+00 2.368164000000000158e+00
2.893069999999999808e-01 1.522216999999999931e+00 5.761720000000000175e-01 2.377930000000000099e+00 2.358398000000000216e+00
2.880860000000000087e-01 1.528319999999999901e+00 5.761720000000000175e-01 2.371825999999999990e+00 2.368164000000000158e+00
2.893069999999999808e-01 1.528319999999999901e+00 5.761720000000000175e-01 2.371825999999999990e+00 2.368164000000000158e+00
2.893069999999999808e-01 1.528319999999999901e+00 5.773930000000000451e-01 2.377930000000000099e+00 2.358398000000000216e+00
2.893069999999999808e-01 1.523438000000000070e+00 5.749509999999999899e-01 2.377930000000000099e+00 2.368164000000000158e+00
2.893069999999999808e-01 1.523438000000000070e+00 5.761720000000000175e-01 2.377930000000000099e+00 2.368164000000000158e+00
2.893069999999999808e-01 1.528319999999999901e+00 5.749509999999999899e-01 2.377930000000000099e+00 2.371825999999999990e+00
2.893069999999999808e-01 1.528319999999999901e+00 5.749509999999999899e-01 2.377930000000000099e+00 2.387694999999999901e+00
2.893069999999999808e-01 1.528319999999999901e+00 5.749509999999999899e-01 2.377930000000000099e+00 2.377930000000000099e+00
2.893069999999999808e-01 1.523438000000000070e+00 5.749509999999999899e-01 2.377930000000000099e+00 2.377930000000000099e+00
2.893069999999999808e-01 1.523438000000000070e+00 5.737299999999999622e-01 2.377930000000000099e+00 2.371825999999999990e+00
2.893069999999999808e-01 1.528319999999999901e+00 5.737299999999999622e-01 2.377930000000000099e+00 2.380370999999999793e+00
2.893069999999999808e-01 1.524658000000000069e+00 5.749509999999999899e-01 2.377930000000000099e+00 2.387694999999999901e+00
2.893069999999999808e-01 1.528319999999999901e+00 5.725099999999999634e-01 2.377930000000000099e+00 2.380370999999999793e+00
2.880860000000000087e-01 1.528319999999999901e+00 5.749509999999999899e-01 2.374267999999999823e+00 2.388916000000000039e+00
2.880860000000000087e-01 1.523438000000000070e+00 5.737299999999999622e-01 2.377930000000000099e+00 2.368164000000000158e+00
2.893069999999999808e-01 1.522216999999999931e+00 5.725099999999999634e-01 2.377930000000000099e+00 2.371825999999999990e+00
2.880860000000000087e-01 1.528319999999999901e+00 5.737299999999999622e-01 2.377930000000000099e+00 2.379150000000000098e+00
2.880860000000000087e-01 1.528319999999999901e+00 5.737299999999999622e-01 2.377930000000000099e+00 2.371825999999999990e+00
2.880860000000000087e-01 1.523438000000000070e+00 5.749509999999999899e-01 2.377930000000000099e+00 2.387694999999999901e+00
2.880860000000000087e-01 1.528319999999999901e+00 5.749509999999999899e-01 2.377930000000000099e+00 2.379150000000000098e+00
2.880860000000000087e-01 1.528319999999999901e+00 5.737299999999999622e-01 2.377930000000000099e+00 2.371825999999999990e+00
2.880860000000000087e-01 1.528319999999999901e+00 5.725099999999999634e-01 2.377930000000000099e+00 2.387694999999999901e+00
2.880860000000000087e-01 1.522216999999999931e+00 5.737299999999999622e-01 2.377930000000000099e+00 2.377930000000000099e+00
2.880860000000000087e-01 1.524658000000000069e+00 5.737299999999999622e-01 2.374267999999999823e+00 2.371825999999999990e+00
2.880860000000000087e-01 1.528319999999999901e+00 5.737299999999999622e-01 2.377930000000000099e+00 2.369384999999999852e+00
2.880860000000000087e-01 1.523438000000000070e+00 5.749509999999999899e-01 2.377930000000000099e+00 2.377930000000000099e+00
2.893069999999999808e-01 1.524658000000000069e+00 5.749509999999999899e-01 2.377930000000000099e+00 2.377930000000000099e+00
2.893069999999999808e-01 1.523438000000000070e+00 5.749509999999999899e-01 2.377930000000000099e+00 2.377930000000000099e+00
2.893069999999999808e-01 1.522216999999999931e+00 5.749509999999999899e-01 2.377930000000000099e+00 2.377930000000000099e+00
2.893069999999999808e-01 1.522216999999999931e+00 5.761720000000000175e-01 2.377930000000000099e+00 2.371825999999999990e+00
2.893069999999999808e-01 1.523438000000000070e+00 5.737299999999999622e-01 2.377930000000000099e+00 2.381591999999999931e+00
2.893069999999999808e-01 1.528319999999999901e+00 5.761720000000000175e-01 2.377930000000000099e+00 2.387694999999999901e+00
2.905269999999999797e-01 1.528319999999999901e+00 5.749509999999999899e-01 2.379150000000000098e+00 2.387694999999999901e+00
2.893069999999999808e-01 1.523438000000000070e+00 5.737299999999999622e-01 2.377930000000000099e+00 2.368164000000000158e+00
2.893069999999999808e-01 1.527099999999999902e+00 5.749509999999999899e-01 2.377930000000000099e+00 2.371825999999999990e+00
2.905269999999999797e-01 1.523438000000000070e+00 5.749509999999999899e-01 2.377930000000000099e+00 2.384033000000000069e+00
2.917480000000000073e-01 1.523438000000000070e+00 5.749509999999999899e-01 2.377930000000000099e+00 2.388916000000000039e+00
2.905269999999999797e-01 1.528319999999999901e+00 5.749509999999999899e-01 2.377930000000000099e+00 2.381591999999999931e+00
2.905269999999999797e-01 1.522216999999999931e+00 5.761720000000000175e-01 2.377930000000000099e+00 2.387694999999999901e+00
2.917480000000000073e-01 1.528319999999999901e+00 5.761720000000000175e-01 2.377930000000000099e+00 2.377930000000000099e+00
2.917480000000000073e-01 1.523438000000000070e+00 5.761720000000000175e-01 2.377930000000000099e+00 2.377930000000000099e+00
2.917480000000000073e-01 1.528319999999999901e+00 5.761720000000000175e-01 2.376708999999999961e+00 2.377930000000000099e+00
2.929689999999999794e-01 1.528319999999999901e+00 5.749509999999999899e-01 2.377930000000000099e+00 2.368164000000000158e+00
2.929689999999999794e-01 1.528319999999999901e+00 5.749509999999999899e-01 2.377930000000000099e+00 2.371825999999999990e+00
2.941889999999999783e-01 1.528319999999999901e+00 5.761720000000000175e-01 2.377930000000000099e+00 2.381591999999999931e+00
2.954100000000000059e-01 1.528319999999999901e+00 5.773930000000000451e-01 2.377930000000000099e+00 2.390137000000000178e+00
2.978520000000000056e-01 1.528319999999999901e+00 5.773930000000000451e-01 2.377930000000000099e+00 2.397460999999999842e+00
2.978520000000000056e-01 1.528319999999999901e+00 5.773930000000000451e-01 2.382813000000000070e+00 2.387694999999999901e+00
2.990720000000000045e-01 1.528319999999999901e+00 5.773930000000000451e-01 2.377930000000000099e+00 2.381591999999999931e+00
3.002929999999999766e-01 1.528319999999999901e+00 5.810549999999999882e-01 2.377930000000000099e+00 2.387694999999999901e+00
3.015140000000000042e-01 1.530761999999999956e+00 5.786130000000000440e-01 2.382813000000000070e+00 2.380370999999999793e+00
3.039549999999999752e-01 1.529541000000000039e+00 5.810549999999999882e-01 2.380370999999999793e+00 2.397460999999999842e+00
3.039549999999999752e-01 1.528319999999999901e+00 5.810549999999999882e-01 2.380370999999999793e+00 2.387694999999999901e+00
3.063960000000000017e-01 1.529541000000000039e+00 5.810549999999999882e-01 2.380370999999999793e+00 2.381591999999999931e+00
3.076169999999999738e-01 1.529541000000000039e+00 5.810549999999999882e-01 2.380370999999999793e+00 2.388916000000000039e+00
3.088380000000000014e-01 1.530761999999999956e+00 5.810549999999999882e-01 2.387694999999999901e+00 2.387694999999999901e+00
3.112789999999999724e-01 1.530761999999999956e+00 5.810549999999999882e-01 2.381591999999999931e+00 2.387694999999999901e+00
3.125000000000000000e-01 1.533203000000000094e+00 5.822749999999999870e-01 2.387694999999999901e+00 2.377930000000000099e+00
3.137210000000000276e-01 1.538086000000000064e+00 5.822749999999999870e-01 2.387694999999999901e+00 2.379150000000000098e+00
3.137210000000000276e-01 1.538086000000000064e+00 5.822749999999999870e-01 2.387694999999999901e+00 2.387694999999999901e+00
3.173830000000000262e-01 1.538086000000000064e+00 5.822749999999999870e-01 2.387694999999999901e+00 2.388916000000000039e+00
3.173830000000000262e-01 1.538086000000000064e+00 5.822749999999999870e-01 2.387694999999999901e+00 2.387694999999999901e+00
3.186039999999999983e-01 1.538086000000000064e+00 5.822749999999999870e-01 2.387694999999999901e+00 2.387694999999999901e+00
3.186039999999999983e-01 1.539306999999999981e+00 5.822749999999999870e-01 2.387694999999999901e+00 2.388916000000000039e+00
3.198239999999999972e-01 1.538086000000000064e+00 5.822749999999999870e-01 2.388916000000000039e+00 2.387694999999999901e+00
3.222659999999999969e-01 1.539306999999999981e+00 5.822749999999999870e-01 2.388916000000000039e+00 2.397460999999999842e+00
3.222659999999999969e-01 1.539306999999999981e+00 5.822749999999999870e-01 2.390137000000000178e+00 2.387694999999999901e+00
3.222659999999999969e-01 1.539306999999999981e+00 5.822749999999999870e-01 2.390137000000000178e+00 2.387694999999999901e+00
3.222659999999999969e-01 1.541747999999999896e+00 5.822749999999999870e-01 2.388916000000000039e+00 2.387694999999999901e+00
3.234859999999999958e-01 1.540526999999999980e+00 5.822749999999999870e-01 2.390137000000000178e+00 2.379150000000000098e+00
3.234859999999999958e-01 1.539306999999999981e+00 5.822749999999999870e-01 2.391357000000000177e+00 2.387694999999999901e+00
3.247070000000000234e-01 1.541747999999999896e+00 5.822749999999999870e-01 2.391357000000000177e+00 2.377930000000000099e+00
3.247070000000000234e-01 1.542969000000000035e+00 5.822749999999999870e-01 2.390137000000000178e+00 2.377930000000000099e+00
