2.429199999999999970e-01 1.479492000000000029e+00 5.712890000000000468e-01 2.319335999999999842e+00 2.329101999999999784e+00
2.429199999999999970e-01 1.479492000000000029e+00 5.712890000000000468e-01 2.310791000000000039e+00 2.324218999999999813e+00
2.441409999999999969e-01 1.479492000000000029e+00 5.712890000000000468e-01 2.313232000000000177e+00 2.329101999999999784e+00
2.429199999999999970e-01 1.479492000000000029e+00 5.712890000000000468e-01 2.313232000000000177e+00 2.313232000000000177e+00
2.429199999999999970e-01 1.479492000000000029e+00 5.712890000000000468e-01 2.313232000000000177e+00 2.313232000000000177e+00
2.429199999999999970e-01 1.479492000000000029e+00 5.712890000000000468e-01 2.313232000000000177e+00 2.319335999999999842e+00
2.429199999999999970e-01 1.479492000000000029e+00 5.712890000000000468e-01 2.313232000000000177e+00 2.319335999999999842e+00
2.441409999999999969e-01 1.481934000000000085e+00 5.725099999999999634e-01 2.313232000000000177e+00 2.319335999999999842e+00
2.478029999999999955e-01 1.489257999999999971e+00 5.834960000000000147e-01 2.319335999999999842e+00 2.310791000000000039e+00
2.539060000000000206e-01 1.503905999999999965e+00 6.054690000000000349e-01 2.329101999999999784e+00 2.329101999999999784e+00
2.673340000000000161e-01 1.533203000000000094e+00 6.335450000000000248e-01 2.348632999999999971e+00 2.343750000000000000e+00
2.832029999999999825e-01 1.572265999999999941e+00 6.640629999999999589e-01 2.368164000000000158e+00 2.368164000000000158e+00
3.234859999999999958e-01 1.658935999999999966e+00 7.226559999999999651e-01 2.429199000000000108e+00 2.397460999999999842e+00
3.466799999999999882e-01 1.704102000000000006e+00 7.482910000000000394e-01 2.465819999999999901e+00 2.416992000000000029e+00
3.710939999999999794e-01 1.743163999999999936e+00 7.702639999999999487e-01 2.504882999999999971e+00 2.436523000000000216e+00
3.955080000000000262e-01 1.777344000000000035e+00 7.897950000000000248e-01 2.537841999999999931e+00 2.459716999999999931e+00
4.187009999999999899e-01 1.811522999999999994e+00 8.068849999999999634e-01 2.583007999999999971e+00 2.485351999999999784e+00
4.443360000000000087e-01 1.840819999999999901e+00 8.251950000000000118e-01 2.612305000000000099e+00 2.504882999999999971e+00
4.650880000000000014e-01 1.870117000000000029e+00 8.361819999999999808e-01 2.644042999999999921e+00 2.534180000000000099e+00
4.846190000000000220e-01 1.893310999999999966e+00 8.459470000000000045e-01 2.674561000000000188e+00 2.545166000000000039e+00
5.041499999999999870e-01 1.912841999999999931e+00 8.544920000000000293e-01 2.700194999999999901e+00 2.553710999999999842e+00
5.224609999999999532e-01 1.928711000000000064e+00 8.569339999999999735e-01 2.729492000000000029e+00 2.573242000000000029e+00
5.371089999999999476e-01 1.948242000000000029e+00 8.593750000000000000e-01 2.742919999999999803e+00 2.584229000000000109e+00
5.517579999999999707e-01 1.961670000000000025e+00 8.642579999999999707e-01 2.760009999999999852e+00 2.587890999999999941e+00
5.627440000000000220e-01 1.978760000000000074e+00 8.703610000000000513e-01 2.781982000000000177e+00 2.612305000000000099e+00
5.773930000000000451e-01 1.992188000000000070e+00 8.752440000000000220e-01 2.797851999999999784e+00 2.613525000000000098e+00
5.908200000000000118e-01 2.006835999999999842e+00 8.789059999999999651e-01 2.808838000000000168e+00 2.631835999999999842e+00
6.005859999999999532e-01 2.016601999999999784e+00 8.776859999999999662e-01 2.827148000000000216e+00 2.631835999999999842e+00
6.079099999999999504e-01 2.021484000000000059e+00 8.764650000000000496e-01 2.836914000000000158e+00 2.645264000000000060e+00
6.140139999999999487e-01 2.026367000000000029e+00 8.740229999999999944e-01 2.846680000000000099e+00 2.670898000000000216e+00
6.201170000000000293e-01 2.031250000000000000e+00 8.691410000000000524e-01 2.856444999999999901e+00 2.670898000000000216e+00
6.250000000000000000e-01 2.036132999999999971e+00 8.654789999999999983e-01 2.856444999999999901e+00 2.675781000000000187e+00
6.298829999999999707e-01 2.036132999999999971e+00 8.642579999999999707e-01 2.866210999999999842e+00 2.684325999999999990e+00
6.311039999999999983e-01 2.037354000000000109e+00 8.642579999999999707e-01 2.868651999999999980e+00 2.700194999999999901e+00
6.335450000000000248e-01 2.038574000000000108e+00 8.605960000000000276e-01 2.875976999999999784e+00 2.690430000000000099e+00
6.384279999999999955e-01 2.045898000000000216e+00 8.581539999999999724e-01 2.875976999999999784e+00 2.691650000000000098e+00
6.396479999999999944e-01 2.045898000000000216e+00 8.508299999999999752e-01 2.885742000000000029e+00 2.692870999999999793e+00
6.408690000000000220e-01 2.045898000000000216e+00 8.447270000000000056e-01 2.885742000000000029e+00 2.701416000000000039e+00
6.396479999999999944e-01 2.041015999999999941e+00 8.398440000000000349e-01 2.885742000000000029e+00 2.694091999999999931e+00
6.408690000000000220e-01 2.037354000000000109e+00 8.361819999999999808e-01 2.885742000000000029e+00 2.709960999999999842e+00
6.408690000000000220e-01 2.037354000000000109e+00 8.361819999999999808e-01 2.885742000000000029e+00 2.709960999999999842e+00
6.408690000000000220e-01 2.036132999999999971e+00 8.349609999999999532e-01 2.885742000000000029e+00 2.701416000000000039e+00
6.396479999999999944e-01 2.037354000000000109e+00 8.288569999999999549e-01 2.885742000000000029e+00 2.700194999999999901e+00
6.396479999999999944e-01 2.036132999999999971e+00 8.264160000000000394e-01 2.885742000000000029e+00 2.694091999999999931e+00
6.347660000000000524e-01 2.031250000000000000e+00 8.166499999999999870e-01 2.885742000000000029e+00 2.700194999999999901e+00
6.335450000000000248e-01 2.031250000000000000e+00 8.154299999999999882e-01 2.885742000000000029e+00 2.694091999999999931e+00
6.311039999999999983e-01 2.031250000000000000e+00 8.154299999999999882e-01 2.885742000000000029e+00 2.709960999999999842e+00
6.323239999999999972e-01 2.031250000000000000e+00 8.166499999999999870e-01 2.885742000000000029e+00 2.700194999999999901e+00
6.396479999999999944e-01 2.038574000000000108e+00 8.251950000000000118e-01 2.886963000000000168e+00 2.695313000000000070e+00
6.408690000000000220e-01 2.048340000000000050e+00 8.349609999999999532e-01 2.897949000000000108e+00 2.701416000000000039e+00
6.494140000000000468e-01 2.065430000000000099e+00 8.508299999999999752e-01 2.907715000000000050e+00 2.709960999999999842e+00
6.603999999999999870e-01 2.080077999999999872e+00 8.679200000000000248e-01 2.918700999999999990e+00 2.713623000000000118e+00
6.701660000000000394e-01 2.094726999999999784e+00 8.850099999999999634e-01 2.934569999999999901e+00 2.723389000000000060e+00
6.835940000000000349e-01 2.114257999999999971e+00 9.033200000000000118e-01 2.954101999999999784e+00 2.741699000000000108e+00
6.982420000000000293e-01 2.128906000000000187e+00 9.130859999999999532e-01 2.968750000000000000e+00 2.758789000000000158e+00
7.092289999999999983e-01 2.143555000000000099e+00 9.265139999999999487e-01 2.983398000000000216e+00 2.760009999999999852e+00
7.177729999999999944e-01 2.163085999999999842e+00 9.375000000000000000e-01 2.994384999999999852e+00 2.768555000000000099e+00
7.287599999999999634e-01 2.172851999999999784e+00 9.460450000000000248e-01 3.006591999999999931e+00 2.762450999999999990e+00
7.385249999999999870e-01 2.182617000000000029e+00 9.533690000000000220e-01 3.016357000000000177e+00 2.780762000000000178e+00
7.470700000000000118e-01 2.193604000000000109e+00 9.582519999999999927e-01 3.032226999999999784e+00 2.788085999999999842e+00
7.568359999999999532e-01 2.202148000000000216e+00 9.619140000000000468e-01 3.035889000000000060e+00 2.789306999999999981e+00
7.580569999999999808e-01 2.205811000000000188e+00 9.619140000000000468e-01 3.051757999999999971e+00 2.783202999999999872e+00
7.629390000000000338e-01 2.211914000000000158e+00 9.570309999999999651e-01 3.051757999999999971e+00 2.807617000000000029e+00
7.666020000000000056e-01 2.211914000000000158e+00 9.521479999999999944e-01 3.055419999999999803e+00 2.807617000000000029e+00
7.666020000000000056e-01 2.211914000000000158e+00 9.436039999999999983e-01 3.061523000000000216e+00 2.802734000000000059e+00
7.666020000000000056e-01 2.211914000000000158e+00 9.375000000000000000e-01 3.055419999999999803e+00 2.817382999999999971e+00
7.666020000000000056e-01 2.211914000000000158e+00 9.326170000000000293e-01 3.061523000000000216e+00 2.797851999999999784e+00
7.629390000000000338e-01 2.203368999999999911e+00 9.228520000000000056e-01 3.061523000000000216e+00 2.807617000000000029e+00
7.580569999999999808e-01 2.193604000000000109e+00 9.082029999999999825e-01 3.061523000000000216e+00 2.812500000000000000e+00
7.568359999999999532e-01 2.193604000000000109e+00 9.033200000000000118e-01 3.051757999999999971e+00 2.817382999999999971e+00
7.519529999999999825e-01 2.186278999999999861e+00 8.935549999999999882e-01 3.051757999999999971e+00 2.808838000000000168e+00
7.495119999999999560e-01 2.182617000000000029e+00 8.850099999999999634e-01 3.051757999999999971e+00 2.808838000000000168e+00
7.470700000000000118e-01 2.176514000000000060e+00 8.801269999999999927e-01 3.043213000000000168e+00 2.807617000000000029e+00
7.409670000000000423e-01 2.174071999999999782e+00 8.740229999999999944e-01 3.041992000000000029e+00 2.797851999999999784e+00
7.385249999999999870e-01 2.172851999999999784e+00 8.703610000000000513e-01 3.041992000000000029e+00 2.797851999999999784e+00
7.373049999999999882e-01 2.172851999999999784e+00 8.654789999999999983e-01 3.041992000000000029e+00 2.799071999999999782e+00
7.336430000000000451e-01 2.172851999999999784e+00 8.642579999999999707e-01 3.041992000000000029e+00 2.797851999999999784e+00
7.324220000000000175e-01 2.166748000000000118e+00 8.654789999999999983e-01 3.041992000000000029e+00 2.799071999999999782e+00
7.324220000000000175e-01 2.167968999999999813e+00 8.691410000000000524e-01 3.041992000000000029e+00 2.797851999999999784e+00
7.373049999999999882e-01 2.172851999999999784e+00 8.776859999999999662e-01 3.041992000000000029e+00 2.800292999999999921e+00
7.470700000000000118e-01 2.186278999999999861e+00 8.972170000000000423e-01 3.051757999999999971e+00 2.818604000000000109e+00
7.568359999999999532e-01 2.203368999999999911e+00 9.179690000000000349e-01 3.066406000000000187e+00 2.817382999999999971e+00
7.702639999999999487e-01 2.224120999999999793e+00 9.423829999999999707e-01 3.081055000000000099e+00 2.827148000000000216e+00
7.824710000000000276e-01 2.241210999999999842e+00 9.558109999999999662e-01 3.094482000000000177e+00 2.836914000000000158e+00
7.958979999999999944e-01 2.260742000000000029e+00 9.667970000000000175e-01 3.110351999999999784e+00 2.827148000000000216e+00
8.056640000000000468e-01 2.271729000000000109e+00 9.753420000000000423e-01 3.125000000000000000e+00 2.846680000000000099e+00
8.117680000000000451e-01 2.280273000000000216e+00 9.814450000000000118e-01 3.134765999999999941e+00 2.849120999999999793e+00
8.190920000000000423e-01 2.290039000000000158e+00 9.826660000000000394e-01 3.139648000000000216e+00 2.869873000000000118e+00
8.215329999999999577e-01 2.299805000000000099e+00 9.826660000000000394e-01 3.142090000000000050e+00 2.885742000000000029e+00
8.264160000000000394e-01 2.299805000000000099e+00 9.777829999999999577e-01 3.144531000000000187e+00 2.875976999999999784e+00
8.251950000000000118e-01 2.299805000000000099e+00 9.728999999999999870e-01 3.149414000000000158e+00 2.875976999999999784e+00
8.251950000000000118e-01 2.299805000000000099e+00 9.631349999999999634e-01 3.149414000000000158e+00 2.875976999999999784e+00
8.251950000000000118e-01 2.299805000000000099e+00 9.619140000000000468e-01 3.149414000000000158e+00 2.867431999999999981e+00
8.251950000000000118e-01 2.299805000000000099e+00 9.558109999999999662e-01 3.149414000000000158e+00 2.875976999999999784e+00
8.190920000000000423e-01 2.293700999999999990e+00 9.521479999999999944e-01 3.139648000000000216e+00 2.875976999999999784e+00
8.190920000000000423e-01 2.293700999999999990e+00 9.521479999999999944e-01 3.149414000000000158e+00 2.867431999999999981e+00
8.166499999999999870e-01 2.291259999999999852e+00 9.436039999999999983e-01 3.144531000000000187e+00 2.875976999999999784e+00
8.154299999999999882e-01 2.290039000000000158e+00 9.387210000000000276e-01 3.139648000000000216e+00 2.871093999999999813e+00
8.105470000000000175e-01 2.290039000000000158e+00 9.362789999999999724e-01 3.139648000000000216e+00 2.885742000000000029e+00
8.081049999999999622e-01 2.281493999999999911e+00 9.326170000000000293e-01 3.139648000000000216e+00 2.875976999999999784e+00
8.056640000000000468e-01 2.282715000000000050e+00 9.277339999999999476e-01 3.132324000000000108e+00 2.867431999999999981e+00
8.056640000000000468e-01 2.285156000000000187e+00 9.240720000000000045e-01 3.140868999999999911e+00 2.867431999999999981e+00
8.020019999999999927e-01 2.290039000000000158e+00 9.240720000000000045e-01 3.139648000000000216e+00 2.857666000000000039e+00
8.020019999999999927e-01 2.290039000000000158e+00 9.240720000000000045e-01 3.139648000000000216e+00 2.866210999999999842e+00
8.020019999999999927e-01 2.290039000000000158e+00 9.228520000000000056e-01 3.139648000000000216e+00 2.866210999999999842e+00
8.007809999999999651e-01 2.287598000000000020e+00 9.228520000000000056e-01 3.139648000000000216e+00 2.866210999999999842e+00
8.007809999999999651e-01 2.290039000000000158e+00 9.143069999999999808e-01 3.139648000000000216e+00 2.867431999999999981e+00
7.958979999999999944e-01 2.281493999999999911e+00 9.130859999999999532e-01 3.132324000000000108e+00 2.867431999999999981e+00
7.958979999999999944e-01 2.281493999999999911e+00 9.082029999999999825e-01 3.132324000000000108e+00 2.866210999999999842e+00
7.897950000000000248e-01 2.280273000000000216e+00 9.045410000000000394e-01 3.132324000000000108e+00 2.866210999999999842e+00
7.873539999999999983e-01 2.274169999999999803e+00 9.033200000000000118e-01 3.129882999999999971e+00 2.860107000000000177e+00
7.861329999999999707e-01 2.271729000000000109e+00 8.972170000000000423e-01 3.129882999999999971e+00 2.875976999999999784e+00
7.812500000000000000e-01 2.270507999999999971e+00 8.935549999999999882e-01 3.129882999999999971e+00 2.866210999999999842e+00
7.812500000000000000e-01 2.270507999999999971e+00 8.935549999999999882e-01 3.129882999999999971e+00 2.866210999999999842e+00
7.775879999999999459e-01 2.270507999999999971e+00 8.874509999999999899e-01 3.125000000000000000e+00 2.866210999999999842e+00
7.727049999999999752e-01 2.260742000000000029e+00 8.837890000000000468e-01 3.120117000000000029e+00 2.858887000000000178e+00
7.678220000000000045e-01 2.254639000000000060e+00 8.776859999999999662e-01 3.120117000000000029e+00 2.875976999999999784e+00
7.666020000000000056e-01 2.250976999999999784e+00 8.740229999999999944e-01 3.114014000000000060e+00 2.866210999999999842e+00
7.604980000000000073e-01 2.250976999999999784e+00 8.740229999999999944e-01 3.111571999999999782e+00 2.846680000000000099e+00
7.580569999999999808e-01 2.250976999999999784e+00 8.740229999999999944e-01 3.110351999999999784e+00 2.841797000000000128e+00
7.568359999999999532e-01 2.250976999999999784e+00 8.752440000000000220e-01 3.110351999999999784e+00 2.857666000000000039e+00
7.568359999999999532e-01 2.253417999999999921e+00 8.801269999999999927e-01 3.112792999999999921e+00 2.857666000000000039e+00
7.568359999999999532e-01 2.260742000000000029e+00 8.837890000000000468e-01 3.114014000000000060e+00 2.857666000000000039e+00
7.568359999999999532e-01 2.254639000000000060e+00 8.862299999999999622e-01 3.114014000000000060e+00 2.849120999999999793e+00
7.568359999999999532e-01 2.260742000000000029e+00 8.886720000000000175e-01 3.120117000000000029e+00 2.856444999999999901e+00
7.568359999999999532e-01 2.260742000000000029e+00 8.898930000000000451e-01 3.120117000000000029e+00 2.856444999999999901e+00
7.568359999999999532e-01 2.260742000000000029e+00 8.874509999999999899e-01 3.120117000000000029e+00 2.860107000000000177e+00
7.519529999999999825e-01 2.260742000000000029e+00 8.850099999999999634e-01 3.120117000000000029e+00 2.875976999999999784e+00
7.495119999999999560e-01 2.254639000000000060e+00 8.837890000000000468e-01 3.120117000000000029e+00 2.866210999999999842e+00
7.470700000000000118e-01 2.252196999999999782e+00 8.776859999999999662e-01 3.120117000000000029e+00 2.866210999999999842e+00
7.470700000000000118e-01 2.250976999999999784e+00 8.740229999999999944e-01 3.112792999999999921e+00 2.857666000000000039e+00
7.409670000000000423e-01 2.246093999999999813e+00 8.691410000000000524e-01 3.110351999999999784e+00 2.856444999999999901e+00
7.385249999999999870e-01 2.246093999999999813e+00 8.642579999999999707e-01 3.110351999999999784e+00 2.856444999999999901e+00
7.373049999999999882e-01 2.241210999999999842e+00 8.605960000000000276e-01 3.103026999999999980e+00 2.856444999999999901e+00
7.299799999999999622e-01 2.231444999999999901e+00 8.557129999999999459e-01 3.100585999999999842e+00 2.850341999999999931e+00
7.275390000000000468e-01 2.231444999999999901e+00 8.544920000000000293e-01 3.100585999999999842e+00 2.856444999999999901e+00
7.226559999999999651e-01 2.225341999999999931e+00 8.508299999999999752e-01 3.092041000000000039e+00 2.856444999999999901e+00
7.177729999999999944e-01 2.222900000000000098e+00 8.459470000000000045e-01 3.090819999999999901e+00 2.838134999999999852e+00
7.177729999999999944e-01 2.221680000000000099e+00 8.447270000000000056e-01 3.090819999999999901e+00 2.839354999999999851e+00
7.116700000000000248e-01 2.215575999999999990e+00 8.410640000000000338e-01 3.083495999999999793e+00 2.856444999999999901e+00
7.080079999999999707e-01 2.211914000000000158e+00 8.361819999999999808e-01 3.081055000000000099e+00 2.846680000000000099e+00
7.043460000000000276e-01 2.205811000000000188e+00 8.349609999999999532e-01 3.081055000000000099e+00 2.838134999999999852e+00
6.994629999999999459e-01 2.203368999999999911e+00 8.300779999999999825e-01 3.074950999999999990e+00 2.841797000000000128e+00
6.982420000000000293e-01 2.202148000000000216e+00 8.264160000000000394e-01 3.073729999999999851e+00 2.839354999999999851e+00
6.921389999999999487e-01 2.193604000000000109e+00 8.251950000000000118e-01 3.071289000000000158e+00 2.846680000000000099e+00
6.884770000000000056e-01 2.186278999999999861e+00 8.190920000000000423e-01 3.066406000000000187e+00 2.838134999999999852e+00
6.823730000000000073e-01 2.186278999999999861e+00 8.166499999999999870e-01 3.061523000000000216e+00 2.836914000000000158e+00
6.787109999999999532e-01 2.182617000000000029e+00 8.093259999999999899e-01 3.061523000000000216e+00 2.828368999999999911e+00
6.738279999999999825e-01 2.174071999999999782e+00 8.056640000000000468e-01 3.061523000000000216e+00 2.821044999999999803e+00
6.689450000000000118e-01 2.172851999999999784e+00 8.007809999999999651e-01 3.051757999999999971e+00 2.829590000000000050e+00
6.640629999999999589e-01 2.167968999999999813e+00 7.971190000000000220e-01 3.043213000000000168e+00 2.839354999999999851e+00
6.591799999999999882e-01 2.163085999999999842e+00 7.958979999999999944e-01 3.041992000000000029e+00 2.821044999999999803e+00
6.555180000000000451e-01 2.163085999999999842e+00 7.910160000000000524e-01 3.034667999999999921e+00 2.827148000000000216e+00
6.506349999999999634e-01 2.153319999999999901e+00 7.885739999999999972e-01 3.037109000000000059e+00 2.817382999999999971e+00
6.494140000000000468e-01 2.153319999999999901e+00 7.873539999999999983e-01 3.032226999999999784e+00 2.817382999999999971e+00
6.433109999999999662e-01 2.144775000000000098e+00 7.861329999999999707e-01 3.032226999999999784e+00 2.807617000000000029e+00
6.396479999999999944e-01 2.142333999999999961e+00 7.861329999999999707e-01 3.024901999999999980e+00 2.801514000000000060e+00
6.359860000000000513e-01 2.143555000000000099e+00 7.824710000000000276e-01 3.022460999999999842e+00 2.817382999999999971e+00
6.335450000000000248e-01 2.139892999999999823e+00 7.861329999999999707e-01 3.022460999999999842e+00 2.807617000000000029e+00
6.311039999999999983e-01 2.137450999999999990e+00 7.861329999999999707e-01 3.022460999999999842e+00 2.801514000000000060e+00
6.311039999999999983e-01 2.143555000000000099e+00 7.885739999999999972e-01 3.022460999999999842e+00 2.808838000000000168e+00
6.298829999999999707e-01 2.143555000000000099e+00 7.910160000000000524e-01 3.015137000000000178e+00 2.807617000000000029e+00
6.298829999999999707e-01 2.148438000000000070e+00 7.922360000000000513e-01 3.013916000000000039e+00 2.807617000000000029e+00
6.298829999999999707e-01 2.143555000000000099e+00 7.922360000000000513e-01 3.015137000000000178e+00 2.797851999999999784e+00
6.298829999999999707e-01 2.143555000000000099e+00 7.922360000000000513e-01 3.012694999999999901e+00 2.797851999999999784e+00
6.262210000000000276e-01 2.143555000000000099e+00 7.922360000000000513e-01 3.015137000000000178e+00 2.799071999999999782e+00
6.250000000000000000e-01 2.143555000000000099e+00 7.910160000000000524e-01 3.012694999999999901e+00 2.791748000000000118e+00
6.250000000000000000e-01 2.143555000000000099e+00 7.897950000000000248e-01 3.012694999999999901e+00 2.811278999999999861e+00
6.213379999999999459e-01 2.137450999999999990e+00 7.873539999999999983e-01 3.012694999999999901e+00 2.808838000000000168e+00
6.201170000000000293e-01 2.135009999999999852e+00 7.873539999999999983e-01 3.012694999999999901e+00 2.807617000000000029e+00
6.201170000000000293e-01 2.135009999999999852e+00 7.873539999999999983e-01 3.012694999999999901e+00 2.807617000000000029e+00
6.201170000000000293e-01 2.133789000000000158e+00 7.861329999999999707e-01 3.012694999999999901e+00 2.797851999999999784e+00
6.164549999999999752e-01 2.133789000000000158e+00 7.861329999999999707e-01 3.006591999999999931e+00 2.807617000000000029e+00
6.140139999999999487e-01 2.133789000000000158e+00 7.861329999999999707e-01 3.005370999999999793e+00 2.788085999999999842e+00
6.115720000000000045e-01 2.133789000000000158e+00 7.861329999999999707e-01 3.005370999999999793e+00 2.788085999999999842e+00
6.115720000000000045e-01 2.133789000000000158e+00 7.861329999999999707e-01 3.004150000000000098e+00 2.797851999999999784e+00
6.103520000000000056e-01 2.127686000000000188e+00 7.861329999999999707e-01 3.002930000000000099e+00 2.779541000000000039e+00
6.103520000000000056e-01 2.125243999999999911e+00 7.861329999999999707e-01 3.002930000000000099e+00 2.788085999999999842e+00
6.054690000000000349e-01 2.124023000000000216e+00 7.824710000000000276e-01 3.002930000000000099e+00 2.788085999999999842e+00
6.054690000000000349e-01 2.124023000000000216e+00 7.812500000000000000e-01 3.004150000000000098e+00 2.797851999999999784e+00
6.054690000000000349e-01 2.124023000000000216e+00 7.812500000000000000e-01 3.002930000000000099e+00 2.778319999999999901e+00
6.018069999999999808e-01 2.124023000000000216e+00 7.824710000000000276e-01 3.002930000000000099e+00 2.788085999999999842e+00
6.018069999999999808e-01 2.124023000000000216e+00 7.824710000000000276e-01 2.995604999999999851e+00 2.788085999999999842e+00
6.018069999999999808e-01 2.124023000000000216e+00 7.824710000000000276e-01 2.994384999999999852e+00 2.799071999999999782e+00
6.018069999999999808e-01 2.124023000000000216e+00 7.861329999999999707e-01 2.996825999999999990e+00 2.788085999999999842e+00
6.018069999999999808e-01 2.125243999999999911e+00 7.873539999999999983e-01 2.996825999999999990e+00 2.790526999999999980e+00
6.018069999999999808e-01 2.124023000000000216e+00 7.897950000000000248e-01 3.002930000000000099e+00 2.790526999999999980e+00
6.042480000000000073e-01 2.124023000000000216e+00 7.922360000000000513e-01 3.004150000000000098e+00 2.808838000000000168e+00
6.054690000000000349e-01 2.124023000000000216e+00 7.971190000000000220e-01 2.996825999999999990e+00 2.800292999999999921e+00
6.103520000000000056e-01 2.127686000000000188e+00 8.007809999999999651e-01 3.002930000000000099e+00 2.791748000000000118e+00
6.103520000000000056e-01 2.133789000000000158e+00 8.020019999999999927e-01 3.006591999999999931e+00 2.818604000000000109e+00
6.115720000000000045e-01 2.133789000000000158e+00 8.056640000000000468e-01 3.012694999999999901e+00 2.788085999999999842e+00
6.140139999999999487e-01 2.135009999999999852e+00 8.068849999999999634e-01 3.012694999999999901e+00 2.797851999999999784e+00
6.164549999999999752e-01 2.143555000000000099e+00 8.093259999999999899e-01 3.012694999999999901e+00 2.799071999999999782e+00
6.201170000000000293e-01 2.143555000000000099e+00 8.154299999999999882e-01 3.012694999999999901e+00 2.799071999999999782e+00
6.201170000000000293e-01 2.143555000000000099e+00 8.154299999999999882e-01 3.022460999999999842e+00 2.801514000000000060e+00
6.201170000000000293e-01 2.144775000000000098e+00 8.154299999999999882e-01 3.022460999999999842e+00 2.817382999999999971e+00
6.213379999999999459e-01 2.144775000000000098e+00 8.117680000000000451e-01 3.023681999999999981e+00 2.817382999999999971e+00
6.213379999999999459e-01 2.145995999999999793e+00 8.093259999999999899e-01 3.022460999999999842e+00 2.800292999999999921e+00
6.201170000000000293e-01 2.143555000000000099e+00 8.056640000000000468e-01 3.022460999999999842e+00 2.811278999999999861e+00
6.201170000000000293e-01 2.138672000000000128e+00 8.020019999999999927e-01 3.022460999999999842e+00 2.817382999999999971e+00
6.152339999999999476e-01 2.133789000000000158e+00 7.971190000000000220e-01 3.012694999999999901e+00 2.812500000000000000e+00
6.140139999999999487e-01 2.133789000000000158e+00 7.922360000000000513e-01 3.015137000000000178e+00 2.818604000000000109e+00
6.103520000000000056e-01 2.127686000000000188e+00 7.873539999999999983e-01 3.012694999999999901e+00 2.808838000000000168e+00
6.103520000000000056e-01 2.124023000000000216e+00 7.861329999999999707e-01 3.012694999999999901e+00 2.807617000000000029e+00
6.054690000000000349e-01 2.124023000000000216e+00 7.812500000000000000e-01 3.002930000000000099e+00 2.797851999999999784e+00
6.054690000000000349e-01 2.124023000000000216e+00 7.824710000000000276e-01 3.002930000000000099e+00 2.800292999999999921e+00
6.042480000000000073e-01 2.124023000000000216e+00 7.836910000000000265e-01 3.004150000000000098e+00 2.817382999999999971e+00
6.042480000000000073e-01 2.124023000000000216e+00 7.861329999999999707e-01 3.007813000000000070e+00 2.790526999999999980e+00
6.054690000000000349e-01 2.124023000000000216e+00 7.873539999999999983e-01 3.004150000000000098e+00 2.817382999999999971e+00
6.054690000000000349e-01 2.125243999999999911e+00 7.873539999999999983e-01 3.002930000000000099e+00 2.797851999999999784e+00
6.054690000000000349e-01 2.124023000000000216e+00 7.873539999999999983e-01 3.004150000000000098e+00 2.807617000000000029e+00
6.054690000000000349e-01 2.125243999999999911e+00 7.873539999999999983e-01 3.005370999999999793e+00 2.794188999999999812e+00
6.054690000000000349e-01 2.125243999999999911e+00 7.873539999999999983e-01 3.006591999999999931e+00 2.819824000000000108e+00
6.066890000000000338e-01 2.125243999999999911e+00 7.873539999999999983e-01 3.002930000000000099e+00 2.807617000000000029e+00
6.054690000000000349e-01 2.125243999999999911e+00 7.897950000000000248e-01 3.004150000000000098e+00 2.808838000000000168e+00
6.018069999999999808e-01 2.124023000000000216e+00 7.861329999999999707e-01 3.002930000000000099e+00 2.797851999999999784e+00
6.030269999999999797e-01 2.124023000000000216e+00 7.861329999999999707e-01 3.004150000000000098e+00 2.807617000000000029e+00
6.030269999999999797e-01 2.124023000000000216e+00 7.861329999999999707e-01 3.004150000000000098e+00 2.807617000000000029e+00
6.018069999999999808e-01 2.124023000000000216e+00 7.824710000000000276e-01 3.002930000000000099e+00 2.788085999999999842e+00
6.005859999999999532e-01 2.124023000000000216e+00 7.812500000000000000e-01 3.002930000000000099e+00 2.797851999999999784e+00
6.005859999999999532e-01 2.119140999999999941e+00 7.800289999999999724e-01 3.002930000000000099e+00 2.797851999999999784e+00
5.969240000000000101e-01 2.115479000000000109e+00 7.775879999999999459e-01 3.002930000000000099e+00 2.797851999999999784e+00
5.957029999999999825e-01 2.114257999999999971e+00 7.763670000000000293e-01 3.002930000000000099e+00 2.797851999999999784e+00
5.944819999999999549e-01 2.114257999999999971e+00 7.763670000000000293e-01 2.995604999999999851e+00 2.797851999999999784e+00
5.932619999999999560e-01 2.109375000000000000e+00 7.714839999999999476e-01 2.993164000000000158e+00 2.789306999999999981e+00
5.908200000000000118e-01 2.105713000000000168e+00 7.678220000000000045e-01 2.993164000000000158e+00 2.797851999999999784e+00
5.908200000000000118e-01 2.104492000000000029e+00 7.678220000000000045e-01 2.993164000000000158e+00 2.790526999999999980e+00
5.859379999999999589e-01 2.109375000000000000e+00 7.666020000000000056e-01 2.985840000000000050e+00 2.797851999999999784e+00
5.859379999999999589e-01 2.104492000000000029e+00 7.678220000000000045e-01 2.985840000000000050e+00 2.791748000000000118e+00
5.859379999999999589e-01 2.104492000000000029e+00 7.714839999999999476e-01 2.985840000000000050e+00 2.799071999999999782e+00
5.847170000000000423e-01 2.104492000000000029e+00 7.690430000000000321e-01 2.984618999999999911e+00 2.797851999999999784e+00
5.847170000000000423e-01 2.105713000000000168e+00 7.690430000000000321e-01 2.988281000000000187e+00 2.778319999999999901e+00
5.847170000000000423e-01 2.104492000000000029e+00 7.702639999999999487e-01 2.983398000000000216e+00 2.792968999999999813e+00
5.834960000000000147e-01 2.104492000000000029e+00 7.702639999999999487e-01 2.983398000000000216e+00 2.797851999999999784e+00
5.822749999999999870e-01 2.104492000000000029e+00 7.702639999999999487e-01 2.983398000000000216e+00 2.792968999999999813e+00
5.834960000000000147e-01 2.104492000000000029e+00 7.763670000000000293e-01 2.983398000000000216e+00 2.797851999999999784e+00
5.834960000000000147e-01 2.105713000000000168e+00 7.727049999999999752e-01 2.983398000000000216e+00 2.797851999999999784e+00
5.859379999999999589e-01 2.109375000000000000e+00 7.763670000000000293e-01 2.984618999999999911e+00 2.797851999999999784e+00
5.859379999999999589e-01 2.114257999999999971e+00 7.800289999999999724e-01 2.993164000000000158e+00 2.780762000000000178e+00
5.908200000000000118e-01 2.114257999999999971e+00 7.861329999999999707e-01 2.987061000000000188e+00 2.807617000000000029e+00
5.908200000000000118e-01 2.116699000000000108e+00 7.873539999999999983e-01 2.993164000000000158e+00 2.788085999999999842e+00
5.908200000000000118e-01 2.117919999999999803e+00 7.861329999999999707e-01 2.994384999999999852e+00 2.794188999999999812e+00
5.920410000000000394e-01 2.117919999999999803e+00 7.873539999999999983e-01 2.994384999999999852e+00 2.807617000000000029e+00
5.920410000000000394e-01 2.116699000000000108e+00 7.873539999999999983e-01 2.994384999999999852e+00 2.792968999999999813e+00
5.920410000000000394e-01 2.116699000000000108e+00 7.861329999999999707e-01 2.995604999999999851e+00 2.790526999999999980e+00
5.944819999999999549e-01 2.124023000000000216e+00 7.873539999999999983e-01 2.995604999999999851e+00 2.801514000000000060e+00
5.944819999999999549e-01 2.128906000000000187e+00 7.971190000000000220e-01 2.994384999999999852e+00 2.811278999999999861e+00
5.969240000000000101e-01 2.136229999999999851e+00 8.093259999999999899e-01 3.002930000000000099e+00 2.807617000000000029e+00
6.079099999999999504e-01 2.153319999999999901e+00 8.264160000000000394e-01 3.006591999999999931e+00 2.817382999999999971e+00
6.115720000000000045e-01 2.153319999999999901e+00 8.312990000000000101e-01 3.012694999999999901e+00 2.797851999999999784e+00
6.152339999999999476e-01 2.156982000000000177e+00 8.349609999999999532e-01 3.015137000000000178e+00 2.806395999999999891e+00
6.201170000000000293e-01 2.163085999999999842e+00 8.312990000000000101e-01 3.022460999999999842e+00 2.817382999999999971e+00
6.201170000000000293e-01 2.160645000000000149e+00 8.300779999999999825e-01 3.022460999999999842e+00 2.817382999999999971e+00
6.201170000000000293e-01 2.163085999999999842e+00 8.264160000000000394e-01 3.016357000000000177e+00 2.827148000000000216e+00
6.201170000000000293e-01 2.158202999999999872e+00 8.251950000000000118e-01 3.022460999999999842e+00 2.807617000000000029e+00
6.201170000000000293e-01 2.156982000000000177e+00 8.215329999999999577e-01 3.022460999999999842e+00 2.808838000000000168e+00
6.201170000000000293e-01 2.153319999999999901e+00 8.166499999999999870e-01 3.022460999999999842e+00 2.817382999999999971e+00
6.201170000000000293e-01 2.153319999999999901e+00 8.117680000000000451e-01 3.022460999999999842e+00 2.817382999999999971e+00
6.164549999999999752e-01 2.144775000000000098e+00 8.081049999999999622e-01 3.022460999999999842e+00 2.811278999999999861e+00
6.152339999999999476e-01 2.144775000000000098e+00 8.056640000000000468e-01 3.022460999999999842e+00 2.817382999999999971e+00
6.127930000000000321e-01 2.143555000000000099e+00 8.056640000000000468e-01 3.013916000000000039e+00 2.818604000000000109e+00
6.127930000000000321e-01 2.144775000000000098e+00 8.068849999999999634e-01 3.015137000000000178e+00 2.807617000000000029e+00
6.140139999999999487e-01 2.143555000000000099e+00 8.081049999999999622e-01 3.012694999999999901e+00 2.807617000000000029e+00
6.140139999999999487e-01 2.143555000000000099e+00 8.105470000000000175e-01 3.013916000000000039e+00 2.818604000000000109e+00
6.140139999999999487e-01 2.147216999999999931e+00 8.166499999999999870e-01 3.022460999999999842e+00 2.802734000000000059e+00
6.164549999999999752e-01 2.153319999999999901e+00 8.203129999999999589e-01 3.015137000000000178e+00 2.811278999999999861e+00
6.201170000000000293e-01 2.153319999999999901e+00 8.264160000000000394e-01 3.024901999999999980e+00 2.821044999999999803e+00
6.213379999999999459e-01 2.158202999999999872e+00 8.349609999999999532e-01 3.024901999999999980e+00 2.827148000000000216e+00
6.250000000000000000e-01 2.164306999999999981e+00 8.361819999999999808e-01 3.032226999999999784e+00 2.819824000000000108e+00
6.262210000000000276e-01 2.163085999999999842e+00 8.361819999999999808e-01 3.032226999999999784e+00 2.832031000000000187e+00
6.298829999999999707e-01 2.163085999999999842e+00 8.349609999999999532e-01 3.032226999999999784e+00 2.836914000000000158e+00
6.298829999999999707e-01 2.163085999999999842e+00 8.264160000000000394e-01 3.032226999999999784e+00 2.827148000000000216e+00
6.262210000000000276e-01 2.163085999999999842e+00 8.190920000000000423e-01 3.032226999999999784e+00 2.824707000000000079e+00
6.262210000000000276e-01 2.154541000000000039e+00 8.117680000000000451e-01 3.032226999999999784e+00 2.828368999999999911e+00
6.250000000000000000e-01 2.153319999999999901e+00 8.056640000000000468e-01 3.022460999999999842e+00 2.821044999999999803e+00
6.213379999999999459e-01 2.144775000000000098e+00 7.995609999999999662e-01 3.023681999999999981e+00 2.838134999999999852e+00
6.201170000000000293e-01 2.139892999999999823e+00 7.958979999999999944e-01 3.022460999999999842e+00 2.807617000000000029e+00
6.140139999999999487e-01 2.136229999999999851e+00 7.873539999999999983e-01 3.015137000000000178e+00 2.808838000000000168e+00
6.103520000000000056e-01 2.133789000000000158e+00 7.824710000000000276e-01 3.012694999999999901e+00 2.807617000000000029e+00
6.066890000000000338e-01 2.125243999999999911e+00 7.800289999999999724e-01 3.004150000000000098e+00 2.817382999999999971e+00
6.042480000000000073e-01 2.126465000000000050e+00 7.775879999999999459e-01 3.002930000000000099e+00 2.797851999999999784e+00
6.018069999999999808e-01 2.117919999999999803e+00 7.763670000000000293e-01 3.002930000000000099e+00 2.797851999999999784e+00
5.969240000000000101e-01 2.116699000000000108e+00 7.763670000000000293e-01 3.002930000000000099e+00 2.797851999999999784e+00
5.957029999999999825e-01 2.114257999999999971e+00 7.763670000000000293e-01 2.995604999999999851e+00 2.797851999999999784e+00
5.944819999999999549e-01 2.114257999999999971e+00 7.763670000000000293e-01 2.994384999999999852e+00 2.801514000000000060e+00
5.920410000000000394e-01 2.114257999999999971e+00 7.763670000000000293e-01 2.993164000000000158e+00 2.789306999999999981e+00
5.920410000000000394e-01 2.114257999999999971e+00 7.763670000000000293e-01 2.993164000000000158e+00 2.790526999999999980e+00
5.908200000000000118e-01 2.114257999999999971e+00 7.775879999999999459e-01 2.993164000000000158e+00 2.801514000000000060e+00
5.908200000000000118e-01 2.114257999999999971e+00 7.812500000000000000e-01 2.990723000000000020e+00 2.807617000000000029e+00
5.908200000000000118e-01 2.114257999999999971e+00 7.824710000000000276e-01 2.993164000000000158e+00 2.799071999999999782e+00
5.920410000000000394e-01 2.116699000000000108e+00 7.861329999999999707e-01 2.993164000000000158e+00 2.797851999999999784e+00
5.932619999999999560e-01 2.120360999999999940e+00 7.885739999999999972e-01 2.993164000000000158e+00 2.791748000000000118e+00
5.957029999999999825e-01 2.133789000000000158e+00 7.958979999999999944e-01 2.996825999999999990e+00 2.811278999999999861e+00
5.969240000000000101e-01 2.133789000000000158e+00 8.007809999999999651e-01 3.002930000000000099e+00 2.799071999999999782e+00
6.005859999999999532e-01 2.137450999999999990e+00 8.056640000000000468e-01 3.002930000000000099e+00 2.799071999999999782e+00
6.018069999999999808e-01 2.143555000000000099e+00 8.068849999999999634e-01 3.005370999999999793e+00 2.817382999999999971e+00
6.054690000000000349e-01 2.144775000000000098e+00 8.093259999999999899e-01 3.004150000000000098e+00 2.812500000000000000e+00
6.066890000000000338e-01 2.144775000000000098e+00 8.105470000000000175e-01 3.012694999999999901e+00 2.800292999999999921e+00
6.103520000000000056e-01 2.147216999999999931e+00 8.117680000000000451e-01 3.012694999999999901e+00 2.808838000000000168e+00
6.103520000000000056e-01 2.153319999999999901e+00 8.117680000000000451e-01 3.017577999999999872e+00 2.811278999999999861e+00
6.115720000000000045e-01 2.147216999999999931e+00 8.093259999999999899e-01 3.012694999999999901e+00 2.818604000000000109e+00
6.115720000000000045e-01 2.153319999999999901e+00 8.068849999999999634e-01 3.012694999999999901e+00 2.817382999999999971e+00
6.103520000000000056e-01 2.143555000000000099e+00 8.044430000000000192e-01 3.012694999999999901e+00 2.817382999999999971e+00
6.103520000000000056e-01 2.143555000000000099e+00 8.007809999999999651e-01 3.012694999999999901e+00 2.807617000000000029e+00
6.103520000000000056e-01 2.143555000000000099e+00 7.971190000000000220e-01 3.015137000000000178e+00 2.808838000000000168e+00
6.066890000000000338e-01 2.136229999999999851e+00 7.958979999999999944e-01 3.012694999999999901e+00 2.801514000000000060e+00
6.054690000000000349e-01 2.133789000000000158e+00 7.910160000000000524e-01 3.006591999999999931e+00 2.821044999999999803e+00
6.042480000000000073e-01 2.133789000000000158e+00 7.897950000000000248e-01 3.006591999999999931e+00 2.818604000000000109e+00
6.042480000000000073e-01 2.133789000000000158e+00 7.885739999999999972e-01 3.002930000000000099e+00 2.797851999999999784e+00
6.018069999999999808e-01 2.128906000000000187e+00 7.873539999999999983e-01 3.002930000000000099e+00 2.800292999999999921e+00
6.005859999999999532e-01 2.126465000000000050e+00 7.873539999999999983e-01 3.002930000000000099e+00 2.808838000000000168e+00
6.005859999999999532e-01 2.124023000000000216e+00 7.861329999999999707e-01 3.002930000000000099e+00 2.807617000000000029e+00
6.005859999999999532e-01 2.124023000000000216e+00 7.824710000000000276e-01 3.005370999999999793e+00 2.807617000000000029e+00
5.969240000000000101e-01 2.117919999999999803e+00 7.812500000000000000e-01 2.994384999999999852e+00 2.807617000000000029e+00
5.920410000000000394e-01 2.114257999999999971e+00 7.775879999999999459e-01 3.002930000000000099e+00 2.797851999999999784e+00
5.920410000000000394e-01 2.114257999999999971e+00 7.763670000000000293e-01 2.993164000000000158e+00 2.797851999999999784e+00
5.908200000000000118e-01 2.109375000000000000e+00 7.714839999999999476e-01 2.993164000000000158e+00 2.789306999999999981e+00
5.871579999999999577e-01 2.104492000000000029e+00 7.690430000000000321e-01 2.989501999999999882e+00 2.797851999999999784e+00
5.847170000000000423e-01 2.104492000000000029e+00 7.666020000000000056e-01 2.993164000000000158e+00 2.780762000000000178e+00
5.822749999999999870e-01 2.098389000000000060e+00 7.666020000000000056e-01 2.983398000000000216e+00 2.790526999999999980e+00
5.810549999999999882e-01 2.095946999999999782e+00 7.617190000000000349e-01 2.983398000000000216e+00 2.792968999999999813e+00
5.773930000000000451e-01 2.094726999999999784e+00 7.617190000000000349e-01 2.983398000000000216e+00 2.797851999999999784e+00
5.761720000000000175e-01 2.091063999999999812e+00 7.617190000000000349e-01 2.985840000000000050e+00 2.797851999999999784e+00
5.749509999999999899e-01 2.094726999999999784e+00 7.617190000000000349e-01 2.976074000000000108e+00 2.788085999999999842e+00
5.773930000000000451e-01 2.095946999999999782e+00 7.702639999999999487e-01 2.983398000000000216e+00 2.788085999999999842e+00
5.822749999999999870e-01 2.117919999999999803e+00 7.934569999999999679e-01 2.984618999999999911e+00 2.797851999999999784e+00
5.908200000000000118e-01 2.137450999999999990e+00 8.251950000000000118e-01 2.994384999999999852e+00 2.797851999999999784e+00
6.042480000000000073e-01 2.159424000000000010e+00 8.544920000000000293e-01 3.012694999999999901e+00 2.788085999999999842e+00
6.152339999999999476e-01 2.174071999999999782e+00 8.703610000000000513e-01 3.022460999999999842e+00 2.807617000000000029e+00
6.262210000000000276e-01 2.187500000000000000e+00 8.789059999999999651e-01 3.034667999999999921e+00 2.817382999999999971e+00
6.359860000000000513e-01 2.193604000000000109e+00 8.850099999999999634e-01 3.046875000000000000e+00 2.827148000000000216e+00
6.408690000000000220e-01 2.202148000000000216e+00 8.837890000000000468e-01 3.052979000000000109e+00 2.841797000000000128e+00
6.494140000000000468e-01 2.203368999999999911e+00 8.850099999999999634e-01 3.061523000000000216e+00 2.838134999999999852e+00
6.530759999999999899e-01 2.214354999999999851e+00 8.837890000000000468e-01 3.061523000000000216e+00 2.836914000000000158e+00
6.591799999999999882e-01 2.211914000000000158e+00 8.801269999999999927e-01 3.066406000000000187e+00 2.838134999999999852e+00
6.603999999999999870e-01 2.211914000000000158e+00 8.752440000000000220e-01 3.071289000000000158e+00 2.849120999999999793e+00
6.628420000000000423e-01 2.211914000000000158e+00 8.752440000000000220e-01 3.071289000000000158e+00 2.851563000000000070e+00
6.652829999999999577e-01 2.211914000000000158e+00 8.801269999999999927e-01 3.072509999999999852e+00 2.866210999999999842e+00
6.726069999999999549e-01 2.221680000000000099e+00 8.886720000000000175e-01 3.081055000000000099e+00 2.846680000000000099e+00
6.799319999999999808e-01 2.233887000000000178e+00 8.972170000000000423e-01 3.084716999999999931e+00 2.866210999999999842e+00
6.884770000000000056e-01 2.235107000000000177e+00 9.033200000000000118e-01 3.094482000000000177e+00 2.857666000000000039e+00
6.921389999999999487e-01 2.241210999999999842e+00 9.045410000000000394e-01 3.100585999999999842e+00 2.856444999999999901e+00
6.982420000000000293e-01 2.243651999999999980e+00 9.045410000000000394e-01 3.101806999999999981e+00 2.875976999999999784e+00
7.006839999999999735e-01 2.250976999999999784e+00 9.045410000000000394e-01 3.110351999999999784e+00 2.860107000000000177e+00
7.043460000000000276e-01 2.250976999999999784e+00 9.033200000000000118e-01 3.110351999999999784e+00 2.875976999999999784e+00
7.055660000000000265e-01 2.250976999999999784e+00 9.033200000000000118e-01 3.110351999999999784e+00 2.875976999999999784e+00
7.080079999999999707e-01 2.250976999999999784e+00 9.033200000000000118e-01 3.111571999999999782e+00 2.885742000000000029e+00
7.092289999999999983e-01 2.252196999999999782e+00 9.033200000000000118e-01 3.114014000000000060e+00 2.875976999999999784e+00
7.128910000000000524e-01 2.260742000000000029e+00 9.069819999999999549e-01 3.120117000000000029e+00 2.866210999999999842e+00
7.177729999999999944e-01 2.270507999999999971e+00 9.130859999999999532e-01 3.120117000000000029e+00 2.871093999999999813e+00
7.214359999999999662e-01 2.270507999999999971e+00 9.191890000000000338e-01 3.129882999999999971e+00 2.885742000000000029e+00
7.275390000000000468e-01 2.274169999999999803e+00 9.228520000000000056e-01 3.129882999999999971e+00 2.885742000000000029e+00
7.312009999999999899e-01 2.282715000000000050e+00 9.240720000000000045e-01 3.131104000000000109e+00 2.895507999999999971e+00
7.336430000000000451e-01 2.280273000000000216e+00 9.228520000000000056e-01 3.139648000000000216e+00 2.875976999999999784e+00
7.385249999999999870e-01 2.280273000000000216e+00 9.228520000000000056e-01 3.139648000000000216e+00 2.886963000000000168e+00
7.385249999999999870e-01 2.280273000000000216e+00 9.228520000000000056e-01 3.139648000000000216e+00 2.886963000000000168e+00
7.373049999999999882e-01 2.280273000000000216e+00 9.179690000000000349e-01 3.139648000000000216e+00 2.885742000000000029e+00
7.373049999999999882e-01 2.281493999999999911e+00 9.143069999999999808e-01 3.135985999999999940e+00 2.897949000000000108e+00
7.385249999999999870e-01 2.280273000000000216e+00 9.130859999999999532e-01 3.139648000000000216e+00 2.886963000000000168e+00
7.373049999999999882e-01 2.280273000000000216e+00 9.069819999999999549e-01 3.139648000000000216e+00 2.889403999999999861e+00
7.373049999999999882e-01 2.280273000000000216e+00 9.033200000000000118e-01 3.139648000000000216e+00 2.895507999999999971e+00
7.373049999999999882e-01 2.272949000000000108e+00 8.984379999999999589e-01 3.131104000000000109e+00 2.896729000000000109e+00
7.336430000000000451e-01 2.270507999999999971e+00 8.959960000000000147e-01 3.131104000000000109e+00 2.886963000000000168e+00
7.324220000000000175e-01 2.270507999999999971e+00 8.959960000000000147e-01 3.131104000000000109e+00 2.885742000000000029e+00
7.312009999999999899e-01 2.271729000000000109e+00 9.033200000000000118e-01 3.129882999999999971e+00 2.868651999999999980e+00
7.312009999999999899e-01 2.270507999999999971e+00 9.033200000000000118e-01 3.131104000000000109e+00 2.895507999999999971e+00
7.312009999999999899e-01 2.270507999999999971e+00 8.996579999999999577e-01 3.129882999999999971e+00 2.877196999999999782e+00
7.299799999999999622e-01 2.270507999999999971e+00 8.947749999999999870e-01 3.129882999999999971e+00 2.885742000000000029e+00
7.287599999999999634e-01 2.270507999999999971e+00 8.959960000000000147e-01 3.129882999999999971e+00 2.885742000000000029e+00
7.287599999999999634e-01 2.270507999999999971e+00 8.947749999999999870e-01 3.129882999999999971e+00 2.885742000000000029e+00
7.324220000000000175e-01 2.280273000000000216e+00 9.069819999999999549e-01 3.129882999999999971e+00 2.888183999999999862e+00
7.385249999999999870e-01 2.291259999999999852e+00 9.289549999999999752e-01 3.131104000000000109e+00 2.905273000000000216e+00
7.495119999999999560e-01 2.309569999999999901e+00 9.484860000000000513e-01 3.143311000000000188e+00 2.899169999999999803e+00
7.604980000000000073e-01 2.319335999999999842e+00 9.619140000000000468e-01 3.150634999999999852e+00 2.905273000000000216e+00
7.666020000000000056e-01 2.322998000000000118e+00 9.631349999999999634e-01 3.159180000000000099e+00 2.891846000000000139e+00
7.714839999999999476e-01 2.329101999999999784e+00 9.619140000000000468e-01 3.161620999999999793e+00 2.910156000000000187e+00
7.714839999999999476e-01 2.329101999999999784e+00 9.533690000000000220e-01 3.168944999999999901e+00 2.916259999999999852e+00
7.714839999999999476e-01 2.322998000000000118e+00 9.448239999999999972e-01 3.168944999999999901e+00 2.915039000000000158e+00
7.690430000000000321e-01 2.319335999999999842e+00 9.338379999999999459e-01 3.161620999999999793e+00 2.915039000000000158e+00
7.666020000000000056e-01 2.312012000000000178e+00 9.228520000000000056e-01 3.159180000000000099e+00 2.905273000000000216e+00
7.617190000000000349e-01 2.309569999999999901e+00 9.130859999999999532e-01 3.153075999999999990e+00 2.915039000000000158e+00
7.568359999999999532e-01 2.299805000000000099e+00 8.984379999999999589e-01 3.154297000000000128e+00 2.893066000000000138e+00
7.507319999999999549e-01 2.291259999999999852e+00 8.886720000000000175e-01 3.143311000000000188e+00 2.910156000000000187e+00
7.470700000000000118e-01 2.283936000000000188e+00 8.789059999999999651e-01 3.139648000000000216e+00 2.895507999999999971e+00
7.385249999999999870e-01 2.280273000000000216e+00 8.691410000000000524e-01 3.134765999999999941e+00 2.890625000000000000e+00
7.336430000000000451e-01 2.270507999999999971e+00 8.605960000000000276e-01 3.129882999999999971e+00 2.895507999999999971e+00
7.275390000000000468e-01 2.265625000000000000e+00 8.557129999999999459e-01 3.125000000000000000e+00 2.890625000000000000e+00
7.177729999999999944e-01 2.250976999999999784e+00 8.459470000000000045e-01 3.112792999999999921e+00 2.888183999999999862e+00
7.092289999999999983e-01 2.246093999999999813e+00 8.410640000000000338e-01 3.110351999999999784e+00 2.885742000000000029e+00
7.080079999999999707e-01 2.242431999999999981e+00 8.361819999999999808e-01 3.110351999999999784e+00 2.879639000000000060e+00
7.031250000000000000e-01 2.232666000000000039e+00 8.349609999999999532e-01 3.101806999999999981e+00 2.890625000000000000e+00
6.982420000000000293e-01 2.231444999999999901e+00 8.264160000000000394e-01 3.100585999999999842e+00 2.875976999999999784e+00
6.921389999999999487e-01 2.222900000000000098e+00 8.215329999999999577e-01 3.092041000000000039e+00 2.877196999999999782e+00
6.884770000000000056e-01 2.221680000000000099e+00 8.166499999999999870e-01 3.090819999999999901e+00 2.856444999999999901e+00
6.787109999999999532e-01 2.207031000000000187e+00 8.081049999999999622e-01 3.081055000000000099e+00 2.860107000000000177e+00
6.726069999999999549e-01 2.203368999999999911e+00 8.068849999999999634e-01 3.073729999999999851e+00 2.866210999999999842e+00
6.689450000000000118e-01 2.202148000000000216e+00 8.056640000000000468e-01 3.074950999999999990e+00 2.866210999999999842e+00
6.652829999999999577e-01 2.202148000000000216e+00 8.068849999999999634e-01 3.074950999999999990e+00 2.856444999999999901e+00
6.640629999999999589e-01 2.202148000000000216e+00 8.068849999999999634e-01 3.074950999999999990e+00 2.850341999999999931e+00
6.616210000000000147e-01 2.196044999999999803e+00 8.093259999999999899e-01 3.071289000000000158e+00 2.840575999999999990e+00
6.591799999999999882e-01 2.196044999999999803e+00 8.105470000000000175e-01 3.072509999999999852e+00 2.857666000000000039e+00
6.591799999999999882e-01 2.198485999999999940e+00 8.166499999999999870e-01 3.071289000000000158e+00 2.840575999999999990e+00
6.689450000000000118e-01 2.209473000000000020e+00 8.361819999999999808e-01 3.072509999999999852e+00 2.866210999999999842e+00
6.787109999999999532e-01 2.222900000000000098e+00 8.654789999999999983e-01 3.081055000000000099e+00 2.850341999999999931e+00
6.909180000000000321e-01 2.241210999999999842e+00 8.935549999999999882e-01 3.094482000000000177e+00 2.877196999999999782e+00
7.043460000000000276e-01 2.254639000000000060e+00 9.069819999999999549e-01 3.111571999999999782e+00 2.875976999999999784e+00
7.177729999999999944e-01 2.270507999999999971e+00 9.143069999999999808e-01 3.129882999999999971e+00 2.868651999999999980e+00
7.226559999999999651e-01 2.272949000000000108e+00 9.143069999999999808e-01 3.129882999999999971e+00 2.895507999999999971e+00
7.287599999999999634e-01 2.280273000000000216e+00 9.130859999999999532e-01 3.133544999999999803e+00 2.895507999999999971e+00
7.336430000000000451e-01 2.281493999999999911e+00 9.094240000000000101e-01 3.139648000000000216e+00 2.885742000000000029e+00
7.373049999999999882e-01 2.290039000000000158e+00 9.118650000000000366e-01 3.139648000000000216e+00 2.895507999999999971e+00
7.385249999999999870e-01 2.290039000000000158e+00 9.167480000000000073e-01 3.149414000000000158e+00 2.896729000000000109e+00
7.421879999999999589e-01 2.299805000000000099e+00 9.228520000000000056e-01 3.149414000000000158e+00 2.896729000000000109e+00
7.470700000000000118e-01 2.299805000000000099e+00 9.228520000000000056e-01 3.149414000000000158e+00 2.895507999999999971e+00
7.482910000000000394e-01 2.302245999999999793e+00 9.240720000000000045e-01 3.151854999999999851e+00 2.905273000000000216e+00
7.507319999999999549e-01 2.309569999999999901e+00 9.277339999999999476e-01 3.159180000000000099e+00 2.905273000000000216e+00
7.568359999999999532e-01 2.319335999999999842e+00 9.338379999999999459e-01 3.159180000000000099e+00 2.910156000000000187e+00
7.629390000000000338e-01 2.333984000000000059e+00 9.436039999999999983e-01 3.168944999999999901e+00 2.917479999999999851e+00
7.824710000000000276e-01 2.368164000000000158e+00 9.814450000000000118e-01 3.188476999999999784e+00 2.924805000000000099e+00
7.958979999999999944e-01 2.379150000000000098e+00 9.973140000000000338e-01 3.199463000000000168e+00 2.945556999999999981e+00
8.056640000000000468e-01 2.397460999999999842e+00 1.005859000000000059e+00 3.217773000000000216e+00 2.927245999999999793e+00
8.154299999999999882e-01 2.398681999999999981e+00 1.010742000000000029e+00 3.217773000000000216e+00 2.945556999999999981e+00
8.203129999999999589e-01 2.407226999999999784e+00 1.010742000000000029e+00 3.227539000000000158e+00 2.954101999999999784e+00
8.251950000000000118e-01 2.407226999999999784e+00 1.000977000000000006e+00 3.229979999999999851e+00 2.954101999999999784e+00
8.264160000000000394e-01 2.407226999999999784e+00 9.960940000000000349e-01 3.232422000000000128e+00 2.956542999999999921e+00
