2.099610000000000087e-01 1.834716999999999931e+00 6.750490000000000101e-01 2.641601999999999784e+00
2.099610000000000087e-01 1.832275000000000098e+00 6.750490000000000101e-01 2.642821999999999782e+00
2.099610000000000087e-01 1.834716999999999931e+00 6.750490000000000101e-01 2.644042999999999921e+00
2.099610000000000087e-01 1.833496000000000015e+00 6.738279999999999825e-01 2.644042999999999921e+00
2.099610000000000087e-01 1.832275000000000098e+00 6.738279999999999825e-01 2.641601999999999784e+00
2.099610000000000087e-01 1.833496000000000015e+00 6.738279999999999825e-01 2.641601999999999784e+00
2.099610000000000087e-01 1.832275000000000098e+00 6.738279999999999825e-01 2.641601999999999784e+00
2.099610000000000087e-01 1.832275000000000098e+00 6.726069999999999549e-01 2.641601999999999784e+00
2.087400000000000089e-01 1.832275000000000098e+00 6.726069999999999549e-01 2.646484000000000059e+00
2.075200000000000100e-01 1.832275000000000098e+00 6.713869999999999560e-01 2.641601999999999784e+00
2.075200000000000100e-01 1.832275000000000098e+00 6.726069999999999549e-01 2.641601999999999784e+00
2.087400000000000089e-01 1.832275000000000098e+00 6.726069999999999549e-01 2.641601999999999784e+00
2.062990000000000101e-01 1.831055000000000099e+00 6.713869999999999560e-01 2.641601999999999784e+00
2.062990000000000101e-01 1.831055000000000099e+00 6.713869999999999560e-01 2.641601999999999784e+00
2.075200000000000100e-01 1.832275000000000098e+00 6.701660000000000394e-01 2.641601999999999784e+00
2.062990000000000101e-01 1.831055000000000099e+00 6.701660000000000394e-01 2.641601999999999784e+00
2.062990000000000101e-01 1.831055000000000099e+00 6.701660000000000394e-01 2.641601999999999784e+00
2.062990000000000101e-01 1.831055000000000099e+00 6.701660000000000394e-01 2.641601999999999784e+00
2.062990000000000101e-01 1.831055000000000099e+00 6.701660000000000394e-01 2.641601999999999784e+00
2.062990000000000101e-01 1.831055000000000099e+00 6.701660000000000394e-01 2.641601999999999784e+00
2.050780000000000103e-01 1.831055000000000099e+00 6.689450000000000118e-01 2.641601999999999784e+00
2.050780000000000103e-01 1.831055000000000099e+00 6.689450000000000118e-01 2.641601999999999784e+00
2.050780000000000103e-01 1.831055000000000099e+00 6.689450000000000118e-01 2.635498000000000118e+00
2.038570000000000104e-01 1.831055000000000099e+00 6.689450000000000118e-01 2.636718999999999813e+00
2.038570000000000104e-01 1.831055000000000099e+00 6.689450000000000118e-01 2.636718999999999813e+00
2.038570000000000104e-01 1.831055000000000099e+00 6.689450000000000118e-01 2.637938999999999812e+00
2.050780000000000103e-01 1.831055000000000099e+00 6.689450000000000118e-01 2.641601999999999784e+00
2.026370000000000116e-01 1.831055000000000099e+00 6.689450000000000118e-01 2.633056999999999981e+00
2.026370000000000116e-01 1.831055000000000099e+00 6.689450000000000118e-01 2.631835999999999842e+00
2.038570000000000104e-01 1.831055000000000099e+00 6.689450000000000118e-01 2.633056999999999981e+00
2.038570000000000104e-01 1.831055000000000099e+00 6.689450000000000118e-01 2.633056999999999981e+00
2.038570000000000104e-01 1.831055000000000099e+00 6.689450000000000118e-01 2.631835999999999842e+00
2.038570000000000104e-01 1.831055000000000099e+00 6.701660000000000394e-01 2.631835999999999842e+00
2.038570000000000104e-01 1.831055000000000099e+00 6.701660000000000394e-01 2.631835999999999842e+00
2.038570000000000104e-01 1.831055000000000099e+00 6.701660000000000394e-01 2.636718999999999813e+00
2.038570000000000104e-01 1.831055000000000099e+00 6.701660000000000394e-01 2.636718999999999813e+00
2.038570000000000104e-01 1.831055000000000099e+00 6.701660000000000394e-01 2.633056999999999981e+00
2.038570000000000104e-01 1.831055000000000099e+00 6.701660000000000394e-01 2.631835999999999842e+00
2.038570000000000104e-01 1.831055000000000099e+00 6.689450000000000118e-01 2.633056999999999981e+00
2.038570000000000104e-01 1.831055000000000099e+00 6.701660000000000394e-01 2.633056999999999981e+00
2.038570000000000104e-01 1.831055000000000099e+00 6.689450000000000118e-01 2.636718999999999813e+00
2.038570000000000104e-01 1.831055000000000099e+00 6.689450000000000118e-01 2.631835999999999842e+00
2.038570000000000104e-01 1.831055000000000099e+00 6.689450000000000118e-01 2.633056999999999981e+00
2.026370000000000116e-01 1.831055000000000099e+00 6.689450000000000118e-01 2.631835999999999842e+00
2.026370000000000116e-01 1.831055000000000099e+00 6.689450000000000118e-01 2.631835999999999842e+00
2.026370000000000116e-01 1.831055000000000099e+00 6.689450000000000118e-01 2.631835999999999842e+00
2.026370000000000116e-01 1.826171999999999906e+00 6.689450000000000118e-01 2.631835999999999842e+00
2.026370000000000116e-01 1.831055000000000099e+00 6.689450000000000118e-01 2.631835999999999842e+00
2.026370000000000116e-01 1.824950999999999990e+00 6.689450000000000118e-01 2.631835999999999842e+00
2.014160000000000117e-01 1.831055000000000099e+00 6.689450000000000118e-01 2.631835999999999842e+00
2.026370000000000116e-01 1.826171999999999906e+00 6.689450000000000118e-01 2.631835999999999842e+00
2.014160000000000117e-01 1.823730000000000073e+00 6.689450000000000118e-01 2.631835999999999842e+00
2.026370000000000116e-01 1.823730000000000073e+00 6.689450000000000118e-01 2.631835999999999842e+00
2.026370000000000116e-01 1.823730000000000073e+00 6.689450000000000118e-01 2.631835999999999842e+00
2.026370000000000116e-01 1.824950999999999990e+00 6.689450000000000118e-01 2.631835999999999842e+00
2.014160000000000117e-01 1.824950999999999990e+00 6.689450000000000118e-01 2.631835999999999842e+00
2.014160000000000117e-01 1.828613000000000044e+00 6.689450000000000118e-01 2.631835999999999842e+00
2.026370000000000116e-01 1.824950999999999990e+00 6.689450000000000118e-01 2.625732000000000177e+00
2.026370000000000116e-01 1.822510000000000074e+00 6.689450000000000118e-01 2.631835999999999842e+00
2.026370000000000116e-01 1.826171999999999906e+00 6.701660000000000394e-01 2.631835999999999842e+00
2.026370000000000116e-01 1.824950999999999990e+00 6.689450000000000118e-01 2.631835999999999842e+00
2.038570000000000104e-01 1.824950999999999990e+00 6.701660000000000394e-01 2.625732000000000177e+00
2.026370000000000116e-01 1.826171999999999906e+00 6.713869999999999560e-01 2.631835999999999842e+00
2.038570000000000104e-01 1.824950999999999990e+00 6.701660000000000394e-01 2.631835999999999842e+00
2.038570000000000104e-01 1.824950999999999990e+00 6.689450000000000118e-01 2.631835999999999842e+00
2.050780000000000103e-01 1.831055000000000099e+00 6.701660000000000394e-01 2.631835999999999842e+00
2.050780000000000103e-01 1.826171999999999906e+00 6.701660000000000394e-01 2.631835999999999842e+00
2.050780000000000103e-01 1.831055000000000099e+00 6.701660000000000394e-01 2.634276999999999980e+00
2.050780000000000103e-01 1.826171999999999906e+00 6.701660000000000394e-01 2.631835999999999842e+00
2.062990000000000101e-01 1.831055000000000099e+00 6.701660000000000394e-01 2.631835999999999842e+00
2.062990000000000101e-01 1.831055000000000099e+00 6.713869999999999560e-01 2.631835999999999842e+00
2.062990000000000101e-01 1.831055000000000099e+00 6.726069999999999549e-01 2.631835999999999842e+00
2.062990000000000101e-01 1.831055000000000099e+00 6.726069999999999549e-01 2.631835999999999842e+00
2.062990000000000101e-01 1.831055000000000099e+00 6.726069999999999549e-01 2.631835999999999842e+00
2.075200000000000100e-01 1.832275000000000098e+00 6.738279999999999825e-01 2.636718999999999813e+00
2.087400000000000089e-01 1.831055000000000099e+00 6.750490000000000101e-01 2.631835999999999842e+00
2.099610000000000087e-01 1.832275000000000098e+00 6.750490000000000101e-01 2.631835999999999842e+00
2.099610000000000087e-01 1.832275000000000098e+00 6.750490000000000101e-01 2.631835999999999842e+00
2.099610000000000087e-01 1.832275000000000098e+00 6.787109999999999532e-01 2.631835999999999842e+00
2.111820000000000086e-01 1.834716999999999931e+00 6.799319999999999808e-01 2.633056999999999981e+00
2.136230000000000073e-01 1.835938000000000070e+00 6.835940000000000349e-01 2.641601999999999784e+00
2.160640000000000061e-01 1.840819999999999901e+00 6.884770000000000056e-01 2.642821999999999782e+00
2.197270000000000056e-01 1.844481999999999955e+00 6.982420000000000293e-01 2.651367000000000029e+00
2.258300000000000030e-01 1.855469000000000035e+00 7.080079999999999707e-01 2.652588000000000168e+00
2.343750000000000000e-01 1.861572000000000005e+00 7.238769999999999927e-01 2.662354000000000109e+00
2.441409999999999969e-01 1.875000000000000000e+00 7.385249999999999870e-01 2.680664000000000158e+00
2.587889999999999913e-01 1.890868999999999911e+00 7.568359999999999532e-01 2.692870999999999793e+00
2.722169999999999868e-01 1.909180000000000099e+00 7.763670000000000293e-01 2.709960999999999842e+00
2.893069999999999808e-01 1.928711000000000064e+00 7.958979999999999944e-01 2.729492000000000029e+00
3.088380000000000014e-01 1.953125000000000000e+00 8.190920000000000423e-01 2.750243999999999911e+00
3.308110000000000217e-01 1.977538999999999936e+00 8.447270000000000056e-01 2.779541000000000039e+00
3.540039999999999853e-01 2.006835999999999842e+00 8.691410000000000524e-01 2.808838000000000168e+00
3.808590000000000031e-01 2.031250000000000000e+00 8.923339999999999606e-01 2.836914000000000158e+00
4.052729999999999944e-01 2.055664000000000158e+00 9.057619999999999560e-01 2.856444999999999901e+00
4.296880000000000144e-01 2.075194999999999901e+00 9.179690000000000349e-01 2.885742000000000029e+00
4.504389999999999783e-01 2.097167999999999921e+00 9.289549999999999752e-01 2.908936000000000188e+00
4.699710000000000276e-01 2.114257999999999971e+00 9.375000000000000000e-01 2.927245999999999793e+00
4.907230000000000203e-01 2.133789000000000158e+00 9.436039999999999983e-01 2.944335999999999842e+00
5.065920000000000423e-01 2.147216999999999931e+00 9.521479999999999944e-01 2.963867000000000029e+00
5.224609999999999532e-01 2.163085999999999842e+00 9.570309999999999651e-01 2.976074000000000108e+00
5.383299999999999752e-01 2.176514000000000060e+00 9.631349999999999634e-01 2.993164000000000158e+00
5.529789999999999983e-01 2.193604000000000109e+00 9.728999999999999870e-01 3.012694999999999901e+00
5.712890000000000468e-01 2.211914000000000158e+00 9.851069999999999549e-01 3.023681999999999981e+00
5.859379999999999589e-01 2.231444999999999901e+00 9.973140000000000338e-01 3.041992000000000029e+00
6.018069999999999808e-01 2.250976999999999784e+00 1.007079999999999975e+00 3.055419999999999803e+00
6.323239999999999972e-01 2.280273000000000216e+00 1.026610999999999940e+00 3.084716999999999931e+00
6.494140000000000468e-01 2.293700999999999990e+00 1.040038999999999936e+00 3.100585999999999842e+00
6.652829999999999577e-01 2.310791000000000039e+00 1.051025000000000098e+00 3.114014000000000060e+00
6.811519999999999797e-01 2.329101999999999784e+00 1.065674000000000010e+00 3.129882999999999971e+00
6.982420000000000293e-01 2.348632999999999971e+00 1.079102000000000006e+00 3.142090000000000050e+00
7.141110000000000513e-01 2.368164000000000158e+00 1.098632999999999971e+00 3.159180000000000099e+00
7.336430000000000451e-01 2.382813000000000070e+00 1.118163999999999936e+00 3.178710999999999842e+00
7.507319999999999549e-01 2.402343999999999813e+00 1.131591999999999931e+00 3.198242000000000029e+00
7.690430000000000321e-01 2.418213000000000168e+00 1.148681999999999981e+00 3.217773000000000216e+00
7.861329999999999707e-01 2.436523000000000216e+00 1.159667999999999921e+00 3.232422000000000128e+00
7.995609999999999662e-01 2.456055000000000099e+00 1.171875000000000000e+00 3.247069999999999901e+00
8.154299999999999882e-01 2.467041000000000039e+00 1.180420000000000025e+00 3.266601999999999784e+00
8.300779999999999825e-01 2.479248000000000118e+00 1.196288999999999936e+00 3.270264000000000060e+00
8.471680000000000321e-01 2.500000000000000000e+00 1.215819999999999901e+00 3.287354000000000109e+00
8.642579999999999707e-01 2.524414000000000158e+00 1.235352000000000006e+00 3.306884999999999852e+00
8.837890000000000468e-01 2.535400000000000098e+00 1.254882999999999971e+00 3.319091999999999931e+00
9.033200000000000118e-01 2.553710999999999842e+00 1.269530999999999965e+00 3.334960999999999842e+00
9.179690000000000349e-01 2.567139000000000060e+00 1.275635000000000074e+00 3.354492000000000029e+00
9.326170000000000293e-01 2.584229000000000109e+00 1.284180000000000099e+00 3.364257999999999971e+00
9.448239999999999972e-01 2.602539000000000158e+00 1.284180000000000099e+00 3.375243999999999911e+00
9.570309999999999651e-01 2.606200999999999990e+00 1.284180000000000099e+00 3.385009999999999852e+00
9.643549999999999622e-01 2.614745999999999793e+00 1.278075999999999990e+00 3.393555000000000099e+00
9.716799999999999882e-01 2.622069999999999901e+00 1.274413999999999936e+00 3.397216999999999931e+00
9.728999999999999870e-01 2.624512000000000178e+00 1.264647999999999994e+00 3.403319999999999901e+00
9.765629999999999589e-01 2.631835999999999842e+00 1.256104000000000109e+00 3.406982000000000177e+00
9.753420000000000423e-01 2.631835999999999842e+00 1.245117000000000029e+00 3.413085999999999842e+00
9.728999999999999870e-01 2.631835999999999842e+00 1.235352000000000006e+00 3.406982000000000177e+00
9.716799999999999882e-01 2.625732000000000177e+00 1.217041000000000039e+00 3.413085999999999842e+00
9.655759999999999899e-01 2.625732000000000177e+00 1.206055000000000099e+00 3.405762000000000178e+00
9.619140000000000468e-01 2.626952999999999872e+00 1.191405999999999965e+00 3.403319999999999901e+00
9.570309999999999651e-01 2.622069999999999901e+00 1.180420000000000025e+00 3.404541000000000039e+00
9.521479999999999944e-01 2.615966999999999931e+00 1.168212999999999946e+00 3.399658000000000069e+00
9.460450000000000248e-01 2.612305000000000099e+00 1.158447000000000005e+00 3.397216999999999931e+00
9.423829999999999707e-01 2.612305000000000099e+00 1.148681999999999981e+00 3.394775000000000098e+00
9.362789999999999724e-01 2.604979999999999851e+00 1.137694999999999901e+00 3.393555000000000099e+00
9.326170000000000293e-01 2.602539000000000158e+00 1.127930000000000099e+00 3.387450999999999990e+00
9.228520000000000056e-01 2.593993999999999911e+00 1.113280999999999965e+00 3.385009999999999852e+00
9.130859999999999532e-01 2.587890999999999941e+00 1.099854000000000109e+00 3.383789000000000158e+00
9.045410000000000394e-01 2.583007999999999971e+00 1.085204999999999975e+00 3.378906000000000187e+00
8.947749999999999870e-01 2.575683999999999862e+00 1.070556999999999981e+00 3.367919999999999803e+00
8.752440000000000220e-01 2.563476999999999784e+00 1.049805000000000099e+00 3.356933999999999862e+00
8.691410000000000524e-01 2.554931999999999981e+00 1.036377000000000104e+00 3.354492000000000029e+00
8.593750000000000000e-01 2.543944999999999901e+00 1.025390999999999941e+00 3.347167999999999921e+00
8.508299999999999752e-01 2.537841999999999931e+00 1.015625000000000000e+00 3.334960999999999842e+00
8.398440000000000349e-01 2.528075999999999990e+00 1.002197000000000005e+00 3.334960999999999842e+00
8.300779999999999825e-01 2.524414000000000158e+00 9.924319999999999808e-01 3.330077999999999872e+00
8.215329999999999577e-01 2.514648000000000216e+00 9.826660000000000394e-01 3.319091999999999931e+00
8.105470000000000175e-01 2.504882999999999971e+00 9.728999999999999870e-01 3.315430000000000099e+00
8.020019999999999927e-01 2.498778999999999861e+00 9.619140000000000468e-01 3.305664000000000158e+00
7.910160000000000524e-01 2.486571999999999782e+00 9.521479999999999944e-01 3.297118999999999911e+00
7.812500000000000000e-01 2.476806999999999981e+00 9.387210000000000276e-01 3.287354000000000109e+00
7.702639999999999487e-01 2.467041000000000039e+00 9.277339999999999476e-01 3.286132999999999971e+00
7.604980000000000073e-01 2.460938000000000070e+00 9.179690000000000349e-01 3.276367000000000029e+00
7.482910000000000394e-01 2.449950999999999990e+00 9.069819999999999549e-01 3.266601999999999784e+00
7.373049999999999882e-01 2.438965000000000050e+00 8.972170000000000423e-01 3.256835999999999842e+00
7.275390000000000468e-01 2.430419999999999803e+00 8.874509999999999899e-01 3.249512000000000178e+00
7.177729999999999944e-01 2.421875000000000000e+00 8.776859999999999662e-01 3.240966999999999931e+00
7.080079999999999707e-01 2.412109000000000059e+00 8.703610000000000513e-01 3.239745999999999793e+00
6.982420000000000293e-01 2.407226999999999784e+00 8.642579999999999707e-01 3.227539000000000158e+00
6.848140000000000338e-01 2.397460999999999842e+00 8.557129999999999459e-01 3.217773000000000216e+00
6.750490000000000101e-01 2.387694999999999901e+00 8.496089999999999476e-01 3.210449000000000108e+00
6.652829999999999577e-01 2.380370999999999793e+00 8.447270000000000056e-01 3.208007999999999971e+00
6.555180000000000451e-01 2.368164000000000158e+00 8.386230000000000073e-01 3.198242000000000029e+00
6.457519999999999927e-01 2.362061000000000188e+00 8.349609999999999532e-01 3.189696999999999782e+00
6.359860000000000513e-01 2.360840000000000050e+00 8.276369999999999560e-01 3.179931999999999981e+00
6.262210000000000276e-01 2.348632999999999971e+00 8.251950000000000118e-01 3.172607000000000177e+00
6.201170000000000293e-01 2.340088000000000168e+00 8.215329999999999577e-01 3.168944999999999901e+00
6.103520000000000056e-01 2.338867000000000029e+00 8.190920000000000423e-01 3.161620999999999793e+00
6.005859999999999532e-01 2.329101999999999784e+00 8.166499999999999870e-01 3.155517999999999823e+00
5.920410000000000394e-01 2.321776999999999980e+00 8.154299999999999882e-01 3.150634999999999852e+00
5.859379999999999589e-01 2.319335999999999842e+00 8.105470000000000175e-01 3.149414000000000158e+00
5.761720000000000175e-01 2.314452999999999872e+00 8.068849999999999634e-01 3.135985999999999940e+00
5.615229999999999944e-01 2.299805000000000099e+00 8.007809999999999651e-01 3.129882999999999971e+00
5.529789999999999983e-01 2.292479999999999851e+00 7.971190000000000220e-01 3.129882999999999971e+00
5.468750000000000000e-01 2.290039000000000158e+00 7.958979999999999944e-01 3.120117000000000029e+00
5.395510000000000028e-01 2.282715000000000050e+00 7.922360000000000513e-01 3.111571999999999782e+00
5.322270000000000056e-01 2.280273000000000216e+00 7.873539999999999983e-01 3.112792999999999921e+00
5.236819999999999808e-01 2.271729000000000109e+00 7.861329999999999707e-01 3.100585999999999842e+00
5.175779999999999825e-01 2.265625000000000000e+00 7.824710000000000276e-01 3.100585999999999842e+00
5.041499999999999870e-01 2.260742000000000029e+00 7.775879999999999459e-01 3.084716999999999931e+00
4.968259999999999899e-01 2.250976999999999784e+00 7.775879999999999459e-01 3.081055000000000099e+00
4.931639999999999913e-01 2.241210999999999842e+00 7.727049999999999752e-01 3.081055000000000099e+00
4.846190000000000220e-01 2.241210999999999842e+00 7.714839999999999476e-01 3.071289000000000158e+00
4.785159999999999969e-01 2.241210999999999842e+00 7.702639999999999487e-01 3.071289000000000158e+00
4.736330000000000262e-01 2.231444999999999901e+00 7.678220000000000045e-01 3.062743999999999911e+00
4.687500000000000000e-01 2.225341999999999931e+00 7.666020000000000056e-01 3.061523000000000216e+00
4.638669999999999738e-01 2.221680000000000099e+00 7.666020000000000056e-01 3.055419999999999803e+00
4.589840000000000031e-01 2.221680000000000099e+00 7.666020000000000056e-01 3.052979000000000109e+00
4.541020000000000056e-01 2.213134999999999852e+00 7.666020000000000056e-01 3.051757999999999971e+00
4.479980000000000073e-01 2.211914000000000158e+00 7.617190000000000349e-01 3.046875000000000000e+00
4.443360000000000087e-01 2.211914000000000158e+00 7.617190000000000349e-01 3.041992000000000029e+00
4.394529999999999825e-01 2.202148000000000216e+00 7.604980000000000073e-01 3.041992000000000029e+00
4.345700000000000118e-01 2.202148000000000216e+00 7.580569999999999808e-01 3.034667999999999921e+00
4.296880000000000144e-01 2.197265999999999941e+00 7.580569999999999808e-01 3.041992000000000029e+00
4.260249999999999870e-01 2.193604000000000109e+00 7.568359999999999532e-01 3.032226999999999784e+00
4.223629999999999884e-01 2.192382999999999971e+00 7.568359999999999532e-01 3.024901999999999980e+00
4.187009999999999899e-01 2.186278999999999861e+00 7.568359999999999532e-01 3.022460999999999842e+00
4.150389999999999913e-01 2.183838000000000168e+00 7.568359999999999532e-01 3.022460999999999842e+00
4.113769999999999927e-01 2.182617000000000029e+00 7.519529999999999825e-01 3.016357000000000177e+00
4.064940000000000220e-01 2.183838000000000168e+00 7.519529999999999825e-01 3.013916000000000039e+00
4.052729999999999944e-01 2.172851999999999784e+00 7.507319999999999549e-01 3.012694999999999901e+00
4.003909999999999969e-01 2.172851999999999784e+00 7.507319999999999549e-01 3.006591999999999931e+00
3.967289999999999983e-01 2.172851999999999784e+00 7.519529999999999825e-01 3.004150000000000098e+00
3.930660000000000265e-01 2.167968999999999813e+00 7.519529999999999825e-01 3.002930000000000099e+00
3.906250000000000000e-01 2.164306999999999981e+00 7.519529999999999825e-01 3.002930000000000099e+00
3.894039999999999724e-01 2.163085999999999842e+00 7.568359999999999532e-01 2.996825999999999990e+00
3.869630000000000014e-01 2.163085999999999842e+00 7.580569999999999808e-01 3.002930000000000099e+00
3.869630000000000014e-01 2.163085999999999842e+00 7.580569999999999808e-01 3.002930000000000099e+00
3.869630000000000014e-01 2.163085999999999842e+00 7.580569999999999808e-01 3.002930000000000099e+00
3.894039999999999724e-01 2.167968999999999813e+00 7.666020000000000056e-01 2.996825999999999990e+00
3.906250000000000000e-01 2.164306999999999981e+00 7.763670000000000293e-01 2.996825999999999990e+00
3.918460000000000276e-01 2.172851999999999784e+00 7.861329999999999707e-01 3.002930000000000099e+00
3.967289999999999983e-01 2.172851999999999784e+00 7.958979999999999944e-01 3.004150000000000098e+00
4.028320000000000234e-01 2.182617000000000029e+00 8.068849999999999634e-01 3.012694999999999901e+00
4.089360000000000217e-01 2.187500000000000000e+00 8.154299999999999882e-01 3.012694999999999901e+00
4.150389999999999913e-01 2.193604000000000109e+00 8.251950000000000118e-01 3.022460999999999842e+00
4.223629999999999884e-01 2.202148000000000216e+00 8.264160000000000394e-01 3.032226999999999784e+00
4.272460000000000147e-01 2.205811000000000188e+00 8.288569999999999549e-01 3.032226999999999784e+00
4.321289999999999853e-01 2.210693000000000019e+00 8.349609999999999532e-01 3.033446999999999782e+00
4.357909999999999839e-01 2.213134999999999852e+00 8.349609999999999532e-01 3.035889000000000060e+00
4.443360000000000087e-01 2.221680000000000099e+00 8.349609999999999532e-01 3.041992000000000029e+00
4.467769999999999797e-01 2.221680000000000099e+00 8.349609999999999532e-01 3.040770999999999891e+00
4.492189999999999794e-01 2.222900000000000098e+00 8.361819999999999808e-01 3.051757999999999971e+00
4.541020000000000056e-01 2.225341999999999931e+00 8.361819999999999808e-01 3.051757999999999971e+00
4.553220000000000045e-01 2.225341999999999931e+00 8.361819999999999808e-01 3.051757999999999971e+00
4.577640000000000042e-01 2.231444999999999901e+00 8.361819999999999808e-01 3.054199000000000108e+00
4.602049999999999752e-01 2.231444999999999901e+00 8.361819999999999808e-01 3.051757999999999971e+00
4.638669999999999738e-01 2.232666000000000039e+00 8.361819999999999808e-01 3.051757999999999971e+00
4.650880000000000014e-01 2.232666000000000039e+00 8.374019999999999797e-01 3.052979000000000109e+00
4.663089999999999735e-01 2.233887000000000178e+00 8.398440000000000349e-01 3.052979000000000109e+00
4.687500000000000000e-01 2.241210999999999842e+00 8.410640000000000338e-01 3.054199000000000108e+00
4.699710000000000276e-01 2.241210999999999842e+00 8.410640000000000338e-01 3.063965000000000050e+00
4.736330000000000262e-01 2.241210999999999842e+00 8.447270000000000056e-01 3.063965000000000050e+00
4.736330000000000262e-01 2.241210999999999842e+00 8.447270000000000056e-01 3.061523000000000216e+00
4.760739999999999972e-01 2.241210999999999842e+00 8.447270000000000056e-01 3.061523000000000216e+00
4.797359999999999958e-01 2.241210999999999842e+00 8.483889999999999487e-01 3.062743999999999911e+00
4.833979999999999944e-01 2.242431999999999981e+00 8.544920000000000293e-01 3.071289000000000158e+00
4.846190000000000220e-01 2.250976999999999784e+00 8.557129999999999459e-01 3.071289000000000158e+00
4.882810000000000206e-01 2.250976999999999784e+00 8.593750000000000000e-01 3.071289000000000158e+00
4.931639999999999913e-01 2.252196999999999782e+00 8.593750000000000000e-01 3.071289000000000158e+00
4.931639999999999913e-01 2.252196999999999782e+00 8.593750000000000000e-01 3.073729999999999851e+00
4.956050000000000177e-01 2.252196999999999782e+00 8.557129999999999459e-01 3.076172000000000128e+00
4.968259999999999899e-01 2.252196999999999782e+00 8.593750000000000000e-01 3.074950999999999990e+00
4.980470000000000175e-01 2.252196999999999782e+00 8.557129999999999459e-01 3.081055000000000099e+00
4.992679999999999896e-01 2.254639000000000060e+00 8.544920000000000293e-01 3.081055000000000099e+00
5.029299999999999882e-01 2.252196999999999782e+00 8.508299999999999752e-01 3.081055000000000099e+00
4.992679999999999896e-01 2.250976999999999784e+00 8.496089999999999476e-01 3.081055000000000099e+00
5.004880000000000440e-01 2.250976999999999784e+00 8.459470000000000045e-01 3.081055000000000099e+00
4.992679999999999896e-01 2.250976999999999784e+00 8.447270000000000056e-01 3.074950999999999990e+00
4.992679999999999896e-01 2.246093999999999813e+00 8.398440000000000349e-01 3.074950999999999990e+00
4.968259999999999899e-01 2.244873000000000118e+00 8.349609999999999532e-01 3.073729999999999851e+00
4.968259999999999899e-01 2.242431999999999981e+00 8.288569999999999549e-01 3.073729999999999851e+00
4.907230000000000203e-01 2.233887000000000178e+00 8.190920000000000423e-01 3.071289000000000158e+00
4.870610000000000217e-01 2.235107000000000177e+00 8.154299999999999882e-01 3.065186000000000188e+00
4.846190000000000220e-01 2.225341999999999931e+00 8.093259999999999899e-01 3.061523000000000216e+00
4.833979999999999944e-01 2.222900000000000098e+00 8.056640000000000468e-01 3.061523000000000216e+00
4.772950000000000248e-01 2.215575999999999990e+00 8.020019999999999927e-01 3.054199000000000108e+00
4.748539999999999983e-01 2.215575999999999990e+00 8.007809999999999651e-01 3.051757999999999971e+00
4.736330000000000262e-01 2.211914000000000158e+00 7.971190000000000220e-01 3.056640999999999941e+00
4.687500000000000000e-01 2.211914000000000158e+00 7.971190000000000220e-01 3.045653999999999861e+00
4.663089999999999735e-01 2.207031000000000187e+00 7.958979999999999944e-01 3.041992000000000029e+00
4.650880000000000014e-01 2.203368999999999911e+00 7.922360000000000513e-01 3.046875000000000000e+00
4.602049999999999752e-01 2.202148000000000216e+00 7.910160000000000524e-01 3.035889000000000060e+00
4.589840000000000031e-01 2.196044999999999803e+00 7.873539999999999983e-01 3.034667999999999921e+00
4.553220000000000045e-01 2.193604000000000109e+00 7.861329999999999707e-01 3.033446999999999782e+00
4.541020000000000056e-01 2.192382999999999971e+00 7.861329999999999707e-01 3.032226999999999784e+00
4.492189999999999794e-01 2.186278999999999861e+00 7.812500000000000000e-01 3.032226999999999784e+00
4.455569999999999808e-01 2.183838000000000168e+00 7.800289999999999724e-01 3.024901999999999980e+00
4.443360000000000087e-01 2.182617000000000029e+00 7.763670000000000293e-01 3.022460999999999842e+00
4.394529999999999825e-01 2.182617000000000029e+00 7.763670000000000293e-01 3.022460999999999842e+00
4.357909999999999839e-01 2.174071999999999782e+00 7.714839999999999476e-01 3.015137000000000178e+00
4.309080000000000132e-01 2.172851999999999784e+00 7.678220000000000045e-01 3.012694999999999901e+00
4.296880000000000144e-01 2.167968999999999813e+00 7.666020000000000056e-01 3.006591999999999931e+00
4.260249999999999870e-01 2.163085999999999842e+00 7.666020000000000056e-01 3.005370999999999793e+00
4.223629999999999884e-01 2.163085999999999842e+00 7.629390000000000338e-01 3.002930000000000099e+00
4.199220000000000175e-01 2.156982000000000177e+00 7.617190000000000349e-01 3.002930000000000099e+00
4.162600000000000189e-01 2.153319999999999901e+00 7.580569999999999808e-01 2.993164000000000158e+00
4.150389999999999913e-01 2.153319999999999901e+00 7.580569999999999808e-01 2.993164000000000158e+00
4.113769999999999927e-01 2.147216999999999931e+00 7.580569999999999808e-01 2.993164000000000158e+00
4.064940000000000220e-01 2.143555000000000099e+00 7.568359999999999532e-01 2.985840000000000050e+00
4.052729999999999944e-01 2.143555000000000099e+00 7.568359999999999532e-01 2.993164000000000158e+00
4.016109999999999958e-01 2.137450999999999990e+00 7.519529999999999825e-01 2.983398000000000216e+00
3.991700000000000248e-01 2.135009999999999852e+00 7.519529999999999825e-01 2.979735999999999940e+00
3.967289999999999983e-01 2.143555000000000099e+00 7.519529999999999825e-01 2.974854000000000109e+00
3.906250000000000000e-01 2.133789000000000158e+00 7.470700000000000118e-01 2.973632999999999971e+00
3.881839999999999735e-01 2.124023000000000216e+00 7.470700000000000118e-01 2.973632999999999971e+00
3.857419999999999738e-01 2.124023000000000216e+00 7.470700000000000118e-01 2.973632999999999971e+00
3.820799999999999752e-01 2.119140999999999941e+00 7.434079999999999577e-01 2.968750000000000000e+00
3.808590000000000031e-01 2.115479000000000109e+00 7.434079999999999577e-01 2.967528999999999861e+00
3.771970000000000045e-01 2.114257999999999971e+00 7.421879999999999589e-01 2.963867000000000029e+00
3.759770000000000056e-01 2.114257999999999971e+00 7.409670000000000423e-01 2.956542999999999921e+00
3.723139999999999783e-01 2.109375000000000000e+00 7.397460000000000147e-01 2.954101999999999784e+00
3.698730000000000073e-01 2.105713000000000168e+00 7.409670000000000423e-01 2.954101999999999784e+00
3.674319999999999808e-01 2.104492000000000029e+00 7.373049999999999882e-01 2.954101999999999784e+00
3.662110000000000087e-01 2.109375000000000000e+00 7.373049999999999882e-01 2.949218999999999813e+00
3.625490000000000101e-01 2.097167999999999921e+00 7.373049999999999882e-01 2.944335999999999842e+00
3.588870000000000116e-01 2.094726999999999784e+00 7.336430000000000451e-01 2.944335999999999842e+00
3.564450000000000118e-01 2.094726999999999784e+00 7.324220000000000175e-01 2.938232000000000177e+00
3.564450000000000118e-01 2.095946999999999782e+00 7.312009999999999899e-01 2.937012000000000178e+00
3.515630000000000144e-01 2.088623000000000118e+00 7.287599999999999634e-01 2.935791000000000039e+00
3.491210000000000147e-01 2.086181999999999981e+00 7.275390000000000468e-01 2.934569999999999901e+00
3.466799999999999882e-01 2.084960999999999842e+00 7.275390000000000468e-01 2.928466999999999931e+00
3.430179999999999896e-01 2.080077999999999872e+00 7.238769999999999927e-01 2.926025000000000098e+00
3.417970000000000175e-01 2.077637000000000178e+00 7.226559999999999651e-01 2.924805000000000099e+00
3.381350000000000189e-01 2.075194999999999901e+00 7.226559999999999651e-01 2.924805000000000099e+00
3.369139999999999913e-01 2.075194999999999901e+00 7.214359999999999662e-01 2.924805000000000099e+00
3.332519999999999927e-01 2.069091999999999931e+00 7.214359999999999662e-01 2.916259999999999852e+00
3.320310000000000206e-01 2.066650000000000098e+00 7.189940000000000220e-01 2.915039000000000158e+00
3.283690000000000220e-01 2.066650000000000098e+00 7.189940000000000220e-01 2.918700999999999990e+00
3.271479999999999944e-01 2.065430000000000099e+00 7.189940000000000220e-01 2.915039000000000158e+00
3.234859999999999958e-01 2.065430000000000099e+00 7.177729999999999944e-01 2.907715000000000050e+00
3.234859999999999958e-01 2.056884999999999852e+00 7.189940000000000220e-01 2.910156000000000187e+00
3.234859999999999958e-01 2.056884999999999852e+00 7.189940000000000220e-01 2.910156000000000187e+00
3.210450000000000248e-01 2.056884999999999852e+00 7.177729999999999944e-01 2.905273000000000216e+00
3.186039999999999983e-01 2.055664000000000158e+00 7.177729999999999944e-01 2.905273000000000216e+00
3.173830000000000262e-01 2.055664000000000158e+00 7.153319999999999679e-01 2.905273000000000216e+00
3.149410000000000265e-01 2.050781000000000187e+00 7.177729999999999944e-01 2.896729000000000109e+00
3.137210000000000276e-01 2.050781000000000187e+00 7.177729999999999944e-01 2.896729000000000109e+00
3.125000000000000000e-01 2.048340000000000050e+00 7.177729999999999944e-01 2.895507999999999971e+00
3.112789999999999724e-01 2.045898000000000216e+00 7.177729999999999944e-01 2.895507999999999971e+00
3.112789999999999724e-01 2.047118999999999911e+00 7.189940000000000220e-01 2.896729000000000109e+00
3.112789999999999724e-01 2.047118999999999911e+00 7.226559999999999651e-01 2.895507999999999971e+00
3.125000000000000000e-01 2.047118999999999911e+00 7.275390000000000468e-01 2.895507999999999971e+00
3.137210000000000276e-01 2.050781000000000187e+00 7.373049999999999882e-01 2.895507999999999971e+00
3.186039999999999983e-01 2.055664000000000158e+00 7.470700000000000118e-01 2.899169999999999803e+00
3.247070000000000234e-01 2.058104999999999851e+00 7.617190000000000349e-01 2.905273000000000216e+00
3.332519999999999927e-01 2.067870999999999793e+00 7.763670000000000293e-01 2.915039000000000158e+00
3.417970000000000175e-01 2.077637000000000178e+00 7.922360000000000513e-01 2.924805000000000099e+00
3.527830000000000132e-01 2.088623000000000118e+00 8.056640000000000468e-01 2.935791000000000039e+00
3.637699999999999823e-01 2.097167999999999921e+00 8.166499999999999870e-01 2.944335999999999842e+00
3.759770000000000056e-01 2.109375000000000000e+00 8.251950000000000118e-01 2.954101999999999784e+00
3.869630000000000014e-01 2.116699000000000108e+00 8.312990000000000101e-01 2.963867000000000029e+00
3.955080000000000262e-01 2.125243999999999911e+00 8.361819999999999808e-01 2.973632999999999971e+00
4.052729999999999944e-01 2.135009999999999852e+00 8.410640000000000338e-01 2.985840000000000050e+00
4.125980000000000203e-01 2.143555000000000099e+00 8.447270000000000056e-01 2.993164000000000158e+00
4.211429999999999896e-01 2.144775000000000098e+00 8.447270000000000056e-01 2.995604999999999851e+00
4.272460000000000147e-01 2.154541000000000039e+00 8.447270000000000056e-01 3.002930000000000099e+00
4.345700000000000118e-01 2.154541000000000039e+00 8.447270000000000056e-01 3.007813000000000070e+00
4.382320000000000104e-01 2.163085999999999842e+00 8.447270000000000056e-01 3.012694999999999901e+00
4.443360000000000087e-01 2.163085999999999842e+00 8.447270000000000056e-01 3.012694999999999901e+00
4.455569999999999808e-01 2.163085999999999842e+00 8.410640000000000338e-01 3.015137000000000178e+00
4.504389999999999783e-01 2.167968999999999813e+00 8.447270000000000056e-01 3.016357000000000177e+00
4.541020000000000056e-01 2.172851999999999784e+00 8.447270000000000056e-01 3.023681999999999981e+00
4.589840000000000031e-01 2.174071999999999782e+00 8.447270000000000056e-01 3.022460999999999842e+00
4.638669999999999738e-01 2.182617000000000029e+00 8.508299999999999752e-01 3.027343999999999813e+00
4.699710000000000276e-01 2.192382999999999971e+00 8.642579999999999707e-01 3.032226999999999784e+00
4.797359999999999958e-01 2.202148000000000216e+00 8.837890000000000468e-01 3.046875000000000000e+00
4.931639999999999913e-01 2.213134999999999852e+00 9.069819999999999549e-01 3.051757999999999971e+00
5.078129999999999589e-01 2.231444999999999901e+00 9.326170000000000293e-01 3.071289000000000158e+00
5.236819999999999808e-01 2.250976999999999784e+00 9.545900000000000496e-01 3.082275000000000098e+00
5.419920000000000293e-01 2.265625000000000000e+00 9.753420000000000423e-01 3.100585999999999842e+00
5.615229999999999944e-01 2.290039000000000158e+00 9.924319999999999808e-01 3.112792999999999921e+00
5.786130000000000440e-01 2.309569999999999901e+00 1.011962999999999946e+00 3.129882999999999971e+00
6.005859999999999532e-01 2.329101999999999784e+00 1.031493999999999911e+00 3.149414000000000158e+00
6.201170000000000293e-01 2.348632999999999971e+00 1.053466999999999931e+00 3.168944999999999901e+00
6.408690000000000220e-01 2.368164000000000158e+00 1.079102000000000006e+00 3.183593999999999813e+00
6.640629999999999589e-01 2.391357000000000177e+00 1.098632999999999971e+00 3.203125000000000000e+00
6.884770000000000056e-01 2.416992000000000029e+00 1.119385000000000074e+00 3.227539000000000158e+00
7.092289999999999983e-01 2.440186000000000188e+00 1.138916000000000039e+00 3.240966999999999931e+00
7.312009999999999899e-01 2.467041000000000039e+00 1.166992000000000029e+00 3.256835999999999842e+00
7.580569999999999808e-01 2.485351999999999784e+00 1.187743999999999911e+00 3.281250000000000000e+00
7.824710000000000276e-01 2.514648000000000216e+00 1.215819999999999901e+00 3.295898000000000216e+00
8.093259999999999899e-01 2.545166000000000039e+00 1.245117000000000029e+00 3.319091999999999931e+00
8.361819999999999808e-01 2.573242000000000029e+00 1.270752000000000104e+00 3.344726999999999784e+00
8.642579999999999707e-01 2.592773000000000216e+00 1.293944999999999901e+00 3.364257999999999971e+00
8.935549999999999882e-01 2.613525000000000098e+00 1.303711000000000064e+00 3.383789000000000158e+00
9.130859999999999532e-01 2.636718999999999813e+00 1.313477000000000006e+00 3.403319999999999901e+00
9.326170000000000293e-01 2.645264000000000060e+00 1.308594000000000035e+00 3.413085999999999842e+00
9.436039999999999983e-01 2.653808999999999862e+00 1.303711000000000064e+00 3.422851999999999784e+00
9.558109999999999662e-01 2.661132999999999971e+00 1.297606999999999955e+00 3.432617000000000029e+00
9.619140000000000468e-01 2.670898000000000216e+00 1.286621000000000015e+00 3.436278999999999861e+00
9.655759999999999899e-01 2.666015999999999941e+00 1.268310999999999966e+00 3.436278999999999861e+00
9.680180000000000451e-01 2.664794999999999803e+00 1.254882999999999971e+00 3.442382999999999971e+00
9.655759999999999899e-01 2.662354000000000109e+00 1.235352000000000006e+00 3.442382999999999971e+00
9.631349999999999634e-01 2.662354000000000109e+00 1.220703000000000094e+00 3.436278999999999861e+00
9.619140000000000468e-01 2.661132999999999971e+00 1.206055000000000099e+00 3.436278999999999861e+00
9.558109999999999662e-01 2.661132999999999971e+00 1.187743999999999911e+00 3.432617000000000029e+00
9.521479999999999944e-01 2.651367000000000029e+00 1.176757999999999971e+00 3.432617000000000029e+00
9.436039999999999983e-01 2.645264000000000060e+00 1.162109000000000059e+00 3.432617000000000029e+00
9.423829999999999707e-01 2.641601999999999784e+00 1.152344000000000035e+00 3.425292999999999921e+00
9.362789999999999724e-01 2.642821999999999782e+00 1.147461000000000064e+00 3.422851999999999784e+00
9.326170000000000293e-01 2.633056999999999981e+00 1.137694999999999901e+00 3.422851999999999784e+00
9.240720000000000045e-01 2.631835999999999842e+00 1.121825999999999990e+00 3.417968999999999813e+00
9.167480000000000073e-01 2.623291000000000039e+00 1.109618999999999911e+00 3.413085999999999842e+00
9.094240000000000101e-01 2.617188000000000070e+00 1.099854000000000109e+00 3.406982000000000177e+00
9.033200000000000118e-01 2.612305000000000099e+00 1.090087999999999946e+00 3.403319999999999901e+00
9.033200000000000118e-01 2.612305000000000099e+00 1.090087999999999946e+00 3.403319999999999901e+00
8.947749999999999870e-01 2.612305000000000099e+00 1.088867000000000029e+00 3.395995999999999793e+00
8.898930000000000451e-01 2.602539000000000158e+00 1.083984000000000059e+00 3.393555000000000099e+00
8.837890000000000468e-01 2.602539000000000158e+00 1.079102000000000006e+00 3.393555000000000099e+00
8.789059999999999651e-01 2.596436000000000188e+00 1.072997999999999896e+00 3.383789000000000158e+00
8.740229999999999944e-01 2.592773000000000216e+00 1.065674000000000010e+00 3.383789000000000158e+00
8.654789999999999983e-01 2.583007999999999971e+00 1.053466999999999931e+00 3.378906000000000187e+00
8.569339999999999735e-01 2.583007999999999971e+00 1.041260000000000074e+00 3.374023000000000216e+00
8.471680000000000321e-01 2.573242000000000029e+00 1.026610999999999940e+00 3.366699000000000108e+00
8.398440000000000349e-01 2.563476999999999784e+00 1.015625000000000000e+00 3.364257999999999971e+00
8.288569999999999549e-01 2.553710999999999842e+00 1.000977000000000006e+00 3.354492000000000029e+00
8.203129999999999589e-01 2.543944999999999901e+00 9.912109999999999532e-01 3.354492000000000029e+00
8.105470000000000175e-01 2.535400000000000098e+00 9.765629999999999589e-01 3.344726999999999784e+00
8.020019999999999927e-01 2.534180000000000099e+00 9.680180000000000451e-01 3.334960999999999842e+00
7.922360000000000513e-01 2.524414000000000158e+00 9.606930000000000192e-01 3.325194999999999901e+00
7.824710000000000276e-01 2.514648000000000216e+00 9.521479999999999944e-01 3.319091999999999931e+00
7.763670000000000293e-01 2.504882999999999971e+00 9.423829999999999707e-01 3.315430000000000099e+00
7.666020000000000056e-01 2.496338000000000168e+00 9.338379999999999459e-01 3.308104999999999851e+00
7.568359999999999532e-01 2.495117000000000029e+00 9.240720000000000045e-01 3.305664000000000158e+00
7.470700000000000118e-01 2.485351999999999784e+00 9.179690000000000349e-01 3.295898000000000216e+00
7.385249999999999870e-01 2.480468999999999813e+00 9.094240000000000101e-01 3.286132999999999971e+00
7.287599999999999634e-01 2.465819999999999901e+00 9.033200000000000118e-01 3.286132999999999971e+00
7.189940000000000220e-01 2.457275000000000098e+00 8.947749999999999870e-01 3.276367000000000029e+00
7.116700000000000248e-01 2.447509999999999852e+00 8.886720000000000175e-01 3.270264000000000060e+00
7.019039999999999724e-01 2.446289000000000158e+00 8.837890000000000468e-01 3.266601999999999784e+00
6.945799999999999752e-01 2.436523000000000216e+00 8.752440000000000220e-01 3.256835999999999842e+00
6.884770000000000056e-01 2.427979000000000109e+00 8.740229999999999944e-01 3.250732000000000177e+00
6.799319999999999808e-01 2.421875000000000000e+00 8.654789999999999983e-01 3.240966999999999931e+00
6.701660000000000394e-01 2.416992000000000029e+00 8.642579999999999707e-01 3.237305000000000099e+00
6.628420000000000423e-01 2.407226999999999784e+00 8.593750000000000000e-01 3.229979999999999851e+00
6.591799999999999882e-01 2.398681999999999981e+00 8.557129999999999459e-01 3.227539000000000158e+00
6.494140000000000468e-01 2.391357000000000177e+00 8.544920000000000293e-01 3.222656000000000187e+00
6.420900000000000496e-01 2.387694999999999901e+00 8.508299999999999752e-01 3.217773000000000216e+00
6.335450000000000248e-01 2.381591999999999931e+00 8.471680000000000321e-01 3.211669999999999803e+00
6.262210000000000276e-01 2.377930000000000099e+00 8.447270000000000056e-01 3.208007999999999971e+00
