1.721189999999999942e-01 1.777344000000000035e+00 6.506349999999999634e-01 2.554931999999999981e+00 2.470702999999999872e+00
1.721189999999999942e-01 1.772461000000000064e+00 6.506349999999999634e-01 2.556151999999999980e+00 2.485351999999999784e+00
1.721189999999999942e-01 1.773681999999999981e+00 6.506349999999999634e-01 2.553710999999999842e+00 2.485351999999999784e+00
1.721189999999999942e-01 1.772461000000000064e+00 6.506349999999999634e-01 2.554931999999999981e+00 2.469482000000000177e+00
1.721189999999999942e-01 1.772461000000000064e+00 6.518549999999999622e-01 2.556151999999999980e+00 2.476806999999999981e+00
1.721189999999999942e-01 1.772461000000000064e+00 6.506349999999999634e-01 2.554931999999999981e+00 2.469482000000000177e+00
1.708979999999999944e-01 1.772461000000000064e+00 6.506349999999999634e-01 2.563476999999999784e+00 2.476806999999999981e+00
1.708979999999999944e-01 1.773681999999999981e+00 6.506349999999999634e-01 2.554931999999999981e+00 2.469482000000000177e+00
1.721189999999999942e-01 1.772461000000000064e+00 6.506349999999999634e-01 2.554931999999999981e+00 2.468262000000000178e+00
1.708979999999999944e-01 1.772461000000000064e+00 6.506349999999999634e-01 2.554931999999999981e+00 2.467041000000000039e+00
1.708979999999999944e-01 1.772461000000000064e+00 6.506349999999999634e-01 2.558593999999999813e+00 2.465819999999999901e+00
1.708979999999999944e-01 1.772461000000000064e+00 6.506349999999999634e-01 2.554931999999999981e+00 2.465819999999999901e+00
1.721189999999999942e-01 1.772461000000000064e+00 6.506349999999999634e-01 2.554931999999999981e+00 2.456055000000000099e+00
1.721189999999999942e-01 1.772461000000000064e+00 6.518549999999999622e-01 2.557373000000000118e+00 2.449950999999999990e+00
1.708979999999999944e-01 1.772461000000000064e+00 6.506349999999999634e-01 2.554931999999999981e+00 2.459716999999999931e+00
1.721189999999999942e-01 1.772461000000000064e+00 6.518549999999999622e-01 2.553710999999999842e+00 2.468262000000000178e+00
1.721189999999999942e-01 1.772461000000000064e+00 6.518549999999999622e-01 2.556151999999999980e+00 2.485351999999999784e+00
1.721189999999999942e-01 1.772461000000000064e+00 6.518549999999999622e-01 2.557373000000000118e+00 2.469482000000000177e+00
1.721189999999999942e-01 1.772461000000000064e+00 6.530759999999999899e-01 2.563476999999999784e+00 2.476806999999999981e+00
1.721189999999999942e-01 1.772461000000000064e+00 6.530759999999999899e-01 2.554931999999999981e+00 2.475585999999999842e+00
1.721189999999999942e-01 1.772461000000000064e+00 6.555180000000000451e-01 2.554931999999999981e+00 2.458495999999999793e+00
1.721189999999999942e-01 1.777344000000000035e+00 6.542970000000000175e-01 2.554931999999999981e+00 2.459716999999999931e+00
1.733399999999999941e-01 1.773681999999999981e+00 6.555180000000000451e-01 2.554931999999999981e+00 2.465819999999999901e+00
1.733399999999999941e-01 1.773681999999999981e+00 6.555180000000000451e-01 2.563476999999999784e+00 2.465819999999999901e+00
1.745609999999999939e-01 1.774901999999999980e+00 6.591799999999999882e-01 2.563476999999999784e+00 2.469482000000000177e+00
1.757809999999999928e-01 1.777344000000000035e+00 6.591799999999999882e-01 2.563476999999999784e+00 2.485351999999999784e+00
1.757809999999999928e-01 1.782227000000000006e+00 6.603999999999999870e-01 2.557373000000000118e+00 2.479248000000000118e+00
1.770019999999999927e-01 1.782227000000000006e+00 6.628420000000000423e-01 2.563476999999999784e+00 2.485351999999999784e+00
1.770019999999999927e-01 1.782227000000000006e+00 6.628420000000000423e-01 2.568359000000000059e+00 2.485351999999999784e+00
1.806639999999999913e-01 1.783447000000000005e+00 6.652829999999999577e-01 2.563476999999999784e+00 2.485351999999999784e+00
1.806639999999999913e-01 1.784667999999999921e+00 6.689450000000000118e-01 2.567139000000000060e+00 2.475585999999999842e+00
1.818849999999999911e-01 1.791992000000000029e+00 6.701660000000000394e-01 2.573242000000000029e+00 2.475585999999999842e+00
1.843259999999999899e-01 1.791992000000000029e+00 6.713869999999999560e-01 2.574463000000000168e+00 2.469482000000000177e+00
1.867679999999999896e-01 1.793212999999999946e+00 6.738279999999999825e-01 2.578125000000000000e+00 2.479248000000000118e+00
1.892089999999999883e-01 1.794434000000000085e+00 6.750490000000000101e-01 2.583007999999999971e+00 2.498778999999999861e+00
1.904299999999999882e-01 1.801757999999999971e+00 6.787109999999999532e-01 2.583007999999999971e+00 2.508544999999999803e+00
1.940919999999999868e-01 1.801757999999999971e+00 6.787109999999999532e-01 2.583007999999999971e+00 2.506104000000000109e+00
1.965330000000000132e-01 1.802979000000000109e+00 6.799319999999999808e-01 2.584229000000000109e+00 2.496338000000000168e+00
1.965330000000000132e-01 1.811522999999999994e+00 6.823730000000000073e-01 2.592773000000000216e+00 2.489014000000000060e+00
2.001950000000000118e-01 1.811522999999999994e+00 6.835940000000000349e-01 2.592773000000000216e+00 2.504882999999999971e+00
2.038570000000000104e-01 1.815185999999999966e+00 6.884770000000000056e-01 2.597656000000000187e+00 2.504882999999999971e+00
2.062990000000000101e-01 1.821288999999999936e+00 6.896970000000000045e-01 2.602539000000000158e+00 2.504882999999999971e+00
2.099610000000000087e-01 1.822510000000000074e+00 6.921389999999999487e-01 2.603759999999999852e+00 2.498778999999999861e+00
2.124020000000000075e-01 1.826171999999999906e+00 6.982420000000000293e-01 2.606200999999999990e+00 2.495117000000000029e+00
2.160640000000000061e-01 1.831055000000000099e+00 6.982420000000000293e-01 2.612305000000000099e+00 2.495117000000000029e+00
2.233890000000000042e-01 1.840819999999999901e+00 7.031250000000000000e-01 2.622069999999999901e+00 2.506104000000000109e+00
2.270510000000000028e-01 1.843261999999999956e+00 7.080079999999999707e-01 2.623291000000000039e+00 2.504882999999999971e+00
2.307130000000000014e-01 1.850586000000000064e+00 7.080079999999999707e-01 2.631835999999999842e+00 2.504882999999999971e+00
2.343750000000000000e-01 1.854247999999999896e+00 7.104489999999999972e-01 2.631835999999999842e+00 2.515868999999999911e+00
2.392579999999999985e-01 1.856689000000000034e+00 7.141110000000000513e-01 2.642821999999999782e+00 2.514648000000000216e+00
2.429199999999999970e-01 1.864014000000000060e+00 7.177729999999999944e-01 2.641601999999999784e+00 2.517090000000000050e+00
2.478029999999999955e-01 1.871337999999999946e+00 7.214359999999999662e-01 2.652588000000000168e+00 2.534180000000000099e+00
2.514649999999999941e-01 1.879882999999999971e+00 7.275390000000000468e-01 2.656250000000000000e+00 2.525634999999999852e+00
2.563480000000000203e-01 1.889647999999999994e+00 7.275390000000000468e-01 2.661132999999999971e+00 2.534180000000000099e+00
2.612300000000000177e-01 1.889647999999999994e+00 7.287599999999999634e-01 2.670898000000000216e+00 2.543944999999999901e+00
2.661129999999999884e-01 1.893310999999999966e+00 7.312009999999999899e-01 2.670898000000000216e+00 2.547607000000000177e+00
2.697749999999999870e-01 1.899413999999999936e+00 7.336430000000000451e-01 2.680664000000000158e+00 2.563476999999999784e+00
2.746580000000000132e-01 1.903075999999999990e+00 7.373049999999999882e-01 2.680664000000000158e+00 2.558593999999999813e+00
2.783200000000000118e-01 1.909180000000000099e+00 7.373049999999999882e-01 2.690430000000000099e+00 2.573242000000000029e+00
2.832029999999999825e-01 1.912841999999999931e+00 7.409670000000000423e-01 2.691650000000000098e+00 2.564696999999999782e+00
2.880860000000000087e-01 1.918944999999999901e+00 7.421879999999999589e-01 2.700194999999999901e+00 2.553710999999999842e+00
2.929689999999999794e-01 1.922606999999999955e+00 7.470700000000000118e-01 2.700194999999999901e+00 2.563476999999999784e+00
2.978520000000000056e-01 1.928711000000000064e+00 7.507319999999999549e-01 2.709960999999999842e+00 2.573242000000000029e+00
3.039549999999999752e-01 1.938477000000000006e+00 7.568359999999999532e-01 2.719726999999999784e+00 2.578125000000000000e+00
3.112789999999999724e-01 1.948242000000000029e+00 7.666020000000000056e-01 2.724609000000000059e+00 2.592773000000000216e+00
3.234859999999999958e-01 1.967772999999999994e+00 7.873539999999999983e-01 2.734375000000000000e+00 2.592773000000000216e+00
3.393550000000000177e-01 1.997069999999999901e+00 8.203129999999999589e-01 2.750243999999999911e+00 2.592773000000000216e+00
3.625490000000000101e-01 2.036132999999999971e+00 8.642579999999999707e-01 2.778319999999999901e+00 2.596436000000000188e+00
3.918460000000000276e-01 2.089843999999999813e+00 9.143069999999999808e-01 2.801514000000000060e+00 2.631835999999999842e+00
4.357909999999999839e-01 2.156982000000000177e+00 9.948730000000000073e-01 2.850341999999999931e+00 2.641601999999999784e+00
4.943850000000000189e-01 2.236327999999999872e+00 1.085204999999999975e+00 2.915039000000000158e+00 2.670898000000000216e+00
5.627440000000000220e-01 2.319335999999999842e+00 1.171875000000000000e+00 2.984618999999999911e+00 2.709960999999999842e+00
6.359860000000000513e-01 2.381591999999999931e+00 1.245117000000000029e+00 3.055419999999999803e+00 2.749023000000000216e+00
7.031250000000000000e-01 2.446289000000000158e+00 1.293944999999999901e+00 3.120117000000000029e+00 2.788085999999999842e+00
7.666020000000000056e-01 2.496338000000000168e+00 1.333007999999999971e+00 3.178710999999999842e+00 2.838134999999999852e+00
8.166499999999999870e-01 2.535400000000000098e+00 1.358643000000000045e+00 3.220215000000000050e+00 2.885742000000000029e+00
8.581539999999999724e-01 2.573242000000000029e+00 1.373291000000000039e+00 3.262938999999999812e+00 2.899169999999999803e+00
9.179690000000000349e-01 2.622069999999999901e+00 1.383056999999999981e+00 3.315430000000000099e+00 2.934569999999999901e+00
9.423829999999999707e-01 2.641601999999999784e+00 1.385497999999999896e+00 3.344726999999999784e+00 2.963867000000000029e+00
9.582519999999999927e-01 2.661132999999999971e+00 1.383056999999999981e+00 3.354492000000000029e+00 2.988281000000000187e+00
9.728999999999999870e-01 2.675781000000000187e+00 1.384276999999999980e+00 3.374023000000000216e+00 3.002930000000000099e+00
9.851069999999999549e-01 2.680664000000000158e+00 1.381836000000000064e+00 3.383789000000000158e+00 3.005370999999999793e+00
9.924319999999999808e-01 2.690430000000000099e+00 1.372069999999999901e+00 3.393555000000000099e+00 3.022460999999999842e+00
1.000977000000000006e+00 2.691650000000000098e+00 1.357421999999999906e+00 3.397216999999999931e+00 3.012694999999999901e+00
1.002197000000000005e+00 2.700194999999999901e+00 1.342772999999999994e+00 3.405762000000000178e+00 3.006591999999999931e+00
1.004639000000000060e+00 2.700194999999999901e+00 1.329345999999999917e+00 3.413085999999999842e+00 3.032226999999999784e+00
1.004639000000000060e+00 2.700194999999999901e+00 1.314697000000000005e+00 3.413085999999999842e+00 3.032226999999999784e+00
1.002197000000000005e+00 2.701416000000000039e+00 1.304931999999999981e+00 3.413085999999999842e+00 3.032226999999999784e+00
1.000977000000000006e+00 2.700194999999999901e+00 1.295166000000000039e+00 3.422851999999999784e+00 3.032226999999999784e+00
1.002197000000000005e+00 2.701416000000000039e+00 1.293944999999999901e+00 3.422851999999999784e+00 3.032226999999999784e+00
1.002197000000000005e+00 2.702637000000000178e+00 1.285400000000000098e+00 3.422851999999999784e+00 3.035889000000000060e+00
1.002197000000000005e+00 2.703857000000000177e+00 1.284180000000000099e+00 3.422851999999999784e+00 3.046875000000000000e+00
1.000977000000000006e+00 2.709960999999999842e+00 1.274413999999999936e+00 3.422851999999999784e+00 3.051757999999999971e+00
1.000977000000000006e+00 2.703857000000000177e+00 1.268310999999999966e+00 3.426514000000000060e+00 3.043213000000000168e+00
1.000977000000000006e+00 2.703857000000000177e+00 1.264647999999999994e+00 3.426514000000000060e+00 3.023681999999999981e+00
1.000977000000000006e+00 2.709960999999999842e+00 1.258545000000000025e+00 3.432617000000000029e+00 3.032226999999999784e+00
1.000977000000000006e+00 2.709960999999999842e+00 1.254882999999999971e+00 3.425292999999999921e+00 3.034667999999999921e+00
9.960940000000000349e-01 2.712401999999999980e+00 1.254882999999999971e+00 3.432617000000000029e+00 3.051757999999999971e+00
9.960940000000000349e-01 2.709960999999999842e+00 1.254882999999999971e+00 3.432617000000000029e+00 3.046875000000000000e+00
9.960940000000000349e-01 2.711181999999999981e+00 1.250000000000000000e+00 3.435058999999999862e+00 3.061523000000000216e+00
9.948730000000000073e-01 2.709960999999999842e+00 1.245117000000000029e+00 3.433838000000000168e+00 3.046875000000000000e+00
9.924319999999999808e-01 2.711181999999999981e+00 1.245117000000000029e+00 3.433838000000000168e+00 3.044433999999999862e+00
9.924319999999999808e-01 2.709960999999999842e+00 1.240234000000000059e+00 3.433838000000000168e+00 3.041992000000000029e+00
9.924319999999999808e-01 2.709960999999999842e+00 1.235352000000000006e+00 3.436278999999999861e+00 3.032226999999999784e+00
9.912109999999999532e-01 2.709960999999999842e+00 1.235352000000000006e+00 3.433838000000000168e+00 3.022460999999999842e+00
9.912109999999999532e-01 2.709960999999999842e+00 1.229247999999999896e+00 3.433838000000000168e+00 3.023681999999999981e+00
9.851069999999999549e-01 2.712401999999999980e+00 1.225586000000000064e+00 3.435058999999999862e+00 3.032226999999999784e+00
9.838869999999999560e-01 2.709960999999999842e+00 1.225586000000000064e+00 3.432617000000000029e+00 3.041992000000000029e+00
9.863279999999999825e-01 2.703857000000000177e+00 1.215819999999999901e+00 3.435058999999999862e+00 3.044433999999999862e+00
9.814450000000000118e-01 2.702637000000000178e+00 1.209716999999999931e+00 3.432617000000000029e+00 3.061523000000000216e+00
9.765629999999999589e-01 2.700194999999999901e+00 1.201171999999999906e+00 3.432617000000000029e+00 3.051757999999999971e+00
9.716799999999999882e-01 2.700194999999999901e+00 1.191405999999999965e+00 3.432617000000000029e+00 3.045653999999999861e+00
9.667970000000000175e-01 2.691650000000000098e+00 1.177979000000000109e+00 3.432617000000000029e+00 3.061523000000000216e+00
9.619140000000000468e-01 2.690430000000000099e+00 1.168212999999999946e+00 3.425292999999999921e+00 3.051757999999999971e+00
9.521479999999999944e-01 2.681884999999999852e+00 1.157227000000000006e+00 3.424071999999999782e+00 3.041992000000000029e+00
9.484860000000000513e-01 2.680664000000000158e+00 1.140136999999999956e+00 3.416748000000000118e+00 3.033446999999999782e+00
9.387210000000000276e-01 2.670898000000000216e+00 1.127930000000000099e+00 3.413085999999999842e+00 3.022460999999999842e+00
9.326170000000000293e-01 2.661132999999999971e+00 1.113280999999999965e+00 3.404541000000000039e+00 3.022460999999999842e+00
9.228520000000000056e-01 2.655028999999999861e+00 1.099854000000000109e+00 3.403319999999999901e+00 3.022460999999999842e+00
9.130859999999999532e-01 2.645264000000000060e+00 1.088867000000000029e+00 3.395995999999999793e+00 3.022460999999999842e+00
9.033200000000000118e-01 2.641601999999999784e+00 1.074219000000000035e+00 3.386229999999999851e+00 3.013916000000000039e+00
8.947749999999999870e-01 2.631835999999999842e+00 1.064453000000000094e+00 3.385009999999999852e+00 3.015137000000000178e+00
8.862299999999999622e-01 2.623291000000000039e+00 1.054688000000000070e+00 3.376465000000000050e+00 3.015137000000000178e+00
8.764650000000000496e-01 2.615966999999999931e+00 1.049805000000000099e+00 3.374023000000000216e+00 3.024901999999999980e+00
8.679200000000000248e-01 2.603759999999999852e+00 1.040038999999999936e+00 3.365479000000000109e+00 3.022460999999999842e+00
8.642579999999999707e-01 2.602539000000000158e+00 1.033935999999999966e+00 3.366699000000000108e+00 3.012694999999999901e+00
8.544920000000000293e-01 2.602539000000000158e+00 1.030272999999999994e+00 3.354492000000000029e+00 3.004150000000000098e+00
8.483889999999999487e-01 2.592773000000000216e+00 1.022949000000000108e+00 3.354492000000000029e+00 3.002930000000000099e+00
8.398440000000000349e-01 2.584229000000000109e+00 1.021729000000000109e+00 3.345946999999999782e+00 3.002930000000000099e+00
8.349609999999999532e-01 2.583007999999999971e+00 1.020507999999999971e+00 3.344726999999999784e+00 2.984618999999999911e+00
8.264160000000000394e-01 2.578125000000000000e+00 1.020507999999999971e+00 3.344726999999999784e+00 2.993164000000000158e+00
8.215329999999999577e-01 2.573242000000000029e+00 1.020507999999999971e+00 3.338623000000000118e+00 2.993164000000000158e+00
8.178710000000000147e-01 2.578125000000000000e+00 1.020507999999999971e+00 3.334960999999999842e+00 2.976074000000000108e+00
8.154299999999999882e-01 2.573242000000000029e+00 1.021729000000000109e+00 3.334960999999999842e+00 2.996825999999999990e+00
8.093259999999999899e-01 2.573242000000000029e+00 1.025390999999999941e+00 3.334960999999999842e+00 3.005370999999999793e+00
8.068849999999999634e-01 2.565917999999999921e+00 1.025390999999999941e+00 3.328857000000000177e+00 3.012694999999999901e+00
8.056640000000000468e-01 2.567139000000000060e+00 1.030272999999999994e+00 3.336181999999999981e+00 2.993164000000000158e+00
8.007809999999999651e-01 2.567139000000000060e+00 1.030272999999999994e+00 3.331299000000000010e+00 2.978515999999999941e+00
8.007809999999999651e-01 2.565917999999999921e+00 1.031493999999999911e+00 3.327637000000000178e+00 2.993164000000000158e+00
7.971190000000000220e-01 2.564696999999999782e+00 1.031493999999999911e+00 3.327637000000000178e+00 2.993164000000000158e+00
7.958979999999999944e-01 2.565917999999999921e+00 1.030272999999999994e+00 3.326416000000000039e+00 2.993164000000000158e+00
7.922360000000000513e-01 2.563476999999999784e+00 1.027832000000000079e+00 3.328857000000000177e+00 2.977294999999999803e+00
7.873539999999999983e-01 2.563476999999999784e+00 1.024170000000000025e+00 3.328857000000000177e+00 2.993164000000000158e+00
7.861329999999999707e-01 2.563476999999999784e+00 1.020507999999999971e+00 3.325194999999999901e+00 2.973632999999999971e+00
7.812500000000000000e-01 2.557373000000000118e+00 1.015625000000000000e+00 3.325194999999999901e+00 2.983398000000000216e+00
7.775879999999999459e-01 2.553710999999999842e+00 1.011962999999999946e+00 3.317870999999999793e+00 2.984618999999999911e+00
7.727049999999999752e-01 2.553710999999999842e+00 1.005859000000000059e+00 3.317870999999999793e+00 2.983398000000000216e+00
7.690430000000000321e-01 2.545166000000000039e+00 1.000977000000000006e+00 3.319091999999999931e+00 2.983398000000000216e+00
7.666020000000000056e-01 2.548827999999999872e+00 9.973140000000000338e-01 3.315430000000000099e+00 2.973632999999999971e+00
7.666020000000000056e-01 2.548827999999999872e+00 9.973140000000000338e-01 3.315430000000000099e+00 2.973632999999999971e+00
7.580569999999999808e-01 2.537841999999999931e+00 9.924319999999999808e-01 3.310547000000000128e+00 2.983398000000000216e+00
7.568359999999999532e-01 2.534180000000000099e+00 9.924319999999999808e-01 3.305664000000000158e+00 2.983398000000000216e+00
7.507319999999999549e-01 2.534180000000000099e+00 9.912109999999999532e-01 3.305664000000000158e+00 2.983398000000000216e+00
7.482910000000000394e-01 2.529297000000000128e+00 9.912109999999999532e-01 3.305664000000000158e+00 2.978515999999999941e+00
7.470700000000000118e-01 2.528075999999999990e+00 9.924319999999999808e-01 3.305664000000000158e+00 2.993164000000000158e+00
7.434079999999999577e-01 2.528075999999999990e+00 9.924319999999999808e-01 3.305664000000000158e+00 2.985840000000000050e+00
7.409670000000000423e-01 2.526854999999999851e+00 9.948730000000000073e-01 3.297118999999999911e+00 2.996825999999999990e+00
7.385249999999999870e-01 2.526854999999999851e+00 9.936519999999999797e-01 3.295898000000000216e+00 2.983398000000000216e+00
7.385249999999999870e-01 2.524414000000000158e+00 9.924319999999999808e-01 3.297118999999999911e+00 2.993164000000000158e+00
7.373049999999999882e-01 2.524414000000000158e+00 9.912109999999999532e-01 3.295898000000000216e+00 2.967528999999999861e+00
7.336430000000000451e-01 2.524414000000000158e+00 9.912109999999999532e-01 3.295898000000000216e+00 2.988281000000000187e+00
7.299799999999999622e-01 2.524414000000000158e+00 9.912109999999999532e-01 3.295898000000000216e+00 2.993164000000000158e+00
7.275390000000000468e-01 2.517090000000000050e+00 9.875490000000000101e-01 3.289794999999999803e+00 2.993164000000000158e+00
7.275390000000000468e-01 2.515868999999999911e+00 9.851069999999999549e-01 3.295898000000000216e+00 2.973632999999999971e+00
7.238769999999999927e-01 2.514648000000000216e+00 9.826660000000000394e-01 3.289794999999999803e+00 2.983398000000000216e+00
7.214359999999999662e-01 2.514648000000000216e+00 9.814450000000000118e-01 3.286132999999999971e+00 2.963867000000000029e+00
7.189940000000000220e-01 2.514648000000000216e+00 9.814450000000000118e-01 3.286132999999999971e+00 2.963867000000000029e+00
7.177729999999999944e-01 2.508544999999999803e+00 9.765629999999999589e-01 3.286132999999999971e+00 2.969971000000000139e+00
7.141110000000000513e-01 2.504882999999999971e+00 9.728999999999999870e-01 3.286132999999999971e+00 2.983398000000000216e+00
7.104489999999999972e-01 2.504882999999999971e+00 9.716799999999999882e-01 3.278808999999999862e+00 2.983398000000000216e+00
7.080079999999999707e-01 2.504882999999999971e+00 9.667970000000000175e-01 3.281250000000000000e+00 2.973632999999999971e+00
7.043460000000000276e-01 2.497558999999999862e+00 9.631349999999999634e-01 3.276367000000000029e+00 2.973632999999999971e+00
7.006839999999999735e-01 2.495117000000000029e+00 9.619140000000000468e-01 3.276367000000000029e+00 2.973632999999999971e+00
6.982420000000000293e-01 2.489014000000000060e+00 9.545900000000000496e-01 3.276367000000000029e+00 2.965088000000000168e+00
6.933589999999999476e-01 2.485351999999999784e+00 9.521479999999999944e-01 3.276367000000000029e+00 2.963867000000000029e+00
6.896970000000000045e-01 2.485351999999999784e+00 9.460450000000000248e-01 3.267821999999999782e+00 2.974854000000000109e+00
6.884770000000000056e-01 2.478026999999999980e+00 9.423829999999999707e-01 3.266601999999999784e+00 2.958984000000000059e+00
6.823730000000000073e-01 2.475585999999999842e+00 9.387210000000000276e-01 3.266601999999999784e+00 2.973632999999999971e+00
6.787109999999999532e-01 2.475585999999999842e+00 9.338379999999999459e-01 3.256835999999999842e+00 2.966308999999999862e+00
6.750490000000000101e-01 2.475585999999999842e+00 9.326170000000000293e-01 3.256835999999999842e+00 2.973632999999999971e+00
6.713869999999999560e-01 2.465819999999999901e+00 9.326170000000000293e-01 3.256835999999999842e+00 2.966308999999999862e+00
6.689450000000000118e-01 2.465819999999999901e+00 9.326170000000000293e-01 3.248291000000000039e+00 2.973632999999999971e+00
6.689450000000000118e-01 2.465819999999999901e+00 9.277339999999999476e-01 3.247069999999999901e+00 2.954101999999999784e+00
6.628420000000000423e-01 2.457275000000000098e+00 9.240720000000000045e-01 3.247069999999999901e+00 2.958984000000000059e+00
6.591799999999999882e-01 2.449950999999999990e+00 9.228520000000000056e-01 3.247069999999999901e+00 2.963867000000000029e+00
6.530759999999999899e-01 2.449950999999999990e+00 9.155269999999999797e-01 3.242188000000000070e+00 2.954101999999999784e+00
6.494140000000000468e-01 2.446289000000000158e+00 9.094240000000000101e-01 3.237305000000000099e+00 2.954101999999999784e+00
6.445309999999999651e-01 2.440186000000000188e+00 9.045410000000000394e-01 3.231200999999999990e+00 2.957764000000000060e+00
6.396479999999999944e-01 2.436523000000000216e+00 8.972170000000000423e-01 3.231200999999999990e+00 2.954101999999999784e+00
6.311039999999999983e-01 2.431640999999999941e+00 8.935549999999999882e-01 3.227539000000000158e+00 2.934569999999999901e+00
6.262210000000000276e-01 2.429199000000000108e+00 8.850099999999999634e-01 3.227539000000000158e+00 2.934569999999999901e+00
6.213379999999999459e-01 2.421875000000000000e+00 8.801269999999999927e-01 3.217773000000000216e+00 2.935791000000000039e+00
6.164549999999999752e-01 2.419433999999999862e+00 8.740229999999999944e-01 3.211669999999999803e+00 2.938232000000000177e+00
6.103520000000000056e-01 2.408446999999999782e+00 8.703610000000000513e-01 3.208007999999999971e+00 2.934569999999999901e+00
6.054690000000000349e-01 2.407226999999999784e+00 8.654789999999999983e-01 3.208007999999999971e+00 2.930908000000000069e+00
6.005859999999999532e-01 2.398681999999999981e+00 8.618160000000000265e-01 3.203125000000000000e+00 2.928466999999999931e+00
5.932619999999999560e-01 2.397460999999999842e+00 8.557129999999999459e-01 3.194580000000000197e+00 2.954101999999999784e+00
5.871579999999999577e-01 2.387694999999999901e+00 8.544920000000000293e-01 3.192139000000000060e+00 2.926025000000000098e+00
5.834960000000000147e-01 2.387694999999999901e+00 8.471680000000000321e-01 3.188476999999999784e+00 2.906493999999999911e+00
5.761720000000000175e-01 2.377930000000000099e+00 8.447270000000000056e-01 3.179931999999999981e+00 2.915039000000000158e+00
5.712890000000000468e-01 2.377930000000000099e+00 8.410640000000000338e-01 3.178710999999999842e+00 2.905273000000000216e+00
5.639650000000000496e-01 2.368164000000000158e+00 8.398440000000000349e-01 3.170166000000000039e+00 2.915039000000000158e+00
5.615229999999999944e-01 2.368164000000000158e+00 8.349609999999999532e-01 3.168944999999999901e+00 2.897949000000000108e+00
5.554200000000000248e-01 2.359618999999999911e+00 8.349609999999999532e-01 3.168944999999999901e+00 2.906493999999999911e+00
5.517579999999999707e-01 2.358398000000000216e+00 8.312990000000000101e-01 3.161620999999999793e+00 2.905273000000000216e+00
5.456539999999999724e-01 2.349854000000000109e+00 8.300779999999999825e-01 3.159180000000000099e+00 2.899169999999999803e+00
5.419920000000000293e-01 2.348632999999999971e+00 8.276369999999999560e-01 3.159180000000000099e+00 2.906493999999999911e+00
5.371089999999999476e-01 2.348632999999999971e+00 8.264160000000000394e-01 3.151854999999999851e+00 2.905273000000000216e+00
5.346680000000000321e-01 2.343750000000000000e+00 8.264160000000000394e-01 3.151854999999999851e+00 2.897949000000000108e+00
5.322270000000000056e-01 2.343750000000000000e+00 8.349609999999999532e-01 3.149414000000000158e+00 2.905273000000000216e+00
5.346680000000000321e-01 2.348632999999999971e+00 8.483889999999999487e-01 3.150634999999999852e+00 2.908936000000000188e+00
5.419920000000000293e-01 2.352294999999999803e+00 8.752440000000000220e-01 3.159180000000000099e+00 2.905273000000000216e+00
5.578610000000000513e-01 2.371825999999999990e+00 9.338379999999999459e-01 3.172607000000000177e+00 2.917479999999999851e+00
5.859379999999999589e-01 2.407226999999999784e+00 1.004639000000000060e+00 3.203125000000000000e+00 2.924805000000000099e+00
6.225589999999999735e-01 2.448729999999999851e+00 1.080322000000000005e+00 3.237305000000000099e+00 2.944335999999999842e+00
6.652829999999999577e-01 2.485351999999999784e+00 1.151122999999999896e+00 3.281250000000000000e+00 2.973632999999999971e+00
7.128910000000000524e-01 2.534180000000000099e+00 1.215819999999999901e+00 3.315430000000000099e+00 2.993164000000000158e+00
7.617190000000000349e-01 2.578125000000000000e+00 1.265868999999999911e+00 3.354492000000000029e+00 3.022460999999999842e+00
8.081049999999999622e-01 2.622069999999999901e+00 1.313477000000000006e+00 3.385009999999999852e+00 3.043213000000000168e+00
8.544920000000000293e-01 2.656250000000000000e+00 1.347655999999999965e+00 3.422851999999999784e+00 3.051757999999999971e+00
8.947749999999999870e-01 2.690430000000000099e+00 1.376953000000000094e+00 3.446044999999999803e+00 3.081055000000000099e+00
9.326170000000000293e-01 2.713623000000000118e+00 1.396484000000000059e+00 3.471680000000000099e+00 3.083495999999999793e+00
9.619140000000000468e-01 2.739257999999999971e+00 1.406250000000000000e+00 3.491210999999999842e+00 3.110351999999999784e+00
9.851069999999999549e-01 2.752686000000000188e+00 1.411132999999999971e+00 3.510742000000000029e+00 3.120117000000000029e+00
1.003417999999999921e+00 2.768555000000000099e+00 1.413574000000000108e+00 3.520507999999999971e+00 3.129882999999999971e+00
1.020507999999999971e+00 2.778319999999999901e+00 1.406250000000000000e+00 3.524169999999999803e+00 3.140868999999999911e+00
1.030272999999999994e+00 2.781982000000000177e+00 1.395264000000000060e+00 3.540039000000000158e+00 3.132324000000000108e+00
1.040038999999999936e+00 2.788085999999999842e+00 1.383056999999999981e+00 3.540039000000000158e+00 3.153075999999999990e+00
1.040038999999999936e+00 2.791748000000000118e+00 1.372069999999999901e+00 3.540039000000000158e+00 3.159180000000000099e+00
1.042480000000000073e+00 2.790526999999999980e+00 1.358643000000000045e+00 3.542479999999999851e+00 3.159180000000000099e+00
1.044921999999999906e+00 2.797851999999999784e+00 1.343993999999999911e+00 3.541259999999999852e+00 3.162841999999999931e+00
1.043700999999999990e+00 2.790526999999999980e+00 1.333007999999999971e+00 3.541259999999999852e+00 3.160400000000000098e+00
1.040038999999999936e+00 2.789306999999999981e+00 1.314697000000000005e+00 3.541259999999999852e+00 3.159180000000000099e+00
1.040038999999999936e+00 2.788085999999999842e+00 1.303711000000000064e+00 3.540039000000000158e+00 3.139648000000000216e+00
1.035155999999999965e+00 2.788085999999999842e+00 1.290283000000000069e+00 3.540039000000000158e+00 3.150634999999999852e+00
1.031493999999999911e+00 2.779541000000000039e+00 1.278075999999999990e+00 3.540039000000000158e+00 3.159180000000000099e+00
1.030272999999999994e+00 2.778319999999999901e+00 1.265868999999999911e+00 3.540039000000000158e+00 3.151854999999999851e+00
1.021729000000000109e+00 2.772216999999999931e+00 1.254882999999999971e+00 3.540039000000000158e+00 3.159180000000000099e+00
1.016845999999999917e+00 2.768555000000000099e+00 1.239014000000000060e+00 3.530273000000000216e+00 3.159180000000000099e+00
1.010742000000000029e+00 2.768555000000000099e+00 1.225586000000000064e+00 3.524169999999999803e+00 3.159180000000000099e+00
1.003417999999999921e+00 2.758789000000000158e+00 1.212158000000000069e+00 3.520507999999999971e+00 3.133544999999999803e+00
9.960940000000000349e-01 2.750243999999999911e+00 1.197510000000000074e+00 3.520507999999999971e+00 3.149414000000000158e+00
9.912109999999999532e-01 2.740479000000000109e+00 1.181640999999999941e+00 3.510742000000000029e+00 3.139648000000000216e+00
9.814450000000000118e-01 2.734375000000000000e+00 1.166992000000000029e+00 3.510742000000000029e+00 3.132324000000000108e+00
9.716799999999999882e-01 2.729492000000000029e+00 1.151122999999999896e+00 3.500976999999999784e+00 3.140868999999999911e+00
9.619140000000000468e-01 2.719726999999999784e+00 1.137694999999999901e+00 3.496093999999999813e+00 3.129882999999999971e+00
9.521479999999999944e-01 2.709960999999999842e+00 1.119385000000000074e+00 3.491210999999999842e+00 3.129882999999999971e+00
9.423829999999999707e-01 2.700194999999999901e+00 1.108397999999999994e+00 3.481444999999999901e+00 3.120117000000000029e+00
9.326170000000000293e-01 2.691650000000000098e+00 1.092529000000000083e+00 3.475341999999999931e+00 3.129882999999999971e+00
9.191890000000000338e-01 2.683104999999999851e+00 1.080322000000000005e+00 3.471680000000000099e+00 3.104248000000000118e+00
9.082029999999999825e-01 2.675781000000000187e+00 1.065674000000000010e+00 3.461914000000000158e+00 3.112792999999999921e+00
8.996579999999999577e-01 2.664794999999999803e+00 1.053466999999999931e+00 3.457031000000000187e+00 3.120117000000000029e+00
8.886720000000000175e-01 2.661132999999999971e+00 1.041260000000000074e+00 3.452148000000000216e+00 3.110351999999999784e+00
8.764650000000000496e-01 2.651367000000000029e+00 1.031493999999999911e+00 3.436278999999999861e+00 3.110351999999999784e+00
8.666989999999999972e-01 2.641601999999999784e+00 1.020507999999999971e+00 3.433838000000000168e+00 3.090819999999999901e+00
8.593750000000000000e-01 2.633056999999999981e+00 1.010742000000000029e+00 3.426514000000000060e+00 3.074950999999999990e+00
8.483889999999999487e-01 2.623291000000000039e+00 1.000977000000000006e+00 3.422851999999999784e+00 3.071289000000000158e+00
8.398440000000000349e-01 2.622069999999999901e+00 9.924319999999999808e-01 3.414306999999999981e+00 3.082275000000000098e+00
8.300779999999999825e-01 2.612305000000000099e+00 9.814450000000000118e-01 3.404541000000000039e+00 3.071289000000000158e+00
8.251950000000000118e-01 2.602539000000000158e+00 9.814450000000000118e-01 3.403319999999999901e+00 3.051757999999999971e+00
8.154299999999999882e-01 2.595215000000000050e+00 9.716799999999999882e-01 3.394775000000000098e+00 3.065186000000000188e+00
8.056640000000000468e-01 2.592773000000000216e+00 9.680180000000000451e-01 3.393555000000000099e+00 3.055419999999999803e+00
7.971190000000000220e-01 2.584229000000000109e+00 9.631349999999999634e-01 3.383789000000000158e+00 3.062743999999999911e+00
7.897950000000000248e-01 2.583007999999999971e+00 9.619140000000000468e-01 3.383789000000000158e+00 3.055419999999999803e+00
7.824710000000000276e-01 2.574463000000000168e+00 9.570309999999999651e-01 3.374023000000000216e+00 3.061523000000000216e+00
7.763670000000000293e-01 2.564696999999999782e+00 9.521479999999999944e-01 3.364257999999999971e+00 3.052979000000000109e+00
7.678220000000000045e-01 2.563476999999999784e+00 9.472660000000000524e-01 3.364257999999999971e+00 3.046875000000000000e+00
7.604980000000000073e-01 2.553710999999999842e+00 9.423829999999999707e-01 3.364257999999999971e+00 3.051757999999999971e+00
7.519529999999999825e-01 2.545166000000000039e+00 9.375000000000000000e-01 3.354492000000000029e+00 3.041992000000000029e+00
7.470700000000000118e-01 2.543944999999999901e+00 9.326170000000000293e-01 3.348389000000000060e+00 3.041992000000000029e+00
7.373049999999999882e-01 2.535400000000000098e+00 9.240720000000000045e-01 3.344726999999999784e+00 3.023681999999999981e+00
7.299799999999999622e-01 2.528075999999999990e+00 9.191890000000000338e-01 3.336181999999999981e+00 3.034667999999999921e+00
7.226559999999999651e-01 2.524414000000000158e+00 9.143069999999999808e-01 3.328857000000000177e+00 3.032226999999999784e+00
7.141110000000000513e-01 2.514648000000000216e+00 9.082029999999999825e-01 3.326416000000000039e+00 3.022460999999999842e+00
7.080079999999999707e-01 2.507324000000000108e+00 9.033200000000000118e-01 3.327637000000000178e+00 3.004150000000000098e+00
7.006839999999999735e-01 2.504882999999999971e+00 8.996579999999999577e-01 3.316650000000000098e+00 3.016357000000000177e+00
6.933589999999999476e-01 2.497558999999999862e+00 8.947749999999999870e-01 3.315430000000000099e+00 3.015137000000000178e+00
6.848140000000000338e-01 2.489014000000000060e+00 8.886720000000000175e-01 3.306884999999999852e+00 3.022460999999999842e+00
6.787109999999999532e-01 2.485351999999999784e+00 8.862299999999999622e-01 3.299561000000000188e+00 3.004150000000000098e+00
6.701660000000000394e-01 2.478026999999999980e+00 8.837890000000000468e-01 3.299561000000000188e+00 2.995604999999999851e+00
6.665039999999999853e-01 2.475585999999999842e+00 8.789059999999999651e-01 3.295898000000000216e+00 2.985840000000000050e+00
6.591799999999999882e-01 2.468262000000000178e+00 8.752440000000000220e-01 3.286132999999999971e+00 3.002930000000000099e+00
6.518549999999999622e-01 2.465819999999999901e+00 8.740229999999999944e-01 3.286132999999999971e+00 2.993164000000000158e+00
6.469730000000000203e-01 2.460938000000000070e+00 8.703610000000000513e-01 3.277588000000000168e+00 3.002930000000000099e+00
6.408690000000000220e-01 2.456055000000000099e+00 8.703610000000000513e-01 3.276367000000000029e+00 2.983398000000000216e+00
6.347660000000000524e-01 2.448729999999999851e+00 8.703610000000000513e-01 3.270264000000000060e+00 2.993164000000000158e+00
6.311039999999999983e-01 2.446289000000000158e+00 8.691410000000000524e-01 3.270264000000000060e+00 2.977294999999999803e+00
6.250000000000000000e-01 2.446289000000000158e+00 8.691410000000000524e-01 3.266601999999999784e+00 2.973632999999999971e+00
6.213379999999999459e-01 2.436523000000000216e+00 8.703610000000000513e-01 3.266601999999999784e+00 2.974854000000000109e+00
6.201170000000000293e-01 2.437743999999999911e+00 8.691410000000000524e-01 3.258056999999999981e+00 2.983398000000000216e+00
6.115720000000000045e-01 2.441406000000000187e+00 8.740229999999999944e-01 3.250732000000000177e+00 2.973632999999999971e+00
6.103520000000000056e-01 2.430419999999999803e+00 8.740229999999999944e-01 3.256835999999999842e+00 2.957764000000000060e+00
6.054690000000000349e-01 2.436523000000000216e+00 8.740229999999999944e-01 3.249512000000000178e+00 2.973632999999999971e+00
6.042480000000000073e-01 2.426757999999999971e+00 8.740229999999999944e-01 3.248291000000000039e+00 2.973632999999999971e+00
6.005859999999999532e-01 2.426757999999999971e+00 8.740229999999999944e-01 3.248291000000000039e+00 2.965088000000000168e+00
5.969240000000000101e-01 2.426757999999999971e+00 8.740229999999999944e-01 3.250732000000000177e+00 2.963867000000000029e+00
5.920410000000000394e-01 2.426757999999999971e+00 8.740229999999999944e-01 3.247069999999999901e+00 2.947998000000000118e+00
5.908200000000000118e-01 2.421875000000000000e+00 8.740229999999999944e-01 3.240966999999999931e+00 2.973632999999999971e+00
5.871579999999999577e-01 2.421875000000000000e+00 8.740229999999999944e-01 3.242188000000000070e+00 2.954101999999999784e+00
5.847170000000000423e-01 2.416992000000000029e+00 8.740229999999999944e-01 3.238525000000000098e+00 2.965088000000000168e+00
5.822749999999999870e-01 2.416992000000000029e+00 8.740229999999999944e-01 3.238525000000000098e+00 2.957764000000000060e+00
5.810549999999999882e-01 2.412109000000000059e+00 8.740229999999999944e-01 3.237305000000000099e+00 2.954101999999999784e+00
5.773930000000000451e-01 2.412109000000000059e+00 8.703610000000000513e-01 3.237305000000000099e+00 2.957764000000000060e+00
5.749509999999999899e-01 2.408446999999999782e+00 8.679200000000000248e-01 3.231200999999999990e+00 2.974854000000000109e+00
5.712890000000000468e-01 2.407226999999999784e+00 8.666989999999999972e-01 3.227539000000000158e+00 2.950438999999999812e+00
5.676269999999999927e-01 2.407226999999999784e+00 8.642579999999999707e-01 3.227539000000000158e+00 2.956542999999999921e+00
5.664059999999999651e-01 2.401123000000000118e+00 8.642579999999999707e-01 3.229979999999999851e+00 2.963867000000000029e+00
5.627440000000000220e-01 2.397460999999999842e+00 8.593750000000000000e-01 3.221436000000000188e+00 2.963867000000000029e+00
5.615229999999999944e-01 2.397460999999999842e+00 8.581539999999999724e-01 3.218993999999999911e+00 2.954101999999999784e+00
5.566410000000000524e-01 2.391357000000000177e+00 8.557129999999999459e-01 3.217773000000000216e+00 2.944335999999999842e+00
5.529789999999999983e-01 2.387694999999999901e+00 8.544920000000000293e-01 3.217773000000000216e+00 2.944335999999999842e+00
5.517579999999999707e-01 2.387694999999999901e+00 8.496089999999999476e-01 3.211669999999999803e+00 2.954101999999999784e+00
5.468750000000000000e-01 2.380370999999999793e+00 8.483889999999999487e-01 3.209229000000000109e+00 2.946776999999999980e+00
5.456539999999999724e-01 2.377930000000000099e+00 8.459470000000000045e-01 3.208007999999999971e+00 2.938232000000000177e+00
5.419920000000000293e-01 2.377930000000000099e+00 8.447270000000000056e-01 3.208007999999999971e+00 2.944335999999999842e+00
5.371089999999999476e-01 2.368164000000000158e+00 8.410640000000000338e-01 3.199463000000000168e+00 2.954101999999999784e+00
5.322270000000000056e-01 2.368164000000000158e+00 8.361819999999999808e-01 3.198242000000000029e+00 2.934569999999999901e+00
5.297849999999999504e-01 2.369384999999999852e+00 8.312990000000000101e-01 3.198242000000000029e+00 2.935791000000000039e+00
5.236819999999999808e-01 2.358398000000000216e+00 8.264160000000000394e-01 3.190917999999999921e+00 2.935791000000000039e+00
5.224609999999999532e-01 2.351074000000000108e+00 8.251950000000000118e-01 3.188476999999999784e+00 2.934569999999999901e+00
5.139160000000000394e-01 2.358398000000000216e+00 8.166499999999999870e-01 3.181151999999999980e+00 2.934569999999999901e+00
5.102539999999999853e-01 2.343750000000000000e+00 8.154299999999999882e-01 3.178710999999999842e+00 2.924805000000000099e+00
5.053710000000000147e-01 2.338867000000000029e+00 8.081049999999999622e-01 3.178710999999999842e+00 2.924805000000000099e+00
4.992679999999999896e-01 2.331542999999999921e+00 8.056640000000000468e-01 3.168944999999999901e+00 2.924805000000000099e+00
4.931639999999999913e-01 2.329101999999999784e+00 8.007809999999999651e-01 3.168944999999999901e+00 2.915039000000000158e+00
4.882810000000000206e-01 2.320556999999999981e+00 7.958979999999999944e-01 3.161620999999999793e+00 2.924805000000000099e+00
4.846190000000000220e-01 2.319335999999999842e+00 7.922360000000000513e-01 3.159180000000000099e+00 2.915039000000000158e+00
4.785159999999999969e-01 2.310791000000000039e+00 7.873539999999999983e-01 3.159180000000000099e+00 2.915039000000000158e+00
4.736330000000000262e-01 2.309569999999999901e+00 7.861329999999999707e-01 3.151854999999999851e+00 2.910156000000000187e+00
4.699710000000000276e-01 2.302245999999999793e+00 7.812500000000000000e-01 3.149414000000000158e+00 2.905273000000000216e+00
4.650880000000000014e-01 2.293700999999999990e+00 7.800289999999999724e-01 3.142090000000000050e+00 2.910156000000000187e+00
4.602049999999999752e-01 2.292479999999999851e+00 7.775879999999999459e-01 3.139648000000000216e+00 2.910156000000000187e+00
4.553220000000000045e-01 2.290039000000000158e+00 7.763670000000000293e-01 3.139648000000000216e+00 2.905273000000000216e+00
4.492189999999999794e-01 2.285156000000000187e+00 7.727049999999999752e-01 3.131104000000000109e+00 2.915039000000000158e+00
4.455569999999999808e-01 2.280273000000000216e+00 7.714839999999999476e-01 3.129882999999999971e+00 2.890625000000000000e+00
4.406740000000000101e-01 2.280273000000000216e+00 7.690430000000000321e-01 3.129882999999999971e+00 2.895507999999999971e+00
4.370120000000000116e-01 2.270507999999999971e+00 7.666020000000000056e-01 3.120117000000000029e+00 2.895507999999999971e+00
4.345700000000000118e-01 2.265625000000000000e+00 7.666020000000000056e-01 3.120117000000000029e+00 2.890625000000000000e+00
4.296880000000000144e-01 2.261963000000000168e+00 7.666020000000000056e-01 3.114014000000000060e+00 2.899169999999999803e+00
4.260249999999999870e-01 2.260742000000000029e+00 7.629390000000000338e-01 3.110351999999999784e+00 2.885742000000000029e+00
4.223629999999999884e-01 2.253417999999999921e+00 7.617190000000000349e-01 3.104248000000000118e+00 2.890625000000000000e+00
4.187009999999999899e-01 2.250976999999999784e+00 7.580569999999999808e-01 3.101806999999999981e+00 2.890625000000000000e+00
4.150389999999999913e-01 2.250976999999999784e+00 7.604980000000000073e-01 3.100585999999999842e+00 2.875976999999999784e+00
4.113769999999999927e-01 2.243651999999999980e+00 7.604980000000000073e-01 3.094482000000000177e+00 2.885742000000000029e+00
4.077149999999999941e-01 2.241210999999999842e+00 7.580569999999999808e-01 3.094482000000000177e+00 2.875976999999999784e+00
4.064940000000000220e-01 2.241210999999999842e+00 7.592769999999999797e-01 3.092041000000000039e+00 2.867431999999999981e+00
4.052729999999999944e-01 2.233887000000000178e+00 7.580569999999999808e-01 3.090819999999999901e+00 2.857666000000000039e+00
4.016109999999999958e-01 2.232666000000000039e+00 7.580569999999999808e-01 3.084716999999999931e+00 2.877196999999999782e+00
3.991700000000000248e-01 2.232666000000000039e+00 7.580569999999999808e-01 3.090819999999999901e+00 2.857666000000000039e+00
3.967289999999999983e-01 2.231444999999999901e+00 7.604980000000000073e-01 3.082275000000000098e+00 2.875976999999999784e+00
3.955080000000000262e-01 2.225341999999999931e+00 7.604980000000000073e-01 3.081055000000000099e+00 2.856444999999999901e+00
3.930660000000000265e-01 2.222900000000000098e+00 7.604980000000000073e-01 3.081055000000000099e+00 2.862549000000000010e+00
3.918460000000000276e-01 2.221680000000000099e+00 7.604980000000000073e-01 3.081055000000000099e+00 2.867431999999999981e+00
3.894039999999999724e-01 2.221680000000000099e+00 7.604980000000000073e-01 3.081055000000000099e+00 2.866210999999999842e+00
3.869630000000000014e-01 2.218017999999999823e+00 7.592769999999999797e-01 3.074950999999999990e+00 2.871093999999999813e+00
3.857419999999999738e-01 2.214354999999999851e+00 7.604980000000000073e-01 3.072509999999999852e+00 2.866210999999999842e+00
3.857419999999999738e-01 2.213134999999999852e+00 7.604980000000000073e-01 3.071289000000000158e+00 2.850341999999999931e+00
3.833010000000000028e-01 2.213134999999999852e+00 7.617190000000000349e-01 3.071289000000000158e+00 2.856444999999999901e+00
3.833010000000000028e-01 2.211914000000000158e+00 7.666020000000000056e-01 3.070068000000000019e+00 2.866210999999999842e+00
3.820799999999999752e-01 2.211914000000000158e+00 7.666020000000000056e-01 3.071289000000000158e+00 2.849120999999999793e+00
3.820799999999999752e-01 2.211914000000000158e+00 7.690430000000000321e-01 3.071289000000000158e+00 2.856444999999999901e+00
3.820799999999999752e-01 2.210693000000000019e+00 7.714839999999999476e-01 3.071289000000000158e+00 2.856444999999999901e+00
3.833010000000000028e-01 2.211914000000000158e+00 7.763670000000000293e-01 3.070068000000000019e+00 2.866210999999999842e+00
3.833010000000000028e-01 2.211914000000000158e+00 7.763670000000000293e-01 3.071289000000000158e+00 2.846680000000000099e+00
3.857419999999999738e-01 2.211914000000000158e+00 7.775879999999999459e-01 3.071289000000000158e+00 2.858887000000000178e+00
3.857419999999999738e-01 2.211914000000000158e+00 7.800289999999999724e-01 3.073729999999999851e+00 2.860107000000000177e+00
3.857419999999999738e-01 2.208251999999999882e+00 7.812500000000000000e-01 3.071289000000000158e+00 2.857666000000000039e+00
3.869630000000000014e-01 2.213134999999999852e+00 7.824710000000000276e-01 3.071289000000000158e+00 2.860107000000000177e+00
3.869630000000000014e-01 2.214354999999999851e+00 7.861329999999999707e-01 3.076172000000000128e+00 2.866210999999999842e+00
3.894039999999999724e-01 2.211914000000000158e+00 7.873539999999999983e-01 3.073729999999999851e+00 2.866210999999999842e+00
3.906250000000000000e-01 2.213134999999999852e+00 7.897950000000000248e-01 3.072509999999999852e+00 2.867431999999999981e+00
3.918460000000000276e-01 2.215575999999999990e+00 7.922360000000000513e-01 3.076172000000000128e+00 2.856444999999999901e+00
3.955080000000000262e-01 2.215575999999999990e+00 7.958979999999999944e-01 3.073729999999999851e+00 2.860107000000000177e+00
3.955080000000000262e-01 2.221680000000000099e+00 7.971190000000000220e-01 3.074950999999999990e+00 2.875976999999999784e+00
3.967289999999999983e-01 2.221680000000000099e+00 7.971190000000000220e-01 3.081055000000000099e+00 2.866210999999999842e+00
4.003909999999999969e-01 2.221680000000000099e+00 8.007809999999999651e-01 3.084716999999999931e+00 2.867431999999999981e+00
4.016109999999999958e-01 2.221680000000000099e+00 8.020019999999999927e-01 3.082275000000000098e+00 2.866210999999999842e+00
4.052729999999999944e-01 2.221680000000000099e+00 8.056640000000000468e-01 3.081055000000000099e+00 2.850341999999999931e+00
4.064940000000000220e-01 2.225341999999999931e+00 8.068849999999999634e-01 3.083495999999999793e+00 2.866210999999999842e+00
4.089360000000000217e-01 2.225341999999999931e+00 8.068849999999999634e-01 3.083495999999999793e+00 2.866210999999999842e+00
4.101560000000000206e-01 2.231444999999999901e+00 8.105470000000000175e-01 3.092041000000000039e+00 2.875976999999999784e+00
4.150389999999999913e-01 2.231444999999999901e+00 8.154299999999999882e-01 3.090819999999999901e+00 2.856444999999999901e+00
4.162600000000000189e-01 2.231444999999999901e+00 8.154299999999999882e-01 3.090819999999999901e+00 2.866210999999999842e+00
4.187009999999999899e-01 2.231444999999999901e+00 8.154299999999999882e-01 3.090819999999999901e+00 2.866210999999999842e+00
4.211429999999999896e-01 2.232666000000000039e+00 8.166499999999999870e-01 3.090819999999999901e+00 2.875976999999999784e+00
4.248049999999999882e-01 2.232666000000000039e+00 8.166499999999999870e-01 3.090819999999999901e+00 2.871093999999999813e+00
4.248049999999999882e-01 2.232666000000000039e+00 8.166499999999999870e-01 3.090819999999999901e+00 2.880859000000000059e+00
4.260249999999999870e-01 2.232666000000000039e+00 8.166499999999999870e-01 3.090819999999999901e+00 2.877196999999999782e+00
4.284669999999999868e-01 2.231444999999999901e+00 8.166499999999999870e-01 3.090819999999999901e+00 2.875976999999999784e+00
4.296880000000000144e-01 2.233887000000000178e+00 8.154299999999999882e-01 3.092041000000000039e+00 2.877196999999999782e+00
4.309080000000000132e-01 2.235107000000000177e+00 8.154299999999999882e-01 3.090819999999999901e+00 2.858887000000000178e+00
4.309080000000000132e-01 2.233887000000000178e+00 8.154299999999999882e-01 3.090819999999999901e+00 2.868651999999999980e+00
4.309080000000000132e-01 2.232666000000000039e+00 8.117680000000000451e-01 3.092041000000000039e+00 2.885742000000000029e+00
4.309080000000000132e-01 2.230224999999999902e+00 8.105470000000000175e-01 3.090819999999999901e+00 2.860107000000000177e+00
4.345700000000000118e-01 2.231444999999999901e+00 8.093259999999999899e-01 3.090819999999999901e+00 2.871093999999999813e+00
4.321289999999999853e-01 2.231444999999999901e+00 8.068849999999999634e-01 3.090819999999999901e+00 2.875976999999999784e+00
4.345700000000000118e-01 2.231444999999999901e+00 8.068849999999999634e-01 3.090819999999999901e+00 2.875976999999999784e+00
4.321289999999999853e-01 2.227783000000000069e+00 8.068849999999999634e-01 3.090819999999999901e+00 2.871093999999999813e+00
4.345700000000000118e-01 2.225341999999999931e+00 8.056640000000000468e-01 3.090819999999999901e+00 2.875976999999999784e+00
4.333500000000000130e-01 2.226563000000000070e+00 8.056640000000000468e-01 3.084716999999999931e+00 2.877196999999999782e+00
4.321289999999999853e-01 2.222900000000000098e+00 8.056640000000000468e-01 3.085938000000000070e+00 2.856444999999999901e+00
4.321289999999999853e-01 2.221680000000000099e+00 8.020019999999999927e-01 3.081055000000000099e+00 2.866210999999999842e+00
4.345700000000000118e-01 2.222900000000000098e+00 8.020019999999999927e-01 3.081055000000000099e+00 2.861327999999999872e+00
4.309080000000000132e-01 2.221680000000000099e+00 8.007809999999999651e-01 3.082275000000000098e+00 2.875976999999999784e+00
4.296880000000000144e-01 2.221680000000000099e+00 7.958979999999999944e-01 3.081055000000000099e+00 2.856444999999999901e+00
4.296880000000000144e-01 2.213134999999999852e+00 7.958979999999999944e-01 3.081055000000000099e+00 2.856444999999999901e+00
4.284669999999999868e-01 2.211914000000000158e+00 7.922360000000000513e-01 3.074950999999999990e+00 2.869873000000000118e+00
4.272460000000000147e-01 2.211914000000000158e+00 7.910160000000000524e-01 3.072509999999999852e+00 2.857666000000000039e+00
4.260249999999999870e-01 2.211914000000000158e+00 7.885739999999999972e-01 3.072509999999999852e+00 2.847900000000000098e+00
4.248049999999999882e-01 2.203368999999999911e+00 7.873539999999999983e-01 3.071289000000000158e+00 2.840575999999999990e+00
4.248049999999999882e-01 2.203368999999999911e+00 7.873539999999999983e-01 3.071289000000000158e+00 2.856444999999999901e+00
4.211429999999999896e-01 2.202148000000000216e+00 7.861329999999999707e-01 3.066406000000000187e+00 2.851563000000000070e+00
4.199220000000000175e-01 2.202148000000000216e+00 7.824710000000000276e-01 3.062743999999999911e+00 2.866210999999999842e+00
4.187009999999999899e-01 2.198485999999999940e+00 7.812500000000000000e-01 3.061523000000000216e+00 2.840575999999999990e+00
4.174800000000000177e-01 2.194824000000000108e+00 7.800289999999999724e-01 3.061523000000000216e+00 2.847900000000000098e+00
4.150389999999999913e-01 2.192382999999999971e+00 7.788089999999999735e-01 3.061523000000000216e+00 2.846680000000000099e+00
4.150389999999999913e-01 2.192382999999999971e+00 7.775879999999999459e-01 3.055419999999999803e+00 2.856444999999999901e+00
4.113769999999999927e-01 2.187500000000000000e+00 7.763670000000000293e-01 3.051757999999999971e+00 2.836914000000000158e+00
4.101560000000000206e-01 2.185058999999999862e+00 7.763670000000000293e-01 3.051757999999999971e+00 2.836914000000000158e+00
4.089360000000000217e-01 2.182617000000000029e+00 7.714839999999999476e-01 3.051757999999999971e+00 2.839354999999999851e+00
4.064940000000000220e-01 2.180175999999999892e+00 7.714839999999999476e-01 3.046875000000000000e+00 2.839354999999999851e+00
4.052729999999999944e-01 2.176514000000000060e+00 7.678220000000000045e-01 3.043213000000000168e+00 2.856444999999999901e+00
4.052729999999999944e-01 2.174071999999999782e+00 7.678220000000000045e-01 3.041992000000000029e+00 2.836914000000000158e+00
4.016109999999999958e-01 2.172851999999999784e+00 7.678220000000000045e-01 3.041992000000000029e+00 2.836914000000000158e+00
4.003909999999999969e-01 2.172851999999999784e+00 7.666020000000000056e-01 3.041992000000000029e+00 2.832031000000000187e+00
3.991700000000000248e-01 2.175292999999999921e+00 7.666020000000000056e-01 3.041992000000000029e+00 2.836914000000000158e+00
