1.245119999999999977e-01 1.538086000000000064e+00 5.908200000000000118e-01 2.319335999999999842e+00
1.245119999999999977e-01 1.538086000000000064e+00 5.908200000000000118e-01 2.319335999999999842e+00
1.245119999999999977e-01 1.538086000000000064e+00 5.908200000000000118e-01 2.319335999999999842e+00
1.245119999999999977e-01 1.538086000000000064e+00 5.908200000000000118e-01 2.319335999999999842e+00
1.245119999999999977e-01 1.538086000000000064e+00 5.908200000000000118e-01 2.319335999999999842e+00
1.257320000000000104e-01 1.540526999999999980e+00 5.908200000000000118e-01 2.319335999999999842e+00
1.245119999999999977e-01 1.538086000000000064e+00 5.908200000000000118e-01 2.319335999999999842e+00
1.257320000000000104e-01 1.539306999999999981e+00 5.908200000000000118e-01 2.320556999999999981e+00
1.306150000000000089e-01 1.542969000000000035e+00 6.042480000000000073e-01 2.329101999999999784e+00
1.452640000000000042e-01 1.560059000000000085e+00 6.445309999999999651e-01 2.343750000000000000e+00
1.721189999999999942e-01 1.588135000000000074e+00 7.080079999999999707e-01 2.381591999999999931e+00
2.136230000000000073e-01 1.635742000000000029e+00 7.666020000000000056e-01 2.441406000000000187e+00
2.600100000000000189e-01 1.684569999999999901e+00 8.154299999999999882e-01 2.506104000000000109e+00
3.100589999999999735e-01 1.738280999999999965e+00 8.544920000000000293e-01 2.583007999999999971e+00
3.576659999999999839e-01 1.793212999999999946e+00 8.789059999999999651e-01 2.645264000000000060e+00
4.016109999999999958e-01 1.840819999999999901e+00 8.996579999999999577e-01 2.700194999999999901e+00
4.406740000000000101e-01 1.882324000000000108e+00 9.179690000000000349e-01 2.753906000000000187e+00
4.760739999999999972e-01 1.923828000000000094e+00 9.326170000000000293e-01 2.792968999999999813e+00
5.090329999999999577e-01 1.958007999999999971e+00 9.448239999999999972e-01 2.832031000000000187e+00
5.383299999999999752e-01 1.987305000000000099e+00 9.545900000000000496e-01 2.866210999999999842e+00
5.651859999999999662e-01 2.016601999999999784e+00 9.680180000000000451e-01 2.895507999999999971e+00
5.908200000000000118e-01 2.045898000000000216e+00 9.814450000000000118e-01 2.924805000000000099e+00
6.140139999999999487e-01 2.075194999999999901e+00 9.936519999999999797e-01 2.954101999999999784e+00
6.359860000000000513e-01 2.098389000000000060e+00 1.005859000000000059e+00 2.974854000000000109e+00
6.591799999999999882e-01 2.124023000000000216e+00 1.016845999999999917e+00 3.002930000000000099e+00
6.787109999999999532e-01 2.153319999999999901e+00 1.033935999999999966e+00 3.033446999999999782e+00
7.031250000000000000e-01 2.182617000000000029e+00 1.054688000000000070e+00 3.055419999999999803e+00
7.287599999999999634e-01 2.211914000000000158e+00 1.079102000000000006e+00 3.084716999999999931e+00
7.519529999999999825e-01 2.231444999999999901e+00 1.088867000000000029e+00 3.112792999999999921e+00
7.885739999999999972e-01 2.270507999999999971e+00 1.109618999999999911e+00 3.153075999999999990e+00
8.068849999999999634e-01 2.293700999999999990e+00 1.121825999999999990e+00 3.170166000000000039e+00
8.251950000000000118e-01 2.319335999999999842e+00 1.134033000000000069e+00 3.188476999999999784e+00
8.398440000000000349e-01 2.338867000000000029e+00 1.148681999999999981e+00 3.208007999999999971e+00
8.544920000000000293e-01 2.358398000000000216e+00 1.157227000000000006e+00 3.227539000000000158e+00
8.691410000000000524e-01 2.377930000000000099e+00 1.166992000000000029e+00 3.236083999999999961e+00
8.837890000000000468e-01 2.397460999999999842e+00 1.176757999999999971e+00 3.248291000000000039e+00
8.935549999999999882e-01 2.407226999999999784e+00 1.180420000000000025e+00 3.266601999999999784e+00
9.033200000000000118e-01 2.426757999999999971e+00 1.187743999999999911e+00 3.276367000000000029e+00
9.130859999999999532e-01 2.446289000000000158e+00 1.196288999999999936e+00 3.286132999999999971e+00
9.228520000000000056e-01 2.456055000000000099e+00 1.198730000000000073e+00 3.295898000000000216e+00
9.289549999999999752e-01 2.467041000000000039e+00 1.198730000000000073e+00 3.305664000000000158e+00
9.338379999999999459e-01 2.478026999999999980e+00 1.196288999999999936e+00 3.315430000000000099e+00
9.362789999999999724e-01 2.485351999999999784e+00 1.191405999999999965e+00 3.315430000000000099e+00
9.423829999999999707e-01 2.490234000000000059e+00 1.186522999999999994e+00 3.320313000000000070e+00
9.423829999999999707e-01 2.495117000000000029e+00 1.176757999999999971e+00 3.319091999999999931e+00
9.423829999999999707e-01 2.504882999999999971e+00 1.166992000000000029e+00 3.325194999999999901e+00
9.375000000000000000e-01 2.496338000000000168e+00 1.157227000000000006e+00 3.325194999999999901e+00
9.362789999999999724e-01 2.497558999999999862e+00 1.147461000000000064e+00 3.325194999999999901e+00
9.338379999999999459e-01 2.497558999999999862e+00 1.137694999999999901e+00 3.325194999999999901e+00
9.326170000000000293e-01 2.496338000000000168e+00 1.129150000000000098e+00 3.325194999999999901e+00
9.277339999999999476e-01 2.496338000000000168e+00 1.118163999999999936e+00 3.325194999999999901e+00
9.228520000000000056e-01 2.496338000000000168e+00 1.110840000000000050e+00 3.316650000000000098e+00
9.204099999999999504e-01 2.495117000000000029e+00 1.103515999999999941e+00 3.316650000000000098e+00
9.143069999999999808e-01 2.496338000000000168e+00 1.098632999999999971e+00 3.319091999999999931e+00
9.143069999999999808e-01 2.491455000000000197e+00 1.090087999999999946e+00 3.315430000000000099e+00
9.130859999999999532e-01 2.489014000000000060e+00 1.088867000000000029e+00 3.315430000000000099e+00
9.082029999999999825e-01 2.495117000000000029e+00 1.088867000000000029e+00 3.316650000000000098e+00
9.069819999999999549e-01 2.495117000000000029e+00 1.082764000000000060e+00 3.315430000000000099e+00
9.045410000000000394e-01 2.495117000000000029e+00 1.081542999999999921e+00 3.315430000000000099e+00
9.033200000000000118e-01 2.495117000000000029e+00 1.080322000000000005e+00 3.315430000000000099e+00
9.033200000000000118e-01 2.490234000000000059e+00 1.080322000000000005e+00 3.315430000000000099e+00
9.033200000000000118e-01 2.495117000000000029e+00 1.085204999999999975e+00 3.315430000000000099e+00
9.033200000000000118e-01 2.495117000000000029e+00 1.088867000000000029e+00 3.315430000000000099e+00
8.984379999999999589e-01 2.496338000000000168e+00 1.088867000000000029e+00 3.317870999999999793e+00
8.972170000000000423e-01 2.498778999999999861e+00 1.088867000000000029e+00 3.316650000000000098e+00
8.984379999999999589e-01 2.504882999999999971e+00 1.088867000000000029e+00 3.325194999999999901e+00
9.033200000000000118e-01 2.504882999999999971e+00 1.098632999999999971e+00 3.325194999999999901e+00
9.033200000000000118e-01 2.506104000000000109e+00 1.103515999999999941e+00 3.325194999999999901e+00
9.033200000000000118e-01 2.514648000000000216e+00 1.108397999999999994e+00 3.328857000000000177e+00
9.045410000000000394e-01 2.517090000000000050e+00 1.108397999999999994e+00 3.334960999999999842e+00
9.045410000000000394e-01 2.519531000000000187e+00 1.108397999999999994e+00 3.328857000000000177e+00
9.057619999999999560e-01 2.525634999999999852e+00 1.112060999999999966e+00 3.334960999999999842e+00
9.082029999999999825e-01 2.534180000000000099e+00 1.120605000000000073e+00 3.334960999999999842e+00
9.130859999999999532e-01 2.536620999999999793e+00 1.131591999999999931e+00 3.344726999999999784e+00
9.167480000000000073e-01 2.543944999999999901e+00 1.138916000000000039e+00 3.344726999999999784e+00
9.228520000000000056e-01 2.547607000000000177e+00 1.148681999999999981e+00 3.354492000000000029e+00
9.252930000000000321e-01 2.553710999999999842e+00 1.157227000000000006e+00 3.364257999999999971e+00
9.326170000000000293e-01 2.563476999999999784e+00 1.153564000000000034e+00 3.364257999999999971e+00
9.326170000000000293e-01 2.564696999999999782e+00 1.152344000000000035e+00 3.365479000000000109e+00
9.326170000000000293e-01 2.573242000000000029e+00 1.147461000000000064e+00 3.365479000000000109e+00
9.289549999999999752e-01 2.565917999999999921e+00 1.137694999999999901e+00 3.365479000000000109e+00
9.252930000000000321e-01 2.564696999999999782e+00 1.127930000000000099e+00 3.367919999999999803e+00
9.228520000000000056e-01 2.563476999999999784e+00 1.118163999999999936e+00 3.366699000000000108e+00
9.167480000000000073e-01 2.563476999999999784e+00 1.108397999999999994e+00 3.364257999999999971e+00
9.130859999999999532e-01 2.558593999999999813e+00 1.098632999999999971e+00 3.364257999999999971e+00
9.069819999999999549e-01 2.554931999999999981e+00 1.093750000000000000e+00 3.364257999999999971e+00
9.033200000000000118e-01 2.553710999999999842e+00 1.092529000000000083e+00 3.354492000000000029e+00
9.033200000000000118e-01 2.553710999999999842e+00 1.093750000000000000e+00 3.356933999999999862e+00
9.033200000000000118e-01 2.554931999999999981e+00 1.098632999999999971e+00 3.359375000000000000e+00
9.033200000000000118e-01 2.554931999999999981e+00 1.099854000000000109e+00 3.359375000000000000e+00
9.033200000000000118e-01 2.558593999999999813e+00 1.103515999999999941e+00 3.364257999999999971e+00
9.033200000000000118e-01 2.563476999999999784e+00 1.112060999999999966e+00 3.364257999999999971e+00
9.057619999999999560e-01 2.565917999999999921e+00 1.119385000000000074e+00 3.364257999999999971e+00
9.106450000000000378e-01 2.567139000000000060e+00 1.123046999999999906e+00 3.374023000000000216e+00
9.130859999999999532e-01 2.573242000000000029e+00 1.127930000000000099e+00 3.367919999999999803e+00
9.130859999999999532e-01 2.573242000000000029e+00 1.123046999999999906e+00 3.374023000000000216e+00
9.130859999999999532e-01 2.578125000000000000e+00 1.121825999999999990e+00 3.374023000000000216e+00
9.130859999999999532e-01 2.583007999999999971e+00 1.125488000000000044e+00 3.375243999999999911e+00
9.143069999999999808e-01 2.583007999999999971e+00 1.127930000000000099e+00 3.383789000000000158e+00
9.143069999999999808e-01 2.583007999999999971e+00 1.129150000000000098e+00 3.383789000000000158e+00
9.130859999999999532e-01 2.583007999999999971e+00 1.123046999999999906e+00 3.383789000000000158e+00
9.130859999999999532e-01 2.583007999999999971e+00 1.118163999999999936e+00 3.383789000000000158e+00
9.130859999999999532e-01 2.583007999999999971e+00 1.108397999999999994e+00 3.383789000000000158e+00
9.069819999999999549e-01 2.583007999999999971e+00 1.101074000000000108e+00 3.375243999999999911e+00
9.033200000000000118e-01 2.578125000000000000e+00 1.098632999999999971e+00 3.367919999999999803e+00
9.033200000000000118e-01 2.578125000000000000e+00 1.093750000000000000e+00 3.374023000000000216e+00
8.996579999999999577e-01 2.578125000000000000e+00 1.092529000000000083e+00 3.374023000000000216e+00
8.972170000000000423e-01 2.575683999999999862e+00 1.090087999999999946e+00 3.374023000000000216e+00
8.972170000000000423e-01 2.576903999999999861e+00 1.090087999999999946e+00 3.378906000000000187e+00
8.959960000000000147e-01 2.574463000000000168e+00 1.093750000000000000e+00 3.376465000000000050e+00
8.947749999999999870e-01 2.575683999999999862e+00 1.094970999999999917e+00 3.374023000000000216e+00
8.984379999999999589e-01 2.583007999999999971e+00 1.098632999999999971e+00 3.374023000000000216e+00
8.984379999999999589e-01 2.583007999999999971e+00 1.098632999999999971e+00 3.374023000000000216e+00
8.972170000000000423e-01 2.583007999999999971e+00 1.108397999999999994e+00 3.378906000000000187e+00
8.996579999999999577e-01 2.583007999999999971e+00 1.112060999999999966e+00 3.383789000000000158e+00
9.033200000000000118e-01 2.586669999999999803e+00 1.118163999999999936e+00 3.385009999999999852e+00
9.082029999999999825e-01 2.592773000000000216e+00 1.127930000000000099e+00 3.393555000000000099e+00
9.130859999999999532e-01 2.595215000000000050e+00 1.129150000000000098e+00 3.393555000000000099e+00
9.130859999999999532e-01 2.595215000000000050e+00 1.130371000000000015e+00 3.393555000000000099e+00
9.130859999999999532e-01 2.603759999999999852e+00 1.129150000000000098e+00 3.395995999999999793e+00
9.155269999999999797e-01 2.602539000000000158e+00 1.127930000000000099e+00 3.403319999999999901e+00
9.130859999999999532e-01 2.602539000000000158e+00 1.123046999999999906e+00 3.397216999999999931e+00
9.130859999999999532e-01 2.602539000000000158e+00 1.120605000000000073e+00 3.397216999999999931e+00
9.130859999999999532e-01 2.602539000000000158e+00 1.119385000000000074e+00 3.403319999999999901e+00
9.130859999999999532e-01 2.602539000000000158e+00 1.109618999999999911e+00 3.403319999999999901e+00
9.082029999999999825e-01 2.602539000000000158e+00 1.108397999999999994e+00 3.395995999999999793e+00
9.033200000000000118e-01 2.595215000000000050e+00 1.102295000000000025e+00 3.393555000000000099e+00
9.033200000000000118e-01 2.593993999999999911e+00 1.098632999999999971e+00 3.395995999999999793e+00
8.996579999999999577e-01 2.592773000000000216e+00 1.092529000000000083e+00 3.393555000000000099e+00
8.972170000000000423e-01 2.592773000000000216e+00 1.085204999999999975e+00 3.393555000000000099e+00
8.935549999999999882e-01 2.585449000000000108e+00 1.079102000000000006e+00 3.393555000000000099e+00
8.874509999999999899e-01 2.584229000000000109e+00 1.070556999999999981e+00 3.387450999999999990e+00
8.837890000000000468e-01 2.583007999999999971e+00 1.069336000000000064e+00 3.393555000000000099e+00
8.801269999999999927e-01 2.583007999999999971e+00 1.060791000000000039e+00 3.385009999999999852e+00
8.752440000000000220e-01 2.576903999999999861e+00 1.059569999999999901e+00 3.383789000000000158e+00
8.740229999999999944e-01 2.576903999999999861e+00 1.059569999999999901e+00 3.383789000000000158e+00
8.740229999999999944e-01 2.574463000000000168e+00 1.059569999999999901e+00 3.383789000000000158e+00
8.703610000000000513e-01 2.574463000000000168e+00 1.065674000000000010e+00 3.376465000000000050e+00
8.728029999999999955e-01 2.583007999999999971e+00 1.074219000000000035e+00 3.383789000000000158e+00
8.752440000000000220e-01 2.584229000000000109e+00 1.090087999999999946e+00 3.383789000000000158e+00
8.837890000000000468e-01 2.592773000000000216e+00 1.108397999999999994e+00 3.386229999999999851e+00
8.874509999999999899e-01 2.602539000000000158e+00 1.123046999999999906e+00 3.393555000000000099e+00
8.947749999999999870e-01 2.606200999999999990e+00 1.132813000000000070e+00 3.393555000000000099e+00
9.033200000000000118e-01 2.612305000000000099e+00 1.137694999999999901e+00 3.403319999999999901e+00
9.033200000000000118e-01 2.615966999999999931e+00 1.137694999999999901e+00 3.405762000000000178e+00
9.057619999999999560e-01 2.615966999999999931e+00 1.131591999999999931e+00 3.404541000000000039e+00
9.057619999999999560e-01 2.622069999999999901e+00 1.127930000000000099e+00 3.404541000000000039e+00
9.069819999999999549e-01 2.615966999999999931e+00 1.120605000000000073e+00 3.405762000000000178e+00
9.045410000000000394e-01 2.615966999999999931e+00 1.114502000000000104e+00 3.404541000000000039e+00
9.033200000000000118e-01 2.612305000000000099e+00 1.108397999999999994e+00 3.403319999999999901e+00
8.984379999999999589e-01 2.612305000000000099e+00 1.098632999999999971e+00 3.403319999999999901e+00
8.947749999999999870e-01 2.606200999999999990e+00 1.090087999999999946e+00 3.397216999999999931e+00
8.935549999999999882e-01 2.604979999999999851e+00 1.088867000000000029e+00 3.403319999999999901e+00
8.874509999999999899e-01 2.602539000000000158e+00 1.080322000000000005e+00 3.397216999999999931e+00
8.862299999999999622e-01 2.602539000000000158e+00 1.082764000000000060e+00 3.394775000000000098e+00
8.850099999999999634e-01 2.602539000000000158e+00 1.085204999999999975e+00 3.393555000000000099e+00
8.850099999999999634e-01 2.603759999999999852e+00 1.088867000000000029e+00 3.394775000000000098e+00
8.837890000000000468e-01 2.603759999999999852e+00 1.088867000000000029e+00 3.398438000000000070e+00
8.837890000000000468e-01 2.603759999999999852e+00 1.085204999999999975e+00 3.394775000000000098e+00
8.813480000000000203e-01 2.603759999999999852e+00 1.085204999999999975e+00 3.395995999999999793e+00
8.789059999999999651e-01 2.602539000000000158e+00 1.083984000000000059e+00 3.394775000000000098e+00
8.776859999999999662e-01 2.606200999999999990e+00 1.079102000000000006e+00 3.395995999999999793e+00
8.740229999999999944e-01 2.602539000000000158e+00 1.070556999999999981e+00 3.393555000000000099e+00
8.691410000000000524e-01 2.595215000000000050e+00 1.060791000000000039e+00 3.395995999999999793e+00
8.642579999999999707e-01 2.592773000000000216e+00 1.053466999999999931e+00 3.393555000000000099e+00
8.593750000000000000e-01 2.592773000000000216e+00 1.044921999999999906e+00 3.383789000000000158e+00
8.544920000000000293e-01 2.583007999999999971e+00 1.040038999999999936e+00 3.385009999999999852e+00
8.471680000000000321e-01 2.578125000000000000e+00 1.031493999999999911e+00 3.378906000000000187e+00
8.410640000000000338e-01 2.573242000000000029e+00 1.021729000000000109e+00 3.374023000000000216e+00
8.349609999999999532e-01 2.565917999999999921e+00 1.015625000000000000e+00 3.374023000000000216e+00
8.276369999999999560e-01 2.563476999999999784e+00 1.010742000000000029e+00 3.366699000000000108e+00
8.251950000000000118e-01 2.558593999999999813e+00 1.002197000000000005e+00 3.364257999999999971e+00
8.178710000000000147e-01 2.553710999999999842e+00 1.000977000000000006e+00 3.359375000000000000e+00
8.117680000000000451e-01 2.547607000000000177e+00 9.960940000000000349e-01 3.359375000000000000e+00
8.068849999999999634e-01 2.545166000000000039e+00 9.912109999999999532e-01 3.354492000000000029e+00
8.056640000000000468e-01 2.543944999999999901e+00 9.924319999999999808e-01 3.348389000000000060e+00
8.007809999999999651e-01 2.543944999999999901e+00 9.924319999999999808e-01 3.348389000000000060e+00
7.971190000000000220e-01 2.535400000000000098e+00 9.960940000000000349e-01 3.347167999999999921e+00
7.958979999999999944e-01 2.535400000000000098e+00 1.000977000000000006e+00 3.345946999999999782e+00
7.958979999999999944e-01 2.539063000000000070e+00 1.002197000000000005e+00 3.347167999999999921e+00
7.958979999999999944e-01 2.536620999999999793e+00 1.004639000000000060e+00 3.345946999999999782e+00
7.958979999999999944e-01 2.535400000000000098e+00 1.004639000000000060e+00 3.344726999999999784e+00
7.922360000000000513e-01 2.534180000000000099e+00 1.004639000000000060e+00 3.344726999999999784e+00
7.922360000000000513e-01 2.535400000000000098e+00 1.010742000000000029e+00 3.349609000000000059e+00
7.946779999999999955e-01 2.536620999999999793e+00 1.020507999999999971e+00 3.348389000000000060e+00
7.971190000000000220e-01 2.537841999999999931e+00 1.030272999999999994e+00 3.354492000000000029e+00
8.007809999999999651e-01 2.543944999999999901e+00 1.033935999999999966e+00 3.354492000000000029e+00
8.020019999999999927e-01 2.543944999999999901e+00 1.035155999999999965e+00 3.354492000000000029e+00
8.056640000000000468e-01 2.546387000000000178e+00 1.035155999999999965e+00 3.356933999999999862e+00
8.056640000000000468e-01 2.548827999999999872e+00 1.035155999999999965e+00 3.356933999999999862e+00
8.056640000000000468e-01 2.543944999999999901e+00 1.036377000000000104e+00 3.359375000000000000e+00
8.068849999999999634e-01 2.543944999999999901e+00 1.040038999999999936e+00 3.359375000000000000e+00
8.093259999999999899e-01 2.547607000000000177e+00 1.046143000000000045e+00 3.364257999999999971e+00
8.117680000000000451e-01 2.548827999999999872e+00 1.051025000000000098e+00 3.364257999999999971e+00
8.154299999999999882e-01 2.553710999999999842e+00 1.053466999999999931e+00 3.365479000000000109e+00
8.166499999999999870e-01 2.553710999999999842e+00 1.053466999999999931e+00 3.366699000000000108e+00
8.166499999999999870e-01 2.553710999999999842e+00 1.051025000000000098e+00 3.367919999999999803e+00
8.190920000000000423e-01 2.553710999999999842e+00 1.049805000000000099e+00 3.365479000000000109e+00
8.154299999999999882e-01 2.553710999999999842e+00 1.043700999999999990e+00 3.365479000000000109e+00
8.166499999999999870e-01 2.554931999999999981e+00 1.049805000000000099e+00 3.365479000000000109e+00
8.190920000000000423e-01 2.556151999999999980e+00 1.052246000000000015e+00 3.378906000000000187e+00
8.190920000000000423e-01 2.563476999999999784e+00 1.059569999999999901e+00 3.366699000000000108e+00
8.190920000000000423e-01 2.563476999999999784e+00 1.059569999999999901e+00 3.366699000000000108e+00
8.203129999999999589e-01 2.568359000000000059e+00 1.054688000000000070e+00 3.374023000000000216e+00
8.251950000000000118e-01 2.557373000000000118e+00 1.051025000000000098e+00 3.374023000000000216e+00
8.215329999999999577e-01 2.559813999999999812e+00 1.051025000000000098e+00 3.374023000000000216e+00
8.251950000000000118e-01 2.563476999999999784e+00 1.051025000000000098e+00 3.367919999999999803e+00
8.251950000000000118e-01 2.563476999999999784e+00 1.049805000000000099e+00 3.364257999999999971e+00
8.203129999999999589e-01 2.563476999999999784e+00 1.044921999999999906e+00 3.374023000000000216e+00
8.190920000000000423e-01 2.563476999999999784e+00 1.040038999999999936e+00 3.378906000000000187e+00
8.178710000000000147e-01 2.563476999999999784e+00 1.035155999999999965e+00 3.367919999999999803e+00
8.154299999999999882e-01 2.563476999999999784e+00 1.030272999999999994e+00 3.374023000000000216e+00
8.117680000000000451e-01 2.553710999999999842e+00 1.021729000000000109e+00 3.374023000000000216e+00
8.068849999999999634e-01 2.553710999999999842e+00 1.015625000000000000e+00 3.364257999999999971e+00
8.056640000000000468e-01 2.546387000000000178e+00 1.007079999999999975e+00 3.364257999999999971e+00
7.995609999999999662e-01 2.543944999999999901e+00 1.000977000000000006e+00 3.355713000000000168e+00
7.958979999999999944e-01 2.539063000000000070e+00 9.948730000000000073e-01 3.354492000000000029e+00
7.897950000000000248e-01 2.537841999999999931e+00 9.924319999999999808e-01 3.348389000000000060e+00
7.873539999999999983e-01 2.534180000000000099e+00 9.973140000000000338e-01 3.354492000000000029e+00
7.861329999999999707e-01 2.534180000000000099e+00 1.004639000000000060e+00 3.344726999999999784e+00
7.873539999999999983e-01 2.537841999999999931e+00 1.014404000000000083e+00 3.345946999999999782e+00
7.922360000000000513e-01 2.543944999999999901e+00 1.026610999999999940e+00 3.348389000000000060e+00
7.958979999999999944e-01 2.545166000000000039e+00 1.033935999999999966e+00 3.348389000000000060e+00
7.971190000000000220e-01 2.545166000000000039e+00 1.040038999999999936e+00 3.354492000000000029e+00
8.007809999999999651e-01 2.546387000000000178e+00 1.040038999999999936e+00 3.359375000000000000e+00
8.020019999999999927e-01 2.547607000000000177e+00 1.041260000000000074e+00 3.364257999999999971e+00
8.056640000000000468e-01 2.558593999999999813e+00 1.053466999999999931e+00 3.364257999999999971e+00
8.154299999999999882e-01 2.563476999999999784e+00 1.069336000000000064e+00 3.365479000000000109e+00
8.190920000000000423e-01 2.568359000000000059e+00 1.079102000000000006e+00 3.374023000000000216e+00
8.251950000000000118e-01 2.573242000000000029e+00 1.080322000000000005e+00 3.378906000000000187e+00
8.288569999999999549e-01 2.573242000000000029e+00 1.085204999999999975e+00 3.383789000000000158e+00
8.349609999999999532e-01 2.583007999999999971e+00 1.088867000000000029e+00 3.383789000000000158e+00
8.398440000000000349e-01 2.583007999999999971e+00 1.088867000000000029e+00 3.393555000000000099e+00
8.447270000000000056e-01 2.585449000000000108e+00 1.098632999999999971e+00 3.393555000000000099e+00
8.544920000000000293e-01 2.592773000000000216e+00 1.108397999999999994e+00 3.387450999999999990e+00
8.593750000000000000e-01 2.595215000000000050e+00 1.108397999999999994e+00 3.403319999999999901e+00
8.642579999999999707e-01 2.595215000000000050e+00 1.102295000000000025e+00 3.403319999999999901e+00
8.642579999999999707e-01 2.602539000000000158e+00 1.094970999999999917e+00 3.404541000000000039e+00
8.642579999999999707e-01 2.602539000000000158e+00 1.092529000000000083e+00 3.404541000000000039e+00
8.654789999999999983e-01 2.602539000000000158e+00 1.094970999999999917e+00 3.406982000000000177e+00
8.703610000000000513e-01 2.602539000000000158e+00 1.099854000000000109e+00 3.413085999999999842e+00
8.740229999999999944e-01 2.612305000000000099e+00 1.109618999999999911e+00 3.414306999999999981e+00
8.789059999999999651e-01 2.612305000000000099e+00 1.118163999999999936e+00 3.422851999999999784e+00
8.850099999999999634e-01 2.617188000000000070e+00 1.127930000000000099e+00 3.419188999999999812e+00
8.935549999999999882e-01 2.622069999999999901e+00 1.132813000000000070e+00 3.422851999999999784e+00
8.972170000000000423e-01 2.631835999999999842e+00 1.137694999999999901e+00 3.426514000000000060e+00
9.033200000000000118e-01 2.631835999999999842e+00 1.137694999999999901e+00 3.432617000000000029e+00
9.082029999999999825e-01 2.634276999999999980e+00 1.138916000000000039e+00 3.436278999999999861e+00
9.082029999999999825e-01 2.634276999999999980e+00 1.137694999999999901e+00 3.436278999999999861e+00
9.130859999999999532e-01 2.641601999999999784e+00 1.137694999999999901e+00 3.436278999999999861e+00
9.130859999999999532e-01 2.641601999999999784e+00 1.137694999999999901e+00 3.436278999999999861e+00
9.143069999999999808e-01 2.641601999999999784e+00 1.137694999999999901e+00 3.442382999999999971e+00
9.130859999999999532e-01 2.637938999999999812e+00 1.130371000000000015e+00 3.442382999999999971e+00
9.130859999999999532e-01 2.636718999999999813e+00 1.121825999999999990e+00 3.442382999999999971e+00
9.130859999999999532e-01 2.633056999999999981e+00 1.118163999999999936e+00 3.436278999999999861e+00
9.130859999999999532e-01 2.631835999999999842e+00 1.124268000000000045e+00 3.436278999999999861e+00
9.143069999999999808e-01 2.641601999999999784e+00 1.141356999999999955e+00 3.446044999999999803e+00
9.228520000000000056e-01 2.642821999999999782e+00 1.157227000000000006e+00 3.452148000000000216e+00
9.277339999999999476e-01 2.651367000000000029e+00 1.170654000000000083e+00 3.461914000000000158e+00
9.338379999999999459e-01 2.656250000000000000e+00 1.176757999999999971e+00 3.463134999999999852e+00
9.423829999999999707e-01 2.661132999999999971e+00 1.176757999999999971e+00 3.471680000000000099e+00
9.423829999999999707e-01 2.664794999999999803e+00 1.169434000000000085e+00 3.474120999999999793e+00
9.423829999999999707e-01 2.661132999999999971e+00 1.162109000000000059e+00 3.472900000000000098e+00
9.423829999999999707e-01 2.661132999999999971e+00 1.157227000000000006e+00 3.472900000000000098e+00
9.387210000000000276e-01 2.661132999999999971e+00 1.142578000000000094e+00 3.474120999999999793e+00
9.338379999999999459e-01 2.661132999999999971e+00 1.132813000000000070e+00 3.472900000000000098e+00
9.301760000000000028e-01 2.653808999999999862e+00 1.124268000000000045e+00 3.465575999999999990e+00
9.301760000000000028e-01 2.653808999999999862e+00 1.124268000000000045e+00 3.465575999999999990e+00
9.265139999999999487e-01 2.651367000000000029e+00 1.121825999999999990e+00 3.465575999999999990e+00
9.228520000000000056e-01 2.652588000000000168e+00 1.118163999999999936e+00 3.461914000000000158e+00
9.228520000000000056e-01 2.645264000000000060e+00 1.112060999999999966e+00 3.463134999999999852e+00
9.155269999999999797e-01 2.644042999999999921e+00 1.108397999999999994e+00 3.461914000000000158e+00
9.130859999999999532e-01 2.641601999999999784e+00 1.104735999999999940e+00 3.461914000000000158e+00
9.130859999999999532e-01 2.641601999999999784e+00 1.099854000000000109e+00 3.461914000000000158e+00
9.069819999999999549e-01 2.641601999999999784e+00 1.093750000000000000e+00 3.452148000000000216e+00
9.033200000000000118e-01 2.633056999999999981e+00 1.088867000000000029e+00 3.453368999999999911e+00
8.959960000000000147e-01 2.633056999999999981e+00 1.079102000000000006e+00 3.450928000000000218e+00
8.935549999999999882e-01 2.624512000000000178e+00 1.069336000000000064e+00 3.452148000000000216e+00
8.850099999999999634e-01 2.622069999999999901e+00 1.059569999999999901e+00 3.436278999999999861e+00
8.789059999999999651e-01 2.613525000000000098e+00 1.051025000000000098e+00 3.436278999999999861e+00
8.740229999999999944e-01 2.606200999999999990e+00 1.040038999999999936e+00 3.432617000000000029e+00
8.642579999999999707e-01 2.603759999999999852e+00 1.026610999999999940e+00 3.432617000000000029e+00
8.557129999999999459e-01 2.602539000000000158e+00 1.016845999999999917e+00 3.424071999999999782e+00
8.483889999999999487e-01 2.592773000000000216e+00 1.010742000000000029e+00 3.422851999999999784e+00
8.447270000000000056e-01 2.587890999999999941e+00 1.005859000000000059e+00 3.413085999999999842e+00
8.361819999999999808e-01 2.583007999999999971e+00 1.002197000000000005e+00 3.406982000000000177e+00
8.312990000000000101e-01 2.583007999999999971e+00 1.000977000000000006e+00 3.403319999999999901e+00
8.251950000000000118e-01 2.573242000000000029e+00 9.924319999999999808e-01 3.403319999999999901e+00
8.190920000000000423e-01 2.565917999999999921e+00 9.912109999999999532e-01 3.399658000000000069e+00
8.154299999999999882e-01 2.564696999999999782e+00 9.838869999999999560e-01 3.394775000000000098e+00
8.093259999999999899e-01 2.563476999999999784e+00 9.814450000000000118e-01 3.393555000000000099e+00
8.056640000000000468e-01 2.553710999999999842e+00 9.753420000000000423e-01 3.383789000000000158e+00
7.958979999999999944e-01 2.547607000000000177e+00 9.716799999999999882e-01 3.383789000000000158e+00
7.897950000000000248e-01 2.543944999999999901e+00 9.631349999999999634e-01 3.376465000000000050e+00
7.861329999999999707e-01 2.536620999999999793e+00 9.582519999999999927e-01 3.378906000000000187e+00
7.775879999999999459e-01 2.534180000000000099e+00 9.521479999999999944e-01 3.365479000000000109e+00
7.714839999999999476e-01 2.526854999999999851e+00 9.436039999999999983e-01 3.365479000000000109e+00
7.666020000000000056e-01 2.523193000000000019e+00 9.436039999999999983e-01 3.364257999999999971e+00
7.604980000000000073e-01 2.519531000000000187e+00 9.460450000000000248e-01 3.355713000000000168e+00
7.580569999999999808e-01 2.524414000000000158e+00 9.521479999999999944e-01 3.354492000000000029e+00
7.592769999999999797e-01 2.524414000000000158e+00 9.619140000000000468e-01 3.354492000000000029e+00
7.592769999999999797e-01 2.524414000000000158e+00 9.728999999999999870e-01 3.355713000000000168e+00
7.629390000000000338e-01 2.524414000000000158e+00 9.863279999999999825e-01 3.364257999999999971e+00
7.678220000000000045e-01 2.534180000000000099e+00 1.002197000000000005e+00 3.364257999999999971e+00
7.727049999999999752e-01 2.534180000000000099e+00 1.011962999999999946e+00 3.364257999999999971e+00
7.763670000000000293e-01 2.536620999999999793e+00 1.015625000000000000e+00 3.366699000000000108e+00
7.788089999999999735e-01 2.537841999999999931e+00 1.020507999999999971e+00 3.374023000000000216e+00
7.812500000000000000e-01 2.537841999999999931e+00 1.020507999999999971e+00 3.374023000000000216e+00
7.812500000000000000e-01 2.536620999999999793e+00 1.010742000000000029e+00 3.374023000000000216e+00
7.788089999999999735e-01 2.535400000000000098e+00 1.004639000000000060e+00 3.374023000000000216e+00
7.775879999999999459e-01 2.536620999999999793e+00 1.002197000000000005e+00 3.374023000000000216e+00
7.763670000000000293e-01 2.534180000000000099e+00 1.000977000000000006e+00 3.374023000000000216e+00
7.763670000000000293e-01 2.534180000000000099e+00 1.000977000000000006e+00 3.366699000000000108e+00
7.727049999999999752e-01 2.528075999999999990e+00 9.960940000000000349e-01 3.365479000000000109e+00
7.714839999999999476e-01 2.534180000000000099e+00 9.948730000000000073e-01 3.365479000000000109e+00
7.714839999999999476e-01 2.534180000000000099e+00 9.948730000000000073e-01 3.365479000000000109e+00
7.690430000000000321e-01 2.524414000000000158e+00 9.924319999999999808e-01 3.364257999999999971e+00
7.678220000000000045e-01 2.524414000000000158e+00 9.912109999999999532e-01 3.364257999999999971e+00
7.666020000000000056e-01 2.524414000000000158e+00 9.912109999999999532e-01 3.364257999999999971e+00
7.666020000000000056e-01 2.524414000000000158e+00 9.912109999999999532e-01 3.364257999999999971e+00
7.666020000000000056e-01 2.524414000000000158e+00 9.936519999999999797e-01 3.364257999999999971e+00
7.666020000000000056e-01 2.524414000000000158e+00 1.000977000000000006e+00 3.364257999999999971e+00
7.714839999999999476e-01 2.525634999999999852e+00 1.013184000000000085e+00 3.364257999999999971e+00
7.775879999999999459e-01 2.534180000000000099e+00 1.031493999999999911e+00 3.374023000000000216e+00
7.873539999999999983e-01 2.543944999999999901e+00 1.051025000000000098e+00 3.383789000000000158e+00
7.995609999999999662e-01 2.553710999999999842e+00 1.070556999999999981e+00 3.397216999999999931e+00
8.093259999999999899e-01 2.563476999999999784e+00 1.083984000000000059e+00 3.403319999999999901e+00
8.190920000000000423e-01 2.563476999999999784e+00 1.091309000000000085e+00 3.404541000000000039e+00
8.251950000000000118e-01 2.573242000000000029e+00 1.090087999999999946e+00 3.413085999999999842e+00
8.288569999999999549e-01 2.574463000000000168e+00 1.090087999999999946e+00 3.417968999999999813e+00
8.349609999999999532e-01 2.583007999999999971e+00 1.098632999999999971e+00 3.422851999999999784e+00
8.398440000000000349e-01 2.583007999999999971e+00 1.108397999999999994e+00 3.424071999999999782e+00
8.459470000000000045e-01 2.592773000000000216e+00 1.118163999999999936e+00 3.424071999999999782e+00
8.544920000000000293e-01 2.592773000000000216e+00 1.124268000000000045e+00 3.432617000000000029e+00
8.581539999999999724e-01 2.597656000000000187e+00 1.127930000000000099e+00 3.436278999999999861e+00
8.642579999999999707e-01 2.602539000000000158e+00 1.127930000000000099e+00 3.433838000000000168e+00
8.642579999999999707e-01 2.602539000000000158e+00 1.121825999999999990e+00 3.436278999999999861e+00
8.691410000000000524e-01 2.602539000000000158e+00 1.119385000000000074e+00 3.443604000000000109e+00
8.679200000000000248e-01 2.602539000000000158e+00 1.114502000000000104e+00 3.442382999999999971e+00
8.654789999999999983e-01 2.602539000000000158e+00 1.108397999999999994e+00 3.444824000000000108e+00
8.642579999999999707e-01 2.602539000000000158e+00 1.098632999999999971e+00 3.442382999999999971e+00
8.642579999999999707e-01 2.593993999999999911e+00 1.088867000000000029e+00 3.442382999999999971e+00
8.593750000000000000e-01 2.592773000000000216e+00 1.081542999999999921e+00 3.433838000000000168e+00
8.557129999999999459e-01 2.593993999999999911e+00 1.070556999999999981e+00 3.432617000000000029e+00
8.544920000000000293e-01 2.592773000000000216e+00 1.072997999999999896e+00 3.432617000000000029e+00
8.544920000000000293e-01 2.592773000000000216e+00 1.074219000000000035e+00 3.432617000000000029e+00
8.544920000000000293e-01 2.592773000000000216e+00 1.075439000000000034e+00 3.432617000000000029e+00
8.544920000000000293e-01 2.592773000000000216e+00 1.079102000000000006e+00 3.433838000000000168e+00
8.544920000000000293e-01 2.593993999999999911e+00 1.079102000000000006e+00 3.432617000000000029e+00
8.544920000000000293e-01 2.598876999999999882e+00 1.079102000000000006e+00 3.432617000000000029e+00
8.544920000000000293e-01 2.593993999999999911e+00 1.072997999999999896e+00 3.432617000000000029e+00
8.508299999999999752e-01 2.597656000000000187e+00 1.066894999999999927e+00 3.432617000000000029e+00
8.471680000000000321e-01 2.592773000000000216e+00 1.057128999999999985e+00 3.426514000000000060e+00
8.447270000000000056e-01 2.584229000000000109e+00 1.044921999999999906e+00 3.424071999999999782e+00
8.386230000000000073e-01 2.583007999999999971e+00 1.040038999999999936e+00 3.422851999999999784e+00
8.349609999999999532e-01 2.579346000000000139e+00 1.030272999999999994e+00 3.422851999999999784e+00
8.264160000000000394e-01 2.573242000000000029e+00 1.020507999999999971e+00 3.413085999999999842e+00
8.166499999999999870e-01 2.563476999999999784e+00 1.000977000000000006e+00 3.403319999999999901e+00
8.117680000000000451e-01 2.554931999999999981e+00 9.924319999999999808e-01 3.394775000000000098e+00
8.056640000000000468e-01 2.554931999999999981e+00 9.826660000000000394e-01 3.398438000000000070e+00
7.971190000000000220e-01 2.543944999999999901e+00 9.753420000000000423e-01 3.393555000000000099e+00
7.910160000000000524e-01 2.536620999999999793e+00 9.716799999999999882e-01 3.383789000000000158e+00
7.861329999999999707e-01 2.534180000000000099e+00 9.655759999999999899e-01 3.383789000000000158e+00
7.824710000000000276e-01 2.534180000000000099e+00 9.680180000000000451e-01 3.383789000000000158e+00
7.800289999999999724e-01 2.528075999999999990e+00 9.716799999999999882e-01 3.374023000000000216e+00
7.788089999999999735e-01 2.525634999999999852e+00 9.765629999999999589e-01 3.376465000000000050e+00
7.775879999999999459e-01 2.525634999999999852e+00 9.851069999999999549e-01 3.375243999999999911e+00
7.812500000000000000e-01 2.524414000000000158e+00 9.948730000000000073e-01 3.376465000000000050e+00
7.812500000000000000e-01 2.528075999999999990e+00 1.003417999999999921e+00 3.375243999999999911e+00
7.861329999999999707e-01 2.525634999999999852e+00 1.010742000000000029e+00 3.383789000000000158e+00
7.861329999999999707e-01 2.534180000000000099e+00 1.014404000000000083e+00 3.383789000000000158e+00
7.873539999999999983e-01 2.536620999999999793e+00 1.021729000000000109e+00 3.383789000000000158e+00
7.958979999999999944e-01 2.543944999999999901e+00 1.035155999999999965e+00 3.383789000000000158e+00
8.007809999999999651e-01 2.547607000000000177e+00 1.051025000000000098e+00 3.393555000000000099e+00
8.056640000000000468e-01 2.554931999999999981e+00 1.063231999999999955e+00 3.393555000000000099e+00
8.154299999999999882e-01 2.573242000000000029e+00 1.079102000000000006e+00 3.403319999999999901e+00
8.251950000000000118e-01 2.583007999999999971e+00 1.099854000000000109e+00 3.403319999999999901e+00
8.349609999999999532e-01 2.592773000000000216e+00 1.123046999999999906e+00 3.413085999999999842e+00
8.459470000000000045e-01 2.602539000000000158e+00 1.137694999999999901e+00 3.422851999999999784e+00
8.593750000000000000e-01 2.612305000000000099e+00 1.148681999999999981e+00 3.432617000000000029e+00
8.691410000000000524e-01 2.622069999999999901e+00 1.157227000000000006e+00 3.435058999999999862e+00
8.874509999999999899e-01 2.631835999999999842e+00 1.171875000000000000e+00 3.446044999999999803e+00
8.947749999999999870e-01 2.641601999999999784e+00 1.177979000000000109e+00 3.452148000000000216e+00
9.033200000000000118e-01 2.651367000000000029e+00 1.187743999999999911e+00 3.461914000000000158e+00
9.130859999999999532e-01 2.656250000000000000e+00 1.191405999999999965e+00 3.471680000000000099e+00
9.167480000000000073e-01 2.661132999999999971e+00 1.192627000000000104e+00 3.471680000000000099e+00
9.228520000000000056e-01 2.662354000000000109e+00 1.196288999999999936e+00 3.474120999999999793e+00
9.277339999999999476e-01 2.670898000000000216e+00 1.192627000000000104e+00 3.481444999999999901e+00
9.326170000000000293e-01 2.675781000000000187e+00 1.187743999999999911e+00 3.482666000000000039e+00
9.338379999999999459e-01 2.672118999999999911e+00 1.187743999999999911e+00 3.482666000000000039e+00
9.338379999999999459e-01 2.672118999999999911e+00 1.176757999999999971e+00 3.485107000000000177e+00
9.326170000000000293e-01 2.675781000000000187e+00 1.169434000000000085e+00 3.481444999999999901e+00
9.326170000000000293e-01 2.670898000000000216e+00 1.162109000000000059e+00 3.481444999999999901e+00
9.289549999999999752e-01 2.667235999999999940e+00 1.153564000000000034e+00 3.481444999999999901e+00
9.252930000000000321e-01 2.670898000000000216e+00 1.147461000000000064e+00 3.481444999999999901e+00
9.228520000000000056e-01 2.662354000000000109e+00 1.138916000000000039e+00 3.475341999999999931e+00
9.179690000000000349e-01 2.661132999999999971e+00 1.127930000000000099e+00 3.475341999999999931e+00
9.143069999999999808e-01 2.656250000000000000e+00 1.118163999999999936e+00 3.471680000000000099e+00
9.130859999999999532e-01 2.651367000000000029e+00 1.109618999999999911e+00 3.471680000000000099e+00
9.045410000000000394e-01 2.651367000000000029e+00 1.099854000000000109e+00 3.471680000000000099e+00
9.033200000000000118e-01 2.642821999999999782e+00 1.093750000000000000e+00 3.461914000000000158e+00
8.947749999999999870e-01 2.641601999999999784e+00 1.088867000000000029e+00 3.458251999999999882e+00
8.898930000000000451e-01 2.641601999999999784e+00 1.080322000000000005e+00 3.454590000000000050e+00
8.837890000000000468e-01 2.631835999999999842e+00 1.069336000000000064e+00 3.457031000000000187e+00
8.752440000000000220e-01 2.624512000000000178e+00 1.059569999999999901e+00 3.444824000000000108e+00
8.703610000000000513e-01 2.615966999999999931e+00 1.049805000000000099e+00 3.442382999999999971e+00
8.605960000000000276e-01 2.612305000000000099e+00 1.040038999999999936e+00 3.433838000000000168e+00
8.544920000000000293e-01 2.603759999999999852e+00 1.030272999999999994e+00 3.432617000000000029e+00
8.459470000000000045e-01 2.602539000000000158e+00 1.020507999999999971e+00 3.424071999999999782e+00
8.398440000000000349e-01 2.595215000000000050e+00 1.011962999999999946e+00 3.422851999999999784e+00
8.349609999999999532e-01 2.584229000000000109e+00 1.004639000000000060e+00 3.422851999999999784e+00
8.251950000000000118e-01 2.583007999999999971e+00 1.002197000000000005e+00 3.413085999999999842e+00
8.203129999999999589e-01 2.583007999999999971e+00 1.000977000000000006e+00 3.404541000000000039e+00
8.154299999999999882e-01 2.583007999999999971e+00 1.010742000000000029e+00 3.403319999999999901e+00
8.154299999999999882e-01 2.583007999999999971e+00 1.020507999999999971e+00 3.405762000000000178e+00
8.154299999999999882e-01 2.579346000000000139e+00 1.024170000000000025e+00 3.403319999999999901e+00
8.154299999999999882e-01 2.583007999999999971e+00 1.031493999999999911e+00 3.403319999999999901e+00
8.154299999999999882e-01 2.583007999999999971e+00 1.040038999999999936e+00 3.403319999999999901e+00
8.166499999999999870e-01 2.583007999999999971e+00 1.044921999999999906e+00 3.404541000000000039e+00
8.190920000000000423e-01 2.586669999999999803e+00 1.049805000000000099e+00 3.405762000000000178e+00
8.190920000000000423e-01 2.585449000000000108e+00 1.049805000000000099e+00 3.413085999999999842e+00
8.190920000000000423e-01 2.585449000000000108e+00 1.041260000000000074e+00 3.413085999999999842e+00
8.166499999999999870e-01 2.583007999999999971e+00 1.036377000000000104e+00 3.404541000000000039e+00
8.166499999999999870e-01 2.583007999999999971e+00 1.031493999999999911e+00 3.403319999999999901e+00
8.154299999999999882e-01 2.583007999999999971e+00 1.031493999999999911e+00 3.404541000000000039e+00
8.154299999999999882e-01 2.583007999999999971e+00 1.041260000000000074e+00 3.403319999999999901e+00
