1.428220000000000045e-01 1.738280999999999965e+00 6.445309999999999651e-01 2.498778999999999861e+00
1.440430000000000044e-01 1.743163999999999936e+00 6.457519999999999927e-01 2.504882999999999971e+00
1.440430000000000044e-01 1.738280999999999965e+00 6.445309999999999651e-01 2.504882999999999971e+00
1.428220000000000045e-01 1.737060999999999966e+00 6.445309999999999651e-01 2.504882999999999971e+00
1.440430000000000044e-01 1.734618999999999911e+00 6.457519999999999927e-01 2.504882999999999971e+00
1.428220000000000045e-01 1.743163999999999936e+00 6.445309999999999651e-01 2.504882999999999971e+00
1.440430000000000044e-01 1.738280999999999965e+00 6.445309999999999651e-01 2.504882999999999971e+00
1.440430000000000044e-01 1.738280999999999965e+00 6.457519999999999927e-01 2.504882999999999971e+00
1.440430000000000044e-01 1.738280999999999965e+00 6.445309999999999651e-01 2.504882999999999971e+00
1.440430000000000044e-01 1.738280999999999965e+00 6.445309999999999651e-01 2.504882999999999971e+00
1.440430000000000044e-01 1.737060999999999966e+00 6.445309999999999651e-01 2.504882999999999971e+00
1.440430000000000044e-01 1.743163999999999936e+00 6.445309999999999651e-01 2.500000000000000000e+00
1.440430000000000044e-01 1.743163999999999936e+00 6.445309999999999651e-01 2.504882999999999971e+00
1.440430000000000044e-01 1.738280999999999965e+00 6.445309999999999651e-01 2.504882999999999971e+00
1.440430000000000044e-01 1.739502000000000104e+00 6.445309999999999651e-01 2.504882999999999971e+00
1.440430000000000044e-01 1.738280999999999965e+00 6.445309999999999651e-01 2.504882999999999971e+00
1.440430000000000044e-01 1.743163999999999936e+00 6.457519999999999927e-01 2.498778999999999861e+00
1.428220000000000045e-01 1.738280999999999965e+00 6.445309999999999651e-01 2.504882999999999971e+00
1.440430000000000044e-01 1.738280999999999965e+00 6.445309999999999651e-01 2.504882999999999971e+00
1.440430000000000044e-01 1.743163999999999936e+00 6.457519999999999927e-01 2.504882999999999971e+00
1.440430000000000044e-01 1.743163999999999936e+00 6.445309999999999651e-01 2.498778999999999861e+00
1.428220000000000045e-01 1.738280999999999965e+00 6.445309999999999651e-01 2.504882999999999971e+00
1.428220000000000045e-01 1.743163999999999936e+00 6.445309999999999651e-01 2.504882999999999971e+00
1.440430000000000044e-01 1.743163999999999936e+00 6.445309999999999651e-01 2.500000000000000000e+00
1.452640000000000042e-01 1.737060999999999966e+00 6.469730000000000203e-01 2.506104000000000109e+00
1.464840000000000031e-01 1.743163999999999936e+00 6.494140000000000468e-01 2.504882999999999971e+00
1.477050000000000030e-01 1.743163999999999936e+00 6.530759999999999899e-01 2.504882999999999971e+00
1.489260000000000028e-01 1.748046999999999906e+00 6.579589999999999606e-01 2.504882999999999971e+00
1.513670000000000015e-01 1.749268000000000045e+00 6.603999999999999870e-01 2.508544999999999803e+00
1.525880000000000014e-01 1.752930000000000099e+00 6.628420000000000423e-01 2.514648000000000216e+00
1.562500000000000000e-01 1.754150000000000098e+00 6.652829999999999577e-01 2.514648000000000216e+00
1.586909999999999987e-01 1.756591999999999931e+00 6.689450000000000118e-01 2.519531000000000187e+00
1.611329999999999985e-01 1.762694999999999901e+00 6.701660000000000394e-01 2.524414000000000158e+00
1.635739999999999972e-01 1.765136999999999956e+00 6.726069999999999549e-01 2.524414000000000158e+00
1.672359999999999958e-01 1.767578000000000094e+00 6.738279999999999825e-01 2.526854999999999851e+00
1.696779999999999955e-01 1.772461000000000064e+00 6.787109999999999532e-01 2.530517999999999823e+00
1.721189999999999942e-01 1.777344000000000035e+00 6.787109999999999532e-01 2.534180000000000099e+00
1.745609999999999939e-01 1.779784999999999950e+00 6.799319999999999808e-01 2.536620999999999793e+00
1.770019999999999927e-01 1.782227000000000006e+00 6.799319999999999808e-01 2.543944999999999901e+00
1.806639999999999913e-01 1.783447000000000005e+00 6.799319999999999808e-01 2.543944999999999901e+00
1.831049999999999900e-01 1.791992000000000029e+00 6.823730000000000073e-01 2.546387000000000178e+00
1.855469999999999897e-01 1.791992000000000029e+00 6.884770000000000056e-01 2.553710999999999842e+00
1.879879999999999884e-01 1.794434000000000085e+00 6.848140000000000338e-01 2.556151999999999980e+00
1.904299999999999882e-01 1.796875000000000000e+00 6.860349999999999504e-01 2.558593999999999813e+00
1.928709999999999869e-01 1.801757999999999971e+00 6.884770000000000056e-01 2.563476999999999784e+00
1.953129999999999866e-01 1.802979000000000109e+00 6.884770000000000056e-01 2.564696999999999782e+00
1.977540000000000131e-01 1.805420000000000025e+00 6.884770000000000056e-01 2.567139000000000060e+00
2.001950000000000118e-01 1.811522999999999994e+00 6.884770000000000056e-01 2.573242000000000029e+00
2.014160000000000117e-01 1.811522999999999994e+00 6.896970000000000045e-01 2.573242000000000029e+00
2.038570000000000104e-01 1.816405999999999965e+00 6.909180000000000321e-01 2.583007999999999971e+00
2.062990000000000101e-01 1.816405999999999965e+00 6.933589999999999476e-01 2.583007999999999971e+00
2.099610000000000087e-01 1.821288999999999936e+00 6.982420000000000293e-01 2.583007999999999971e+00
2.124020000000000075e-01 1.822510000000000074e+00 6.994629999999999459e-01 2.592773000000000216e+00
2.148440000000000072e-01 1.826171999999999906e+00 6.994629999999999459e-01 2.592773000000000216e+00
2.197270000000000056e-01 1.831055000000000099e+00 6.994629999999999459e-01 2.597656000000000187e+00
2.197270000000000056e-01 1.832275000000000098e+00 7.006839999999999735e-01 2.602539000000000158e+00
2.221680000000000044e-01 1.840819999999999901e+00 7.031250000000000000e-01 2.607422000000000128e+00
2.246090000000000031e-01 1.840819999999999901e+00 7.031250000000000000e-01 2.606200999999999990e+00
2.270510000000000028e-01 1.840819999999999901e+00 7.031250000000000000e-01 2.608642999999999823e+00
2.294920000000000015e-01 1.842041000000000039e+00 7.031250000000000000e-01 2.612305000000000099e+00
2.319340000000000013e-01 1.845703000000000094e+00 7.031250000000000000e-01 2.614745999999999793e+00
2.331540000000000001e-01 1.850586000000000064e+00 7.043460000000000276e-01 2.615966999999999931e+00
2.343750000000000000e-01 1.850586000000000064e+00 7.043460000000000276e-01 2.622069999999999901e+00
2.380369999999999986e-01 1.851806999999999981e+00 7.080079999999999707e-01 2.623291000000000039e+00
2.404789999999999983e-01 1.860352000000000006e+00 7.055660000000000265e-01 2.625732000000000177e+00
2.416989999999999972e-01 1.860352000000000006e+00 7.043460000000000276e-01 2.631835999999999842e+00
2.441409999999999969e-01 1.860352000000000006e+00 7.043460000000000276e-01 2.631835999999999842e+00
2.453609999999999958e-01 1.861572000000000005e+00 7.080079999999999707e-01 2.631835999999999842e+00
2.465819999999999956e-01 1.862792999999999921e+00 7.080079999999999707e-01 2.635498000000000118e+00
2.490229999999999944e-01 1.864014000000000060e+00 7.080079999999999707e-01 2.641601999999999784e+00
2.490229999999999944e-01 1.865234000000000059e+00 7.080079999999999707e-01 2.641601999999999784e+00
2.502440000000000220e-01 1.870117000000000029e+00 7.080079999999999707e-01 2.641601999999999784e+00
2.514649999999999941e-01 1.870117000000000029e+00 7.080079999999999707e-01 2.641601999999999784e+00
2.539060000000000206e-01 1.870117000000000029e+00 7.080079999999999707e-01 2.645264000000000060e+00
2.551269999999999927e-01 1.871337999999999946e+00 7.080079999999999707e-01 2.645264000000000060e+00
2.563480000000000203e-01 1.875000000000000000e+00 7.080079999999999707e-01 2.645264000000000060e+00
2.587889999999999913e-01 1.879882999999999971e+00 7.092289999999999983e-01 2.651367000000000029e+00
2.587889999999999913e-01 1.879882999999999971e+00 7.092289999999999983e-01 2.651367000000000029e+00
2.600100000000000189e-01 1.879882999999999971e+00 7.116700000000000248e-01 2.656250000000000000e+00
2.612300000000000177e-01 1.884765999999999941e+00 7.128910000000000524e-01 2.661132999999999971e+00
2.624509999999999899e-01 1.881104000000000109e+00 7.128910000000000524e-01 2.661132999999999971e+00
2.648929999999999896e-01 1.882324000000000108e+00 7.116700000000000248e-01 2.661132999999999971e+00
2.648929999999999896e-01 1.883545000000000025e+00 7.128910000000000524e-01 2.662354000000000109e+00
2.661129999999999884e-01 1.884765999999999941e+00 7.128910000000000524e-01 2.661132999999999971e+00
2.673340000000000161e-01 1.889647999999999994e+00 7.092289999999999983e-01 2.661132999999999971e+00
2.685549999999999882e-01 1.889647999999999994e+00 7.092289999999999983e-01 2.663574000000000108e+00
2.673340000000000161e-01 1.889647999999999994e+00 7.092289999999999983e-01 2.666015999999999941e+00
2.685549999999999882e-01 1.889647999999999994e+00 7.080079999999999707e-01 2.662354000000000109e+00
2.685549999999999882e-01 1.889647999999999994e+00 7.080079999999999707e-01 2.663574000000000108e+00
2.685549999999999882e-01 1.883545000000000025e+00 7.080079999999999707e-01 2.670898000000000216e+00
2.685549999999999882e-01 1.889647999999999994e+00 7.080079999999999707e-01 2.670898000000000216e+00
2.685549999999999882e-01 1.889647999999999994e+00 7.043460000000000276e-01 2.670898000000000216e+00
2.685549999999999882e-01 1.889647999999999994e+00 7.043460000000000276e-01 2.670898000000000216e+00
2.685549999999999882e-01 1.884765999999999941e+00 7.031250000000000000e-01 2.670898000000000216e+00
2.661129999999999884e-01 1.889647999999999994e+00 7.019039999999999724e-01 2.664794999999999803e+00
2.661129999999999884e-01 1.884765999999999941e+00 7.006839999999999735e-01 2.664794999999999803e+00
2.661129999999999884e-01 1.883545000000000025e+00 7.006839999999999735e-01 2.670898000000000216e+00
2.648929999999999896e-01 1.884765999999999941e+00 6.994629999999999459e-01 2.664794999999999803e+00
2.636720000000000175e-01 1.881104000000000109e+00 6.982420000000000293e-01 2.663574000000000108e+00
2.636720000000000175e-01 1.882324000000000108e+00 6.982420000000000293e-01 2.664794999999999803e+00
2.636720000000000175e-01 1.882324000000000108e+00 6.982420000000000293e-01 2.661132999999999971e+00
2.624509999999999899e-01 1.881104000000000109e+00 6.982420000000000293e-01 2.662354000000000109e+00
2.624509999999999899e-01 1.879882999999999971e+00 6.982420000000000293e-01 2.662354000000000109e+00
2.612300000000000177e-01 1.881104000000000109e+00 6.982420000000000293e-01 2.662354000000000109e+00
2.612300000000000177e-01 1.879882999999999971e+00 6.982420000000000293e-01 2.662354000000000109e+00
2.624509999999999899e-01 1.881104000000000109e+00 6.994629999999999459e-01 2.661132999999999971e+00
2.636720000000000175e-01 1.884765999999999941e+00 7.031250000000000000e-01 2.664794999999999803e+00
2.648929999999999896e-01 1.881104000000000109e+00 7.080079999999999707e-01 2.670898000000000216e+00
2.661129999999999884e-01 1.889647999999999994e+00 7.092289999999999983e-01 2.670898000000000216e+00
2.685549999999999882e-01 1.889647999999999994e+00 7.128910000000000524e-01 2.674561000000000188e+00
2.697749999999999870e-01 1.889647999999999994e+00 7.177729999999999944e-01 2.680664000000000158e+00
2.734380000000000144e-01 1.893310999999999966e+00 7.214359999999999662e-01 2.680664000000000158e+00
2.783200000000000118e-01 1.900635000000000074e+00 7.312009999999999899e-01 2.684325999999999990e+00
2.844240000000000101e-01 1.909180000000000099e+00 7.409670000000000423e-01 2.690430000000000099e+00
2.929689999999999794e-01 1.918944999999999901e+00 7.568359999999999532e-01 2.700194999999999901e+00
3.027340000000000031e-01 1.929931999999999981e+00 7.714839999999999476e-01 2.709960999999999842e+00
3.161619999999999986e-01 1.948242000000000029e+00 7.873539999999999983e-01 2.729492000000000029e+00
3.320310000000000206e-01 1.967772999999999994e+00 8.068849999999999634e-01 2.740479000000000109e+00
3.491210000000000147e-01 1.988525000000000098e+00 8.251950000000000118e-01 2.761229999999999851e+00
3.662110000000000087e-01 2.008056999999999981e+00 8.361819999999999808e-01 2.778319999999999901e+00
3.857419999999999738e-01 2.026367000000000029e+00 8.447270000000000056e-01 2.797851999999999784e+00
3.979489999999999972e-01 2.037354000000000109e+00 8.544920000000000293e-01 2.817382999999999971e+00
4.125980000000000203e-01 2.055664000000000158e+00 8.581539999999999724e-01 2.827148000000000216e+00
4.260249999999999870e-01 2.065430000000000099e+00 8.642579999999999707e-01 2.846680000000000099e+00
4.382320000000000104e-01 2.075194999999999901e+00 8.642579999999999707e-01 2.856444999999999901e+00
4.504389999999999783e-01 2.084960999999999842e+00 8.740229999999999944e-01 2.866210999999999842e+00
4.614260000000000028e-01 2.094726999999999784e+00 8.752440000000000220e-01 2.875976999999999784e+00
4.736330000000000262e-01 2.104492000000000029e+00 8.837890000000000468e-01 2.888183999999999862e+00
4.833979999999999944e-01 2.114257999999999971e+00 8.898930000000000451e-01 2.901610999999999940e+00
4.956050000000000177e-01 2.126465000000000050e+00 8.984379999999999589e-01 2.915039000000000158e+00
5.078129999999999589e-01 2.143555000000000099e+00 9.082029999999999825e-01 2.926025000000000098e+00
5.224609999999999532e-01 2.153319999999999901e+00 9.179690000000000349e-01 2.944335999999999842e+00
5.334470000000000045e-01 2.163085999999999842e+00 9.289549999999999752e-01 2.954101999999999784e+00
5.468750000000000000e-01 2.177734000000000059e+00 9.375000000000000000e-01 2.973632999999999971e+00
5.578610000000000513e-01 2.192382999999999971e+00 9.436039999999999983e-01 2.983398000000000216e+00
5.712890000000000468e-01 2.202148000000000216e+00 9.484860000000000513e-01 2.993164000000000158e+00
5.810549999999999882e-01 2.211914000000000158e+00 9.533690000000000220e-01 3.002930000000000099e+00
5.908200000000000118e-01 2.215575999999999990e+00 9.533690000000000220e-01 3.012694999999999901e+00
5.957029999999999825e-01 2.224120999999999793e+00 9.533690000000000220e-01 3.022460999999999842e+00
6.018069999999999808e-01 2.231444999999999901e+00 9.533690000000000220e-01 3.032226999999999784e+00
6.066890000000000338e-01 2.241210999999999842e+00 9.521479999999999944e-01 3.035889000000000060e+00
6.115720000000000045e-01 2.241210999999999842e+00 9.521479999999999944e-01 3.041992000000000029e+00
6.152339999999999476e-01 2.242431999999999981e+00 9.448239999999999972e-01 3.043213000000000168e+00
6.164549999999999752e-01 2.243651999999999980e+00 9.436039999999999983e-01 3.051757999999999971e+00
6.201170000000000293e-01 2.250976999999999784e+00 9.375000000000000000e-01 3.051757999999999971e+00
6.201170000000000293e-01 2.250976999999999784e+00 9.338379999999999459e-01 3.051757999999999971e+00
6.201170000000000293e-01 2.250976999999999784e+00 9.326170000000000293e-01 3.051757999999999971e+00
6.201170000000000293e-01 2.250976999999999784e+00 9.326170000000000293e-01 3.054199000000000108e+00
6.213379999999999459e-01 2.252196999999999782e+00 9.277339999999999476e-01 3.061523000000000216e+00
6.225589999999999735e-01 2.253417999999999921e+00 9.289549999999999752e-01 3.061523000000000216e+00
6.250000000000000000e-01 2.255859000000000059e+00 9.326170000000000293e-01 3.061523000000000216e+00
6.250000000000000000e-01 2.260742000000000029e+00 9.326170000000000293e-01 3.066406000000000187e+00
6.262210000000000276e-01 2.260742000000000029e+00 9.326170000000000293e-01 3.071289000000000158e+00
6.298829999999999707e-01 2.265625000000000000e+00 9.326170000000000293e-01 3.071289000000000158e+00
6.298829999999999707e-01 2.265625000000000000e+00 9.313960000000000017e-01 3.071289000000000158e+00
6.311039999999999983e-01 2.270507999999999971e+00 9.326170000000000293e-01 3.081055000000000099e+00
6.311039999999999983e-01 2.270507999999999971e+00 9.326170000000000293e-01 3.081055000000000099e+00
6.323239999999999972e-01 2.270507999999999971e+00 9.326170000000000293e-01 3.082275000000000098e+00
6.335450000000000248e-01 2.270507999999999971e+00 9.326170000000000293e-01 3.084716999999999931e+00
6.335450000000000248e-01 2.271729000000000109e+00 9.289549999999999752e-01 3.090819999999999901e+00
6.359860000000000513e-01 2.271729000000000109e+00 9.326170000000000293e-01 3.082275000000000098e+00
6.359860000000000513e-01 2.274169999999999803e+00 9.277339999999999476e-01 3.090819999999999901e+00
6.347660000000000524e-01 2.280273000000000216e+00 9.277339999999999476e-01 3.090819999999999901e+00
6.359860000000000513e-01 2.280273000000000216e+00 9.277339999999999476e-01 3.090819999999999901e+00
6.396479999999999944e-01 2.280273000000000216e+00 9.326170000000000293e-01 3.093262000000000178e+00
6.396479999999999944e-01 2.281493999999999911e+00 9.326170000000000293e-01 3.100585999999999842e+00
6.408690000000000220e-01 2.290039000000000158e+00 9.375000000000000000e-01 3.100585999999999842e+00
6.445309999999999651e-01 2.290039000000000158e+00 9.423829999999999707e-01 3.101806999999999981e+00
6.457519999999999927e-01 2.292479999999999851e+00 9.448239999999999972e-01 3.110351999999999784e+00
6.494140000000000468e-01 2.299805000000000099e+00 9.484860000000000513e-01 3.114014000000000060e+00
6.518549999999999622e-01 2.299805000000000099e+00 9.521479999999999944e-01 3.120117000000000029e+00
6.542970000000000175e-01 2.303466999999999931e+00 9.521479999999999944e-01 3.121338000000000168e+00
6.555180000000000451e-01 2.301025000000000098e+00 9.521479999999999944e-01 3.122558999999999862e+00
6.591799999999999882e-01 2.309569999999999901e+00 9.521479999999999944e-01 3.126221000000000139e+00
6.603999999999999870e-01 2.305908000000000069e+00 9.521479999999999944e-01 3.129882999999999971e+00
6.603999999999999870e-01 2.310791000000000039e+00 9.533690000000000220e-01 3.129882999999999971e+00
6.628420000000000423e-01 2.319335999999999842e+00 9.558109999999999662e-01 3.131104000000000109e+00
6.689450000000000118e-01 2.319335999999999842e+00 9.655759999999999899e-01 3.139648000000000216e+00
6.713869999999999560e-01 2.329101999999999784e+00 9.716799999999999882e-01 3.144531000000000187e+00
6.787109999999999532e-01 2.329101999999999784e+00 9.814450000000000118e-01 3.149414000000000158e+00
6.884770000000000056e-01 2.343750000000000000e+00 9.863279999999999825e-01 3.159180000000000099e+00
6.909180000000000321e-01 2.348632999999999971e+00 9.875490000000000101e-01 3.162841999999999931e+00
6.945799999999999752e-01 2.348632999999999971e+00 9.912109999999999532e-01 3.168944999999999901e+00
6.982420000000000293e-01 2.352294999999999803e+00 9.912109999999999532e-01 3.168944999999999901e+00
6.994629999999999459e-01 2.358398000000000216e+00 9.912109999999999532e-01 3.171387000000000178e+00
7.031250000000000000e-01 2.359618999999999911e+00 1.000977000000000006e+00 3.178710999999999842e+00
7.080079999999999707e-01 2.368164000000000158e+00 1.004639000000000060e+00 3.178710999999999842e+00
7.141110000000000513e-01 2.377930000000000099e+00 1.011962999999999946e+00 3.188476999999999784e+00
7.189940000000000220e-01 2.380370999999999793e+00 1.020507999999999971e+00 3.189696999999999782e+00
7.275390000000000468e-01 2.387694999999999901e+00 1.025390999999999941e+00 3.198242000000000029e+00
7.287599999999999634e-01 2.391357000000000177e+00 1.026610999999999940e+00 3.208007999999999971e+00
7.348630000000000440e-01 2.397460999999999842e+00 1.031493999999999911e+00 3.208007999999999971e+00
7.348630000000000440e-01 2.397460999999999842e+00 1.031493999999999911e+00 3.208007999999999971e+00
7.373049999999999882e-01 2.401123000000000118e+00 1.030272999999999994e+00 3.209229000000000109e+00
7.409670000000000423e-01 2.407226999999999784e+00 1.030272999999999994e+00 3.211669999999999803e+00
7.434079999999999577e-01 2.407226999999999784e+00 1.026610999999999940e+00 3.217773000000000216e+00
7.470700000000000118e-01 2.408446999999999782e+00 1.021729000000000109e+00 3.217773000000000216e+00
7.470700000000000118e-01 2.410889000000000060e+00 1.020507999999999971e+00 3.217773000000000216e+00
7.470700000000000118e-01 2.416992000000000029e+00 1.016845999999999917e+00 3.217773000000000216e+00
7.470700000000000118e-01 2.410889000000000060e+00 1.011962999999999946e+00 3.217773000000000216e+00
7.470700000000000118e-01 2.410889000000000060e+00 1.007079999999999975e+00 3.217773000000000216e+00
7.434079999999999577e-01 2.416992000000000029e+00 1.000977000000000006e+00 3.217773000000000216e+00
7.421879999999999589e-01 2.416992000000000029e+00 9.948730000000000073e-01 3.217773000000000216e+00
7.385249999999999870e-01 2.408446999999999782e+00 9.912109999999999532e-01 3.217773000000000216e+00
7.373049999999999882e-01 2.407226999999999784e+00 9.826660000000000394e-01 3.212890999999999941e+00
7.373049999999999882e-01 2.407226999999999784e+00 9.814450000000000118e-01 3.209229000000000109e+00
7.299799999999999622e-01 2.402343999999999813e+00 9.728999999999999870e-01 3.208007999999999971e+00
7.275390000000000468e-01 2.398681999999999981e+00 9.680180000000000451e-01 3.208007999999999971e+00
7.238769999999999927e-01 2.397460999999999842e+00 9.631349999999999634e-01 3.208007999999999971e+00
7.189940000000000220e-01 2.397460999999999842e+00 9.582519999999999927e-01 3.208007999999999971e+00
7.177729999999999944e-01 2.391357000000000177e+00 9.558109999999999662e-01 3.200683999999999862e+00
7.141110000000000513e-01 2.388916000000000039e+00 9.533690000000000220e-01 3.198242000000000029e+00
7.104489999999999972e-01 2.388916000000000039e+00 9.521479999999999944e-01 3.198242000000000029e+00
7.080079999999999707e-01 2.387694999999999901e+00 9.484860000000000513e-01 3.198242000000000029e+00
7.080079999999999707e-01 2.387694999999999901e+00 9.484860000000000513e-01 3.192139000000000060e+00
7.043460000000000276e-01 2.387694999999999901e+00 9.521479999999999944e-01 3.198242000000000029e+00
7.043460000000000276e-01 2.387694999999999901e+00 9.533690000000000220e-01 3.198242000000000029e+00
7.043460000000000276e-01 2.387694999999999901e+00 9.619140000000000468e-01 3.198242000000000029e+00
7.080079999999999707e-01 2.388916000000000039e+00 9.655759999999999899e-01 3.198242000000000029e+00
7.080079999999999707e-01 2.390137000000000178e+00 9.716799999999999882e-01 3.198242000000000029e+00
7.080079999999999707e-01 2.390137000000000178e+00 9.716799999999999882e-01 3.203125000000000000e+00
7.092289999999999983e-01 2.391357000000000177e+00 9.716799999999999882e-01 3.208007999999999971e+00
7.092289999999999983e-01 2.391357000000000177e+00 9.716799999999999882e-01 3.208007999999999971e+00
7.080079999999999707e-01 2.397460999999999842e+00 9.667970000000000175e-01 3.208007999999999971e+00
7.080079999999999707e-01 2.388916000000000039e+00 9.631349999999999634e-01 3.208007999999999971e+00
7.043460000000000276e-01 2.388916000000000039e+00 9.570309999999999651e-01 3.203125000000000000e+00
7.019039999999999724e-01 2.387694999999999901e+00 9.521479999999999944e-01 3.198242000000000029e+00
6.994629999999999459e-01 2.381591999999999931e+00 9.436039999999999983e-01 3.203125000000000000e+00
6.982420000000000293e-01 2.380370999999999793e+00 9.423829999999999707e-01 3.198242000000000029e+00
6.909180000000000321e-01 2.377930000000000099e+00 9.375000000000000000e-01 3.198242000000000029e+00
6.884770000000000056e-01 2.379150000000000098e+00 9.362789999999999724e-01 3.190917999999999921e+00
6.884770000000000056e-01 2.377930000000000099e+00 9.387210000000000276e-01 3.189696999999999782e+00
6.823730000000000073e-01 2.377930000000000099e+00 9.375000000000000000e-01 3.189696999999999782e+00
6.823730000000000073e-01 2.377930000000000099e+00 9.362789999999999724e-01 3.188476999999999784e+00
6.799319999999999808e-01 2.371825999999999990e+00 9.375000000000000000e-01 3.188476999999999784e+00
6.787109999999999532e-01 2.373047000000000128e+00 9.375000000000000000e-01 3.188476999999999784e+00
6.787109999999999532e-01 2.377930000000000099e+00 9.375000000000000000e-01 3.189696999999999782e+00
6.750490000000000101e-01 2.369384999999999852e+00 9.362789999999999724e-01 3.182373000000000118e+00
6.726069999999999549e-01 2.371825999999999990e+00 9.350589999999999735e-01 3.188476999999999784e+00
6.701660000000000394e-01 2.370604999999999851e+00 9.338379999999999459e-01 3.186034999999999950e+00
6.689450000000000118e-01 2.369384999999999852e+00 9.326170000000000293e-01 3.188476999999999784e+00
6.689450000000000118e-01 2.370604999999999851e+00 9.338379999999999459e-01 3.188476999999999784e+00
6.689450000000000118e-01 2.368164000000000158e+00 9.326170000000000293e-01 3.188476999999999784e+00
6.689450000000000118e-01 2.369384999999999852e+00 9.326170000000000293e-01 3.188476999999999784e+00
6.652829999999999577e-01 2.368164000000000158e+00 9.326170000000000293e-01 3.183593999999999813e+00
6.652829999999999577e-01 2.368164000000000158e+00 9.326170000000000293e-01 3.188476999999999784e+00
6.640629999999999589e-01 2.368164000000000158e+00 9.326170000000000293e-01 3.188476999999999784e+00
6.640629999999999589e-01 2.369384999999999852e+00 9.375000000000000000e-01 3.188476999999999784e+00
6.640629999999999589e-01 2.370604999999999851e+00 9.423829999999999707e-01 3.188476999999999784e+00
6.652829999999999577e-01 2.377930000000000099e+00 9.436039999999999983e-01 3.182373000000000118e+00
6.689450000000000118e-01 2.377930000000000099e+00 9.472660000000000524e-01 3.188476999999999784e+00
6.689450000000000118e-01 2.379150000000000098e+00 9.484860000000000513e-01 3.188476999999999784e+00
6.689450000000000118e-01 2.379150000000000098e+00 9.521479999999999944e-01 3.188476999999999784e+00
6.689450000000000118e-01 2.387694999999999901e+00 9.521479999999999944e-01 3.190917999999999921e+00
6.701660000000000394e-01 2.387694999999999901e+00 9.521479999999999944e-01 3.189696999999999782e+00
6.701660000000000394e-01 2.384033000000000069e+00 9.521479999999999944e-01 3.198242000000000029e+00
6.701660000000000394e-01 2.387694999999999901e+00 9.533690000000000220e-01 3.192139000000000060e+00
6.713869999999999560e-01 2.387694999999999901e+00 9.533690000000000220e-01 3.198242000000000029e+00
6.726069999999999549e-01 2.387694999999999901e+00 9.533690000000000220e-01 3.198242000000000029e+00
6.713869999999999560e-01 2.387694999999999901e+00 9.521479999999999944e-01 3.198242000000000029e+00
6.713869999999999560e-01 2.390137000000000178e+00 9.521479999999999944e-01 3.198242000000000029e+00
6.701660000000000394e-01 2.390137000000000178e+00 9.484860000000000513e-01 3.192139000000000060e+00
6.689450000000000118e-01 2.381591999999999931e+00 9.460450000000000248e-01 3.198242000000000029e+00
6.689450000000000118e-01 2.387694999999999901e+00 9.436039999999999983e-01 3.190917999999999921e+00
6.652829999999999577e-01 2.382813000000000070e+00 9.387210000000000276e-01 3.188476999999999784e+00
6.640629999999999589e-01 2.381591999999999931e+00 9.350589999999999735e-01 3.189696999999999782e+00
6.616210000000000147e-01 2.374267999999999823e+00 9.289549999999999752e-01 3.190917999999999921e+00
6.591799999999999882e-01 2.374267999999999823e+00 9.228520000000000056e-01 3.188476999999999784e+00
6.555180000000000451e-01 2.369384999999999852e+00 9.179690000000000349e-01 3.188476999999999784e+00
6.530759999999999899e-01 2.368164000000000158e+00 9.130859999999999532e-01 3.181151999999999980e+00
6.433109999999999662e-01 2.358398000000000216e+00 8.984379999999999589e-01 3.178710999999999842e+00
6.396479999999999944e-01 2.358398000000000216e+00 8.935549999999999882e-01 3.168944999999999901e+00
6.323239999999999972e-01 2.348632999999999971e+00 8.886720000000000175e-01 3.168944999999999901e+00
6.298829999999999707e-01 2.348632999999999971e+00 8.850099999999999634e-01 3.168944999999999901e+00
6.250000000000000000e-01 2.348632999999999971e+00 8.837890000000000468e-01 3.159180000000000099e+00
6.213379999999999459e-01 2.343750000000000000e+00 8.837890000000000468e-01 3.159180000000000099e+00
6.201170000000000293e-01 2.343750000000000000e+00 8.862299999999999622e-01 3.159180000000000099e+00
6.201170000000000293e-01 2.343750000000000000e+00 8.935549999999999882e-01 3.159180000000000099e+00
6.213379999999999459e-01 2.343750000000000000e+00 9.033200000000000118e-01 3.161620999999999793e+00
6.237789999999999724e-01 2.349854000000000109e+00 9.069819999999999549e-01 3.162841999999999931e+00
6.250000000000000000e-01 2.348632999999999971e+00 9.130859999999999532e-01 3.162841999999999931e+00
6.262210000000000276e-01 2.348632999999999971e+00 9.167480000000000073e-01 3.168944999999999901e+00
6.262210000000000276e-01 2.348632999999999971e+00 9.191890000000000338e-01 3.168944999999999901e+00
6.298829999999999707e-01 2.348632999999999971e+00 9.228520000000000056e-01 3.168944999999999901e+00
6.311039999999999983e-01 2.349854000000000109e+00 9.240720000000000045e-01 3.170166000000000039e+00
6.347660000000000524e-01 2.352294999999999803e+00 9.277339999999999476e-01 3.178710999999999842e+00
6.359860000000000513e-01 2.358398000000000216e+00 9.326170000000000293e-01 3.178710999999999842e+00
6.396479999999999944e-01 2.358398000000000216e+00 9.338379999999999459e-01 3.178710999999999842e+00
6.433109999999999662e-01 2.358398000000000216e+00 9.375000000000000000e-01 3.188476999999999784e+00
6.469730000000000203e-01 2.368164000000000158e+00 9.436039999999999983e-01 3.188476999999999784e+00
6.506349999999999634e-01 2.368164000000000158e+00 9.521479999999999944e-01 3.192139000000000060e+00
6.591799999999999882e-01 2.373047000000000128e+00 9.582519999999999927e-01 3.198242000000000029e+00
6.603999999999999870e-01 2.377930000000000099e+00 9.631349999999999634e-01 3.208007999999999971e+00
6.689450000000000118e-01 2.387694999999999901e+00 9.716799999999999882e-01 3.208007999999999971e+00
6.701660000000000394e-01 2.387694999999999901e+00 9.753420000000000423e-01 3.209229000000000109e+00
6.750490000000000101e-01 2.390137000000000178e+00 9.765629999999999589e-01 3.217773000000000216e+00
6.799319999999999808e-01 2.397460999999999842e+00 9.814450000000000118e-01 3.217773000000000216e+00
6.835940000000000349e-01 2.397460999999999842e+00 9.814450000000000118e-01 3.227539000000000158e+00
6.848140000000000338e-01 2.398681999999999981e+00 9.765629999999999589e-01 3.227539000000000158e+00
6.884770000000000056e-01 2.401123000000000118e+00 9.741210000000000147e-01 3.227539000000000158e+00
6.884770000000000056e-01 2.401123000000000118e+00 9.716799999999999882e-01 3.227539000000000158e+00
6.884770000000000056e-01 2.407226999999999784e+00 9.680180000000000451e-01 3.227539000000000158e+00
6.884770000000000056e-01 2.399901999999999980e+00 9.619140000000000468e-01 3.227539000000000158e+00
6.835940000000000349e-01 2.399901999999999980e+00 9.582519999999999927e-01 3.229979999999999851e+00
6.823730000000000073e-01 2.397460999999999842e+00 9.533690000000000220e-01 3.227539000000000158e+00
6.799319999999999808e-01 2.397460999999999842e+00 9.460450000000000248e-01 3.222656000000000187e+00
6.787109999999999532e-01 2.397460999999999842e+00 9.423829999999999707e-01 3.220215000000000050e+00
6.738279999999999825e-01 2.397460999999999842e+00 9.387210000000000276e-01 3.217773000000000216e+00
6.713869999999999560e-01 2.387694999999999901e+00 9.338379999999999459e-01 3.217773000000000216e+00
6.689450000000000118e-01 2.387694999999999901e+00 9.326170000000000293e-01 3.211669999999999803e+00
6.640629999999999589e-01 2.387694999999999901e+00 9.265139999999999487e-01 3.208007999999999971e+00
6.603999999999999870e-01 2.381591999999999931e+00 9.228520000000000056e-01 3.208007999999999971e+00
6.591799999999999882e-01 2.381591999999999931e+00 9.179690000000000349e-01 3.208007999999999971e+00
6.530759999999999899e-01 2.377930000000000099e+00 9.130859999999999532e-01 3.198242000000000029e+00
6.494140000000000468e-01 2.377930000000000099e+00 9.069819999999999549e-01 3.198242000000000029e+00
6.445309999999999651e-01 2.369384999999999852e+00 9.033200000000000118e-01 3.198242000000000029e+00
6.396479999999999944e-01 2.368164000000000158e+00 8.947749999999999870e-01 3.189696999999999782e+00
6.311039999999999983e-01 2.359618999999999911e+00 8.886720000000000175e-01 3.188476999999999784e+00
6.250000000000000000e-01 2.358398000000000216e+00 8.837890000000000468e-01 3.188476999999999784e+00
6.201170000000000293e-01 2.349854000000000109e+00 8.776859999999999662e-01 3.178710999999999842e+00
6.152339999999999476e-01 2.348632999999999971e+00 8.740229999999999944e-01 3.178710999999999842e+00
6.066890000000000338e-01 2.343750000000000000e+00 8.703610000000000513e-01 3.171387000000000178e+00
6.018069999999999808e-01 2.338867000000000029e+00 8.654789999999999983e-01 3.171387000000000178e+00
6.005859999999999532e-01 2.338867000000000029e+00 8.642579999999999707e-01 3.161620999999999793e+00
5.944819999999999549e-01 2.338867000000000029e+00 8.642579999999999707e-01 3.159180000000000099e+00
5.908200000000000118e-01 2.329101999999999784e+00 8.605960000000000276e-01 3.159180000000000099e+00
5.859379999999999589e-01 2.331542999999999921e+00 8.605960000000000276e-01 3.159180000000000099e+00
5.834960000000000147e-01 2.329101999999999784e+00 8.593750000000000000e-01 3.150634999999999852e+00
5.810549999999999882e-01 2.319335999999999842e+00 8.557129999999999459e-01 3.150634999999999852e+00
5.761720000000000175e-01 2.319335999999999842e+00 8.544920000000000293e-01 3.149414000000000158e+00
5.725099999999999634e-01 2.320556999999999981e+00 8.544920000000000293e-01 3.149414000000000158e+00
5.676269999999999927e-01 2.312012000000000178e+00 8.508299999999999752e-01 3.140868999999999911e+00
5.664059999999999651e-01 2.309569999999999901e+00 8.483889999999999487e-01 3.139648000000000216e+00
5.615229999999999944e-01 2.309569999999999901e+00 8.447270000000000056e-01 3.139648000000000216e+00
5.578610000000000513e-01 2.303466999999999931e+00 8.447270000000000056e-01 3.139648000000000216e+00
5.529789999999999983e-01 2.299805000000000099e+00 8.398440000000000349e-01 3.131104000000000109e+00
5.517579999999999707e-01 2.293700999999999990e+00 8.398440000000000349e-01 3.129882999999999971e+00
5.468750000000000000e-01 2.293700999999999990e+00 8.398440000000000349e-01 3.129882999999999971e+00
5.456539999999999724e-01 2.291259999999999852e+00 8.410640000000000338e-01 3.125000000000000000e+00
5.432129999999999459e-01 2.291259999999999852e+00 8.447270000000000056e-01 3.121338000000000168e+00
5.419920000000000293e-01 2.292479999999999851e+00 8.459470000000000045e-01 3.129882999999999971e+00
5.419920000000000293e-01 2.291259999999999852e+00 8.544920000000000293e-01 3.121338000000000168e+00
5.419920000000000293e-01 2.291259999999999852e+00 8.508299999999999752e-01 3.120117000000000029e+00
5.419920000000000293e-01 2.299805000000000099e+00 8.508299999999999752e-01 3.120117000000000029e+00
5.419920000000000293e-01 2.292479999999999851e+00 8.544920000000000293e-01 3.114014000000000060e+00
5.395510000000000028e-01 2.291259999999999852e+00 8.544920000000000293e-01 3.114014000000000060e+00
5.383299999999999752e-01 2.291259999999999852e+00 8.544920000000000293e-01 3.120117000000000029e+00
5.383299999999999752e-01 2.290039000000000158e+00 8.508299999999999752e-01 3.129882999999999971e+00
5.371089999999999476e-01 2.290039000000000158e+00 8.508299999999999752e-01 3.120117000000000029e+00
5.358889999999999487e-01 2.290039000000000158e+00 8.483889999999999487e-01 3.114014000000000060e+00
5.346680000000000321e-01 2.290039000000000158e+00 8.459470000000000045e-01 3.120117000000000029e+00
5.322270000000000056e-01 2.290039000000000158e+00 8.447270000000000056e-01 3.112792999999999921e+00
5.297849999999999504e-01 2.282715000000000050e+00 8.447270000000000056e-01 3.110351999999999784e+00
5.273440000000000349e-01 2.280273000000000216e+00 8.386230000000000073e-01 3.110351999999999784e+00
5.236819999999999808e-01 2.280273000000000216e+00 8.361819999999999808e-01 3.110351999999999784e+00
5.224609999999999532e-01 2.274169999999999803e+00 8.349609999999999532e-01 3.110351999999999784e+00
5.187990000000000101e-01 2.270507999999999971e+00 8.300779999999999825e-01 3.103026999999999980e+00
5.163569999999999549e-01 2.270507999999999971e+00 8.264160000000000394e-01 3.100585999999999842e+00
5.126950000000000118e-01 2.270507999999999971e+00 8.251950000000000118e-01 3.100585999999999842e+00
5.090329999999999577e-01 2.261963000000000168e+00 8.190920000000000423e-01 3.100585999999999842e+00
5.065920000000000423e-01 2.260742000000000029e+00 8.166499999999999870e-01 3.092041000000000039e+00
5.029299999999999882e-01 2.260742000000000029e+00 8.166499999999999870e-01 3.090819999999999901e+00
4.992679999999999896e-01 2.254639000000000060e+00 8.154299999999999882e-01 3.083495999999999793e+00
4.956050000000000177e-01 2.250976999999999784e+00 8.117680000000000451e-01 3.082275000000000098e+00
4.931639999999999913e-01 2.250976999999999784e+00 8.105470000000000175e-01 3.082275000000000098e+00
4.895019999999999927e-01 2.246093999999999813e+00 8.093259999999999899e-01 3.081055000000000099e+00
4.882810000000000206e-01 2.242431999999999981e+00 8.093259999999999899e-01 3.081055000000000099e+00
4.846190000000000220e-01 2.241210999999999842e+00 8.093259999999999899e-01 3.081055000000000099e+00
4.833979999999999944e-01 2.241210999999999842e+00 8.093259999999999899e-01 3.073729999999999851e+00
4.797359999999999958e-01 2.241210999999999842e+00 8.105470000000000175e-01 3.071289000000000158e+00
4.797359999999999958e-01 2.233887000000000178e+00 8.105470000000000175e-01 3.071289000000000158e+00
4.760739999999999972e-01 2.235107000000000177e+00 8.093259999999999899e-01 3.071289000000000158e+00
4.748539999999999983e-01 2.232666000000000039e+00 8.093259999999999899e-01 3.065186000000000188e+00
4.736330000000000262e-01 2.232666000000000039e+00 8.093259999999999899e-01 3.063965000000000050e+00
4.736330000000000262e-01 2.231444999999999901e+00 8.081049999999999622e-01 3.066406000000000187e+00
4.687500000000000000e-01 2.231444999999999901e+00 8.081049999999999622e-01 3.063965000000000050e+00
4.687500000000000000e-01 2.231444999999999901e+00 8.081049999999999622e-01 3.061523000000000216e+00
4.663089999999999735e-01 2.225341999999999931e+00 8.068849999999999634e-01 3.061523000000000216e+00
4.650880000000000014e-01 2.225341999999999931e+00 8.068849999999999634e-01 3.061523000000000216e+00
4.638669999999999738e-01 2.225341999999999931e+00 8.068849999999999634e-01 3.061523000000000216e+00
4.638669999999999738e-01 2.222900000000000098e+00 8.056640000000000468e-01 3.055419999999999803e+00
4.638669999999999738e-01 2.222900000000000098e+00 8.056640000000000468e-01 3.054199000000000108e+00
4.602049999999999752e-01 2.221680000000000099e+00 8.056640000000000468e-01 3.051757999999999971e+00
4.577640000000000042e-01 2.215575999999999990e+00 8.032230000000000203e-01 3.051757999999999971e+00
4.553220000000000045e-01 2.215575999999999990e+00 8.020019999999999927e-01 3.051757999999999971e+00
4.541020000000000056e-01 2.215575999999999990e+00 8.007809999999999651e-01 3.051757999999999971e+00
4.504389999999999783e-01 2.211914000000000158e+00 7.983400000000000496e-01 3.046875000000000000e+00
4.492189999999999794e-01 2.211914000000000158e+00 7.995609999999999662e-01 3.043213000000000168e+00
4.479980000000000073e-01 2.211914000000000158e+00 7.971190000000000220e-01 3.041992000000000029e+00
4.455569999999999808e-01 2.207031000000000187e+00 7.958979999999999944e-01 3.041992000000000029e+00
4.443360000000000087e-01 2.203368999999999911e+00 7.971190000000000220e-01 3.041992000000000029e+00
4.406740000000000101e-01 2.203368999999999911e+00 7.958979999999999944e-01 3.041992000000000029e+00
4.406740000000000101e-01 2.202148000000000216e+00 7.958979999999999944e-01 3.041992000000000029e+00
4.382320000000000104e-01 2.202148000000000216e+00 7.922360000000000513e-01 3.034667999999999921e+00
4.370120000000000116e-01 2.202148000000000216e+00 7.922360000000000513e-01 3.032226999999999784e+00
4.357909999999999839e-01 2.196044999999999803e+00 7.922360000000000513e-01 3.033446999999999782e+00
4.345700000000000118e-01 2.194824000000000108e+00 7.922360000000000513e-01 3.032226999999999784e+00
4.345700000000000118e-01 2.192382999999999971e+00 7.910160000000000524e-01 3.032226999999999784e+00
4.345700000000000118e-01 2.197265999999999941e+00 7.922360000000000513e-01 3.032226999999999784e+00
4.309080000000000132e-01 2.192382999999999971e+00 7.910160000000000524e-01 3.032226999999999784e+00
4.309080000000000132e-01 2.192382999999999971e+00 7.958979999999999944e-01 3.032226999999999784e+00
4.309080000000000132e-01 2.194824000000000108e+00 7.958979999999999944e-01 3.024901999999999980e+00
4.296880000000000144e-01 2.192382999999999971e+00 7.958979999999999944e-01 3.032226999999999784e+00
4.296880000000000144e-01 2.192382999999999971e+00 7.958979999999999944e-01 3.032226999999999784e+00
4.296880000000000144e-01 2.192382999999999971e+00 7.971190000000000220e-01 3.022460999999999842e+00
4.296880000000000144e-01 2.192382999999999971e+00 7.971190000000000220e-01 3.032226999999999784e+00
4.296880000000000144e-01 2.192382999999999971e+00 7.971190000000000220e-01 3.032226999999999784e+00
4.296880000000000144e-01 2.187500000000000000e+00 7.995609999999999662e-01 3.032226999999999784e+00
4.296880000000000144e-01 2.192382999999999971e+00 7.995609999999999662e-01 3.032226999999999784e+00
4.296880000000000144e-01 2.192382999999999971e+00 7.995609999999999662e-01 3.023681999999999981e+00
4.296880000000000144e-01 2.192382999999999971e+00 8.007809999999999651e-01 3.024901999999999980e+00
4.309080000000000132e-01 2.192382999999999971e+00 8.056640000000000468e-01 3.032226999999999784e+00
4.345700000000000118e-01 2.192382999999999971e+00 8.068849999999999634e-01 3.032226999999999784e+00
4.345700000000000118e-01 2.192382999999999971e+00 8.105470000000000175e-01 3.032226999999999784e+00
4.357909999999999839e-01 2.194824000000000108e+00 8.154299999999999882e-01 3.032226999999999784e+00
4.406740000000000101e-01 2.202148000000000216e+00 8.215329999999999577e-01 3.033446999999999782e+00
4.479980000000000073e-01 2.202148000000000216e+00 8.288569999999999549e-01 3.041992000000000029e+00
4.541020000000000056e-01 2.211914000000000158e+00 8.349609999999999532e-01 3.041992000000000029e+00
4.553220000000000045e-01 2.211914000000000158e+00 8.349609999999999532e-01 3.051757999999999971e+00
4.577640000000000042e-01 2.213134999999999852e+00 8.361819999999999808e-01 3.051757999999999971e+00
4.614260000000000028e-01 2.216797000000000128e+00 8.374019999999999797e-01 3.051757999999999971e+00
4.650880000000000014e-01 2.224120999999999793e+00 8.447270000000000056e-01 3.054199000000000108e+00
4.687500000000000000e-01 2.222900000000000098e+00 8.459470000000000045e-01 3.061523000000000216e+00
4.736330000000000262e-01 2.225341999999999931e+00 8.544920000000000293e-01 3.061523000000000216e+00
4.772950000000000248e-01 2.231444999999999901e+00 8.593750000000000000e-01 3.076172000000000128e+00
4.833979999999999944e-01 2.235107000000000177e+00 8.642579999999999707e-01 3.071289000000000158e+00
