1.416020000000000056e-01 1.699219000000000035e+00 6.311039999999999983e-01 2.465819999999999901e+00
1.428220000000000045e-01 1.699219000000000035e+00 6.311039999999999983e-01 2.465819999999999901e+00
1.428220000000000045e-01 1.699219000000000035e+00 6.311039999999999983e-01 2.469482000000000177e+00
1.428220000000000045e-01 1.704102000000000006e+00 6.298829999999999707e-01 2.465819999999999901e+00
1.428220000000000045e-01 1.699219000000000035e+00 6.311039999999999983e-01 2.465819999999999901e+00
1.428220000000000045e-01 1.704102000000000006e+00 6.311039999999999983e-01 2.467041000000000039e+00
1.428220000000000045e-01 1.699219000000000035e+00 6.311039999999999983e-01 2.470702999999999872e+00
1.428220000000000045e-01 1.704102000000000006e+00 6.298829999999999707e-01 2.465819999999999901e+00
1.428220000000000045e-01 1.695556999999999981e+00 6.311039999999999983e-01 2.465819999999999901e+00
1.428220000000000045e-01 1.697997999999999896e+00 6.298829999999999707e-01 2.467041000000000039e+00
1.428220000000000045e-01 1.697997999999999896e+00 6.298829999999999707e-01 2.467041000000000039e+00
1.428220000000000045e-01 1.697997999999999896e+00 6.298829999999999707e-01 2.467041000000000039e+00
1.428220000000000045e-01 1.699219000000000035e+00 6.298829999999999707e-01 2.465819999999999901e+00
1.428220000000000045e-01 1.699219000000000035e+00 6.298829999999999707e-01 2.465819999999999901e+00
1.428220000000000045e-01 1.696776999999999980e+00 6.298829999999999707e-01 2.465819999999999901e+00
1.440430000000000044e-01 1.699219000000000035e+00 6.298829999999999707e-01 2.465819999999999901e+00
1.428220000000000045e-01 1.696776999999999980e+00 6.311039999999999983e-01 2.465819999999999901e+00
1.452640000000000042e-01 1.699219000000000035e+00 6.335450000000000248e-01 2.467041000000000039e+00
1.489260000000000028e-01 1.705322000000000005e+00 6.445309999999999651e-01 2.475585999999999842e+00
1.611329999999999985e-01 1.721190999999999915e+00 6.787109999999999532e-01 2.486571999999999782e+00
1.818849999999999911e-01 1.743163999999999936e+00 7.189940000000000220e-01 2.515868999999999911e+00
2.099610000000000087e-01 1.773681999999999981e+00 7.629390000000000338e-01 2.563476999999999784e+00
2.429199999999999970e-01 1.811522999999999994e+00 7.995609999999999662e-01 2.602539000000000158e+00
2.783200000000000118e-01 1.850586000000000064e+00 8.312990000000000101e-01 2.651367000000000029e+00
3.137210000000000276e-01 1.894530999999999965e+00 8.593750000000000000e-01 2.700194999999999901e+00
3.515630000000000144e-01 1.933594000000000035e+00 8.837890000000000468e-01 2.749023000000000216e+00
3.881839999999999735e-01 1.968993999999999911e+00 9.045410000000000394e-01 2.790526999999999980e+00
4.211429999999999896e-01 2.006835999999999842e+00 9.240720000000000045e-01 2.828368999999999911e+00
4.516600000000000059e-01 2.036132999999999971e+00 9.387210000000000276e-01 2.866210999999999842e+00
4.785159999999999969e-01 2.060547000000000128e+00 9.484860000000000513e-01 2.895507999999999971e+00
5.029299999999999882e-01 2.084960999999999842e+00 9.570309999999999651e-01 2.924805000000000099e+00
5.224609999999999532e-01 2.104492000000000029e+00 9.619140000000000468e-01 2.944335999999999842e+00
5.419920000000000293e-01 2.124023000000000216e+00 9.631349999999999634e-01 2.963867000000000029e+00
5.529789999999999983e-01 2.133789000000000158e+00 9.631349999999999634e-01 2.973632999999999971e+00
5.676269999999999927e-01 2.153319999999999901e+00 9.631349999999999634e-01 2.987061000000000188e+00
5.834960000000000147e-01 2.172851999999999784e+00 9.558109999999999662e-01 3.004150000000000098e+00
5.908200000000000118e-01 2.172851999999999784e+00 9.521479999999999944e-01 3.012694999999999901e+00
5.920410000000000394e-01 2.182617000000000029e+00 9.460450000000000248e-01 3.022460999999999842e+00
5.969240000000000101e-01 2.182617000000000029e+00 9.423829999999999707e-01 3.022460999999999842e+00
6.005859999999999532e-01 2.187500000000000000e+00 9.375000000000000000e-01 3.023681999999999981e+00
6.018069999999999808e-01 2.192382999999999971e+00 9.326170000000000293e-01 3.032226999999999784e+00
6.042480000000000073e-01 2.193604000000000109e+00 9.277339999999999476e-01 3.032226999999999784e+00
6.042480000000000073e-01 2.193604000000000109e+00 9.228520000000000056e-01 3.033446999999999782e+00
6.054690000000000349e-01 2.196044999999999803e+00 9.179690000000000349e-01 3.032226999999999784e+00
6.054690000000000349e-01 2.202148000000000216e+00 9.130859999999999532e-01 3.032226999999999784e+00
6.042480000000000073e-01 2.202148000000000216e+00 9.069819999999999549e-01 3.033446999999999782e+00
6.018069999999999808e-01 2.202148000000000216e+00 9.033200000000000118e-01 3.032226999999999784e+00
6.005859999999999532e-01 2.202148000000000216e+00 8.972170000000000423e-01 3.032226999999999784e+00
6.005859999999999532e-01 2.202148000000000216e+00 8.935549999999999882e-01 3.032226999999999784e+00
5.969240000000000101e-01 2.194824000000000108e+00 8.874509999999999899e-01 3.032226999999999784e+00
5.957029999999999825e-01 2.192382999999999971e+00 8.837890000000000468e-01 3.032226999999999784e+00
5.932619999999999560e-01 2.193604000000000109e+00 8.801269999999999927e-01 3.024901999999999980e+00
5.920410000000000394e-01 2.193604000000000109e+00 8.789059999999999651e-01 3.024901999999999980e+00
5.908200000000000118e-01 2.194824000000000108e+00 8.801269999999999927e-01 3.032226999999999784e+00
5.908200000000000118e-01 2.193604000000000109e+00 8.789059999999999651e-01 3.032226999999999784e+00
5.908200000000000118e-01 2.196044999999999803e+00 8.801269999999999927e-01 3.032226999999999784e+00
5.908200000000000118e-01 2.194824000000000108e+00 8.837890000000000468e-01 3.032226999999999784e+00
5.871579999999999577e-01 2.196044999999999803e+00 8.789059999999999651e-01 3.032226999999999784e+00
5.883789999999999853e-01 2.202148000000000216e+00 8.789059999999999651e-01 3.032226999999999784e+00
5.859379999999999589e-01 2.202148000000000216e+00 8.752440000000000220e-01 3.032226999999999784e+00
5.859379999999999589e-01 2.197265999999999941e+00 8.740229999999999944e-01 3.027343999999999813e+00
5.834960000000000147e-01 2.202148000000000216e+00 8.740229999999999944e-01 3.032226999999999784e+00
5.822749999999999870e-01 2.196044999999999803e+00 8.740229999999999944e-01 3.032226999999999784e+00
5.822749999999999870e-01 2.202148000000000216e+00 8.740229999999999944e-01 3.029784999999999950e+00
5.810549999999999882e-01 2.203368999999999911e+00 8.703610000000000513e-01 3.024901999999999980e+00
5.810549999999999882e-01 2.202148000000000216e+00 8.740229999999999944e-01 3.032226999999999784e+00
5.810549999999999882e-01 2.200928000000000218e+00 8.740229999999999944e-01 3.032226999999999784e+00
5.834960000000000147e-01 2.207031000000000187e+00 8.850099999999999634e-01 3.037109000000000059e+00
5.859379999999999589e-01 2.211914000000000158e+00 8.898930000000000451e-01 3.032226999999999784e+00
5.908200000000000118e-01 2.214354999999999851e+00 8.972170000000000423e-01 3.041992000000000029e+00
5.957029999999999825e-01 2.218017999999999823e+00 9.045410000000000394e-01 3.041992000000000029e+00
6.005859999999999532e-01 2.224120999999999793e+00 9.082029999999999825e-01 3.051757999999999971e+00
6.030269999999999797e-01 2.231444999999999901e+00 9.130859999999999532e-01 3.051757999999999971e+00
6.066890000000000338e-01 2.232666000000000039e+00 9.130859999999999532e-01 3.054199000000000108e+00
6.103520000000000056e-01 2.236327999999999872e+00 9.130859999999999532e-01 3.055419999999999803e+00
6.127930000000000321e-01 2.241210999999999842e+00 9.143069999999999808e-01 3.061523000000000216e+00
6.164549999999999752e-01 2.241210999999999842e+00 9.143069999999999808e-01 3.063965000000000050e+00
6.201170000000000293e-01 2.246093999999999813e+00 9.179690000000000349e-01 3.062743999999999911e+00
6.237789999999999724e-01 2.250976999999999784e+00 9.228520000000000056e-01 3.071289000000000158e+00
6.262210000000000276e-01 2.250976999999999784e+00 9.228520000000000056e-01 3.072509999999999852e+00
6.298829999999999707e-01 2.253417999999999921e+00 9.228520000000000056e-01 3.081055000000000099e+00
6.311039999999999983e-01 2.260742000000000029e+00 9.240720000000000045e-01 3.081055000000000099e+00
6.323239999999999972e-01 2.260742000000000029e+00 9.277339999999999476e-01 3.082275000000000098e+00
6.359860000000000513e-01 2.264403999999999861e+00 9.326170000000000293e-01 3.090819999999999901e+00
6.396479999999999944e-01 2.270507999999999971e+00 9.338379999999999459e-01 3.090819999999999901e+00
6.396479999999999944e-01 2.270507999999999971e+00 9.326170000000000293e-01 3.094482000000000177e+00
6.408690000000000220e-01 2.270507999999999971e+00 9.326170000000000293e-01 3.100585999999999842e+00
6.433109999999999662e-01 2.271729000000000109e+00 9.326170000000000293e-01 3.101806999999999981e+00
6.445309999999999651e-01 2.271729000000000109e+00 9.326170000000000293e-01 3.100585999999999842e+00
6.457519999999999927e-01 2.274169999999999803e+00 9.326170000000000293e-01 3.101806999999999981e+00
6.457519999999999927e-01 2.271729000000000109e+00 9.326170000000000293e-01 3.103026999999999980e+00
6.457519999999999927e-01 2.280273000000000216e+00 9.277339999999999476e-01 3.110351999999999784e+00
6.457519999999999927e-01 2.280273000000000216e+00 9.240720000000000045e-01 3.110351999999999784e+00
6.445309999999999651e-01 2.280273000000000216e+00 9.228520000000000056e-01 3.110351999999999784e+00
6.433109999999999662e-01 2.280273000000000216e+00 9.167480000000000073e-01 3.110351999999999784e+00
6.445309999999999651e-01 2.274169999999999803e+00 9.130859999999999532e-01 3.107909999999999950e+00
6.408690000000000220e-01 2.272949000000000108e+00 9.082029999999999825e-01 3.101806999999999981e+00
6.396479999999999944e-01 2.274169999999999803e+00 9.045410000000000394e-01 3.110351999999999784e+00
6.396479999999999944e-01 2.270507999999999971e+00 9.033200000000000118e-01 3.100585999999999842e+00
6.347660000000000524e-01 2.270507999999999971e+00 9.033200000000000118e-01 3.100585999999999842e+00
6.347660000000000524e-01 2.270507999999999971e+00 8.972170000000000423e-01 3.100585999999999842e+00
6.298829999999999707e-01 2.271729000000000109e+00 8.947749999999999870e-01 3.094482000000000177e+00
6.298829999999999707e-01 2.270507999999999971e+00 8.935549999999999882e-01 3.100585999999999842e+00
6.298829999999999707e-01 2.270507999999999971e+00 8.935549999999999882e-01 3.096924000000000010e+00
6.262210000000000276e-01 2.270507999999999971e+00 8.886720000000000175e-01 3.094482000000000177e+00
6.262210000000000276e-01 2.270507999999999971e+00 8.886720000000000175e-01 3.094482000000000177e+00
6.250000000000000000e-01 2.265625000000000000e+00 8.874509999999999899e-01 3.092041000000000039e+00
6.225589999999999735e-01 2.265625000000000000e+00 8.837890000000000468e-01 3.090819999999999901e+00
6.213379999999999459e-01 2.261963000000000168e+00 8.837890000000000468e-01 3.090819999999999901e+00
6.201170000000000293e-01 2.260742000000000029e+00 8.801269999999999927e-01 3.095702999999999872e+00
6.152339999999999476e-01 2.260742000000000029e+00 8.752440000000000220e-01 3.090819999999999901e+00
6.152339999999999476e-01 2.260742000000000029e+00 8.740229999999999944e-01 3.090819999999999901e+00
6.103520000000000056e-01 2.254639000000000060e+00 8.703610000000000513e-01 3.083495999999999793e+00
6.066890000000000338e-01 2.250976999999999784e+00 8.654789999999999983e-01 3.081055000000000099e+00
6.066890000000000338e-01 2.250976999999999784e+00 8.654789999999999983e-01 3.081055000000000099e+00
6.018069999999999808e-01 2.250976999999999784e+00 8.642579999999999707e-01 3.081055000000000099e+00
6.005859999999999532e-01 2.244873000000000118e+00 8.581539999999999724e-01 3.081055000000000099e+00
5.957029999999999825e-01 2.242431999999999981e+00 8.544920000000000293e-01 3.071289000000000158e+00
5.908200000000000118e-01 2.241210999999999842e+00 8.508299999999999752e-01 3.071289000000000158e+00
5.871579999999999577e-01 2.242431999999999981e+00 8.471680000000000321e-01 3.071289000000000158e+00
5.822749999999999870e-01 2.233887000000000178e+00 8.459470000000000045e-01 3.066406000000000187e+00
5.798339999999999606e-01 2.231444999999999901e+00 8.410640000000000338e-01 3.061523000000000216e+00
5.761720000000000175e-01 2.231444999999999901e+00 8.386230000000000073e-01 3.055419999999999803e+00
5.712890000000000468e-01 2.225341999999999931e+00 8.361819999999999808e-01 3.055419999999999803e+00
5.676269999999999927e-01 2.222900000000000098e+00 8.349609999999999532e-01 3.051757999999999971e+00
5.651859999999999662e-01 2.224120999999999793e+00 8.349609999999999532e-01 3.051757999999999971e+00
5.627440000000000220e-01 2.221680000000000099e+00 8.349609999999999532e-01 3.048096000000000139e+00
5.615229999999999944e-01 2.213134999999999852e+00 8.312990000000000101e-01 3.045653999999999861e+00
5.566410000000000524e-01 2.213134999999999852e+00 8.312990000000000101e-01 3.046875000000000000e+00
5.541989999999999972e-01 2.211914000000000158e+00 8.312990000000000101e-01 3.046875000000000000e+00
5.517579999999999707e-01 2.211914000000000158e+00 8.349609999999999532e-01 3.051757999999999971e+00
5.493160000000000265e-01 2.211914000000000158e+00 8.288569999999999549e-01 3.041992000000000029e+00
5.468750000000000000e-01 2.207031000000000187e+00 8.276369999999999560e-01 3.041992000000000029e+00
5.456539999999999724e-01 2.202148000000000216e+00 8.264160000000000394e-01 3.041992000000000029e+00
5.432129999999999459e-01 2.202148000000000216e+00 8.251950000000000118e-01 3.041992000000000029e+00
5.383299999999999752e-01 2.202148000000000216e+00 8.251950000000000118e-01 3.032226999999999784e+00
5.371089999999999476e-01 2.202148000000000216e+00 8.215329999999999577e-01 3.032226999999999784e+00
5.334470000000000045e-01 2.196044999999999803e+00 8.190920000000000423e-01 3.032226999999999784e+00
5.322270000000000056e-01 2.193604000000000109e+00 8.166499999999999870e-01 3.026123000000000118e+00
5.273440000000000349e-01 2.192382999999999971e+00 8.166499999999999870e-01 3.024901999999999980e+00
5.249019999999999797e-01 2.192382999999999971e+00 8.154299999999999882e-01 3.022460999999999842e+00
5.212400000000000366e-01 2.186278999999999861e+00 8.117680000000000451e-01 3.022460999999999842e+00
5.187990000000000101e-01 2.186278999999999861e+00 8.105470000000000175e-01 3.022460999999999842e+00
5.163569999999999549e-01 2.183838000000000168e+00 8.093259999999999899e-01 3.016357000000000177e+00
5.126950000000000118e-01 2.182617000000000029e+00 8.068849999999999634e-01 3.013916000000000039e+00
5.090329999999999577e-01 2.182617000000000029e+00 8.068849999999999634e-01 3.013916000000000039e+00
5.078129999999999589e-01 2.177734000000000059e+00 8.056640000000000468e-01 3.012694999999999901e+00
5.041499999999999870e-01 2.177734000000000059e+00 8.056640000000000468e-01 3.012694999999999901e+00
5.029299999999999882e-01 2.174071999999999782e+00 8.056640000000000468e-01 3.005370999999999793e+00
5.017089999999999606e-01 2.172851999999999784e+00 8.056640000000000468e-01 3.006591999999999931e+00
4.980470000000000175e-01 2.172851999999999784e+00 8.020019999999999927e-01 3.004150000000000098e+00
4.943850000000000189e-01 2.172851999999999784e+00 8.020019999999999927e-01 3.002930000000000099e+00
4.931639999999999913e-01 2.172851999999999784e+00 8.020019999999999927e-01 3.002930000000000099e+00
4.907230000000000203e-01 2.167968999999999813e+00 8.007809999999999651e-01 2.994384999999999852e+00
4.895019999999999927e-01 2.164306999999999981e+00 8.007809999999999651e-01 2.996825999999999990e+00
4.870610000000000217e-01 2.163085999999999842e+00 7.995609999999999662e-01 2.993164000000000158e+00
4.846190000000000220e-01 2.163085999999999842e+00 7.971190000000000220e-01 2.993164000000000158e+00
4.833979999999999944e-01 2.163085999999999842e+00 7.971190000000000220e-01 2.993164000000000158e+00
4.797359999999999958e-01 2.163085999999999842e+00 7.958979999999999944e-01 2.993164000000000158e+00
4.785159999999999969e-01 2.156982000000000177e+00 7.958979999999999944e-01 2.988281000000000187e+00
4.748539999999999983e-01 2.158202999999999872e+00 7.958979999999999944e-01 2.984618999999999911e+00
4.736330000000000262e-01 2.155762000000000178e+00 7.910160000000000524e-01 2.983398000000000216e+00
4.699710000000000276e-01 2.153319999999999901e+00 7.897950000000000248e-01 2.983398000000000216e+00
4.687500000000000000e-01 2.147216999999999931e+00 7.873539999999999983e-01 2.983398000000000216e+00
4.675289999999999724e-01 2.147216999999999931e+00 7.873539999999999983e-01 2.977294999999999803e+00
4.638669999999999738e-01 2.143555000000000099e+00 7.861329999999999707e-01 2.977294999999999803e+00
4.638669999999999738e-01 2.143555000000000099e+00 7.861329999999999707e-01 2.973632999999999971e+00
4.602049999999999752e-01 2.143555000000000099e+00 7.861329999999999707e-01 2.973632999999999971e+00
4.577640000000000042e-01 2.145995999999999793e+00 7.861329999999999707e-01 2.973632999999999971e+00
4.553220000000000045e-01 2.144775000000000098e+00 7.861329999999999707e-01 2.967528999999999861e+00
4.541020000000000056e-01 2.143555000000000099e+00 7.824710000000000276e-01 2.971191000000000138e+00
4.504389999999999783e-01 2.136229999999999851e+00 7.812500000000000000e-01 2.968750000000000000e+00
4.504389999999999783e-01 2.135009999999999852e+00 7.812500000000000000e-01 2.968750000000000000e+00
4.479980000000000073e-01 2.135009999999999852e+00 7.812500000000000000e-01 2.963867000000000029e+00
4.455569999999999808e-01 2.133789000000000158e+00 7.800289999999999724e-01 2.963867000000000029e+00
4.455569999999999808e-01 2.133789000000000158e+00 7.775879999999999459e-01 2.963867000000000029e+00
4.443360000000000087e-01 2.133789000000000158e+00 7.788089999999999735e-01 2.957764000000000060e+00
4.406740000000000101e-01 2.128906000000000187e+00 7.775879999999999459e-01 2.963867000000000029e+00
4.394529999999999825e-01 2.125243999999999911e+00 7.775879999999999459e-01 2.955321999999999782e+00
4.370120000000000116e-01 2.124023000000000216e+00 7.775879999999999459e-01 2.954101999999999784e+00
4.357909999999999839e-01 2.124023000000000216e+00 7.763670000000000293e-01 2.954101999999999784e+00
4.345700000000000118e-01 2.124023000000000216e+00 7.727049999999999752e-01 2.954101999999999784e+00
4.309080000000000132e-01 2.117919999999999803e+00 7.702639999999999487e-01 2.954101999999999784e+00
4.296880000000000144e-01 2.115479000000000109e+00 7.702639999999999487e-01 2.954101999999999784e+00
4.284669999999999868e-01 2.115479000000000109e+00 7.690430000000000321e-01 2.946776999999999980e+00
4.260249999999999870e-01 2.114257999999999971e+00 7.690430000000000321e-01 2.944335999999999842e+00
4.248049999999999882e-01 2.116699000000000108e+00 7.690430000000000321e-01 2.946776999999999980e+00
4.248049999999999882e-01 2.116699000000000108e+00 7.690430000000000321e-01 2.946776999999999980e+00
4.248049999999999882e-01 2.114257999999999971e+00 7.690430000000000321e-01 2.944335999999999842e+00
4.211429999999999896e-01 2.109375000000000000e+00 7.702639999999999487e-01 2.944335999999999842e+00
4.211429999999999896e-01 2.110596000000000139e+00 7.702639999999999487e-01 2.944335999999999842e+00
4.199220000000000175e-01 2.109375000000000000e+00 7.714839999999999476e-01 2.944335999999999842e+00
4.199220000000000175e-01 2.109375000000000000e+00 7.714839999999999476e-01 2.938232000000000177e+00
4.199220000000000175e-01 2.108153999999999861e+00 7.727049999999999752e-01 2.944335999999999842e+00
4.187009999999999899e-01 2.109375000000000000e+00 7.751460000000000017e-01 2.938232000000000177e+00
4.199220000000000175e-01 2.110596000000000139e+00 7.763670000000000293e-01 2.938232000000000177e+00
4.199220000000000175e-01 2.109375000000000000e+00 7.763670000000000293e-01 2.944335999999999842e+00
4.174800000000000177e-01 2.105713000000000168e+00 7.763670000000000293e-01 2.938232000000000177e+00
4.187009999999999899e-01 2.105713000000000168e+00 7.775879999999999459e-01 2.938232000000000177e+00
4.187009999999999899e-01 2.105713000000000168e+00 7.775879999999999459e-01 2.944335999999999842e+00
4.199220000000000175e-01 2.105713000000000168e+00 7.775879999999999459e-01 2.938232000000000177e+00
4.199220000000000175e-01 2.105713000000000168e+00 7.788089999999999735e-01 2.944335999999999842e+00
4.187009999999999899e-01 2.105713000000000168e+00 7.800289999999999724e-01 2.937012000000000178e+00
4.199220000000000175e-01 2.108153999999999861e+00 7.800289999999999724e-01 2.944335999999999842e+00
4.199220000000000175e-01 2.106933999999999862e+00 7.800289999999999724e-01 2.938232000000000177e+00
4.199220000000000175e-01 2.114257999999999971e+00 7.824710000000000276e-01 2.938232000000000177e+00
4.211429999999999896e-01 2.114257999999999971e+00 7.861329999999999707e-01 2.944335999999999842e+00
4.248049999999999882e-01 2.114257999999999971e+00 7.873539999999999983e-01 2.944335999999999842e+00
4.248049999999999882e-01 2.117919999999999803e+00 7.958979999999999944e-01 2.944335999999999842e+00
4.272460000000000147e-01 2.115479000000000109e+00 7.971190000000000220e-01 2.946776999999999980e+00
4.309080000000000132e-01 2.117919999999999803e+00 8.056640000000000468e-01 2.954101999999999784e+00
4.345700000000000118e-01 2.124023000000000216e+00 8.068849999999999634e-01 2.954101999999999784e+00
4.357909999999999839e-01 2.126465000000000050e+00 8.081049999999999622e-01 2.954101999999999784e+00
4.394529999999999825e-01 2.125243999999999911e+00 8.117680000000000451e-01 2.955321999999999782e+00
4.443360000000000087e-01 2.127686000000000188e+00 8.142089999999999606e-01 2.963867000000000029e+00
4.455569999999999808e-01 2.133789000000000158e+00 8.154299999999999882e-01 2.963867000000000029e+00
4.479980000000000073e-01 2.135009999999999852e+00 8.154299999999999882e-01 2.965088000000000168e+00
4.492189999999999794e-01 2.133789000000000158e+00 8.154299999999999882e-01 2.966308999999999862e+00
4.504389999999999783e-01 2.135009999999999852e+00 8.154299999999999882e-01 2.968750000000000000e+00
4.541020000000000056e-01 2.135009999999999852e+00 8.154299999999999882e-01 2.973632999999999971e+00
4.541020000000000056e-01 2.135009999999999852e+00 8.117680000000000451e-01 2.973632999999999971e+00
4.553220000000000045e-01 2.137450999999999990e+00 8.154299999999999882e-01 2.973632999999999971e+00
4.577640000000000042e-01 2.136229999999999851e+00 8.154299999999999882e-01 2.977294999999999803e+00
4.589840000000000031e-01 2.137450999999999990e+00 8.166499999999999870e-01 2.973632999999999971e+00
4.602049999999999752e-01 2.143555000000000099e+00 8.215329999999999577e-01 2.974854000000000109e+00
4.638669999999999738e-01 2.143555000000000099e+00 8.251950000000000118e-01 2.983398000000000216e+00
4.675289999999999724e-01 2.147216999999999931e+00 8.288569999999999549e-01 2.982178000000000218e+00
4.736330000000000262e-01 2.153319999999999901e+00 8.374019999999999797e-01 2.985840000000000050e+00
4.772950000000000248e-01 2.158202999999999872e+00 8.459470000000000045e-01 2.993164000000000158e+00
4.870610000000000217e-01 2.164306999999999981e+00 8.605960000000000276e-01 3.002930000000000099e+00
4.943850000000000189e-01 2.172851999999999784e+00 8.691410000000000524e-01 3.012694999999999901e+00
5.041499999999999870e-01 2.185058999999999862e+00 8.752440000000000220e-01 3.016357000000000177e+00
5.126950000000000118e-01 2.192382999999999971e+00 8.837890000000000468e-01 3.024901999999999980e+00
5.187990000000000101e-01 2.194824000000000108e+00 8.850099999999999634e-01 3.026123000000000118e+00
5.236819999999999808e-01 2.202148000000000216e+00 8.850099999999999634e-01 3.034667999999999921e+00
5.322270000000000056e-01 2.207031000000000187e+00 8.850099999999999634e-01 3.041992000000000029e+00
5.334470000000000045e-01 2.211914000000000158e+00 8.837890000000000468e-01 3.046875000000000000e+00
5.383299999999999752e-01 2.211914000000000158e+00 8.837890000000000468e-01 3.051757999999999971e+00
5.432129999999999459e-01 2.216797000000000128e+00 8.850099999999999634e-01 3.052979000000000109e+00
5.468750000000000000e-01 2.221680000000000099e+00 8.837890000000000468e-01 3.054199000000000108e+00
5.493160000000000265e-01 2.221680000000000099e+00 8.837890000000000468e-01 3.061523000000000216e+00
5.529789999999999983e-01 2.221680000000000099e+00 8.837890000000000468e-01 3.061523000000000216e+00
5.554200000000000248e-01 2.225341999999999931e+00 8.801269999999999927e-01 3.066406000000000187e+00
5.566410000000000524e-01 2.222900000000000098e+00 8.789059999999999651e-01 3.062743999999999911e+00
5.578610000000000513e-01 2.225341999999999931e+00 8.740229999999999944e-01 3.066406000000000187e+00
5.578610000000000513e-01 2.222900000000000098e+00 8.703610000000000513e-01 3.065186000000000188e+00
5.578610000000000513e-01 2.222900000000000098e+00 8.679200000000000248e-01 3.062743999999999911e+00
5.578610000000000513e-01 2.221680000000000099e+00 8.654789999999999983e-01 3.071289000000000158e+00
5.578610000000000513e-01 2.225341999999999931e+00 8.654789999999999983e-01 3.061523000000000216e+00
5.615229999999999944e-01 2.221680000000000099e+00 8.691410000000000524e-01 3.071289000000000158e+00
5.590819999999999679e-01 2.225341999999999931e+00 8.691410000000000524e-01 3.066406000000000187e+00
5.615229999999999944e-01 2.224120999999999793e+00 8.703610000000000513e-01 3.071289000000000158e+00
5.615229999999999944e-01 2.231444999999999901e+00 8.740229999999999944e-01 3.071289000000000158e+00
5.627440000000000220e-01 2.231444999999999901e+00 8.740229999999999944e-01 3.071289000000000158e+00
5.627440000000000220e-01 2.231444999999999901e+00 8.740229999999999944e-01 3.071289000000000158e+00
5.651859999999999662e-01 2.231444999999999901e+00 8.740229999999999944e-01 3.071289000000000158e+00
5.651859999999999662e-01 2.231444999999999901e+00 8.740229999999999944e-01 3.072509999999999852e+00
5.651859999999999662e-01 2.231444999999999901e+00 8.740229999999999944e-01 3.072509999999999852e+00
5.664059999999999651e-01 2.231444999999999901e+00 8.740229999999999944e-01 3.073729999999999851e+00
5.664059999999999651e-01 2.231444999999999901e+00 8.679200000000000248e-01 3.074950999999999990e+00
5.664059999999999651e-01 2.231444999999999901e+00 8.691410000000000524e-01 3.074950999999999990e+00
5.664059999999999651e-01 2.225341999999999931e+00 8.654789999999999983e-01 3.073729999999999851e+00
5.664059999999999651e-01 2.231444999999999901e+00 8.642579999999999707e-01 3.071289000000000158e+00
5.627440000000000220e-01 2.231444999999999901e+00 8.593750000000000000e-01 3.072509999999999852e+00
5.615229999999999944e-01 2.222900000000000098e+00 8.557129999999999459e-01 3.071289000000000158e+00
5.615229999999999944e-01 2.225341999999999931e+00 8.544920000000000293e-01 3.071289000000000158e+00
5.578610000000000513e-01 2.226563000000000070e+00 8.544920000000000293e-01 3.066406000000000187e+00
5.566410000000000524e-01 2.224120999999999793e+00 8.544920000000000293e-01 3.071289000000000158e+00
5.554200000000000248e-01 2.222900000000000098e+00 8.544920000000000293e-01 3.071289000000000158e+00
5.554200000000000248e-01 2.221680000000000099e+00 8.544920000000000293e-01 3.071289000000000158e+00
5.529789999999999983e-01 2.221680000000000099e+00 8.544920000000000293e-01 3.071289000000000158e+00
5.541989999999999972e-01 2.224120999999999793e+00 8.557129999999999459e-01 3.071289000000000158e+00
5.529789999999999983e-01 2.225341999999999931e+00 8.581539999999999724e-01 3.071289000000000158e+00
5.554200000000000248e-01 2.222900000000000098e+00 8.581539999999999724e-01 3.071289000000000158e+00
5.529789999999999983e-01 2.225341999999999931e+00 8.593750000000000000e-01 3.071289000000000158e+00
5.529789999999999983e-01 2.225341999999999931e+00 8.557129999999999459e-01 3.071289000000000158e+00
5.529789999999999983e-01 2.222900000000000098e+00 8.557129999999999459e-01 3.071289000000000158e+00
5.517579999999999707e-01 2.222900000000000098e+00 8.508299999999999752e-01 3.071289000000000158e+00
5.517579999999999707e-01 2.221680000000000099e+00 8.496089999999999476e-01 3.063965000000000050e+00
5.480960000000000276e-01 2.224120999999999793e+00 8.471680000000000321e-01 3.062743999999999911e+00
5.468750000000000000e-01 2.221680000000000099e+00 8.447270000000000056e-01 3.062743999999999911e+00
5.456539999999999724e-01 2.221680000000000099e+00 8.447270000000000056e-01 3.061523000000000216e+00
5.444339999999999735e-01 2.221680000000000099e+00 8.447270000000000056e-01 3.061523000000000216e+00
5.432129999999999459e-01 2.221680000000000099e+00 8.410640000000000338e-01 3.061523000000000216e+00
5.419920000000000293e-01 2.221680000000000099e+00 8.398440000000000349e-01 3.061523000000000216e+00
5.419920000000000293e-01 2.213134999999999852e+00 8.361819999999999808e-01 3.065186000000000188e+00
5.383299999999999752e-01 2.211914000000000158e+00 8.349609999999999532e-01 3.054199000000000108e+00
5.371089999999999476e-01 2.211914000000000158e+00 8.349609999999999532e-01 3.052979000000000109e+00
5.334470000000000045e-01 2.211914000000000158e+00 8.312990000000000101e-01 3.054199000000000108e+00
5.334470000000000045e-01 2.208251999999999882e+00 8.276369999999999560e-01 3.052979000000000109e+00
5.322270000000000056e-01 2.211914000000000158e+00 8.264160000000000394e-01 3.051757999999999971e+00
5.285640000000000338e-01 2.203368999999999911e+00 8.251950000000000118e-01 3.051757999999999971e+00
5.285640000000000338e-01 2.202148000000000216e+00 8.251950000000000118e-01 3.051757999999999971e+00
5.236819999999999808e-01 2.202148000000000216e+00 8.215329999999999577e-01 3.043213000000000168e+00
5.224609999999999532e-01 2.202148000000000216e+00 8.203129999999999589e-01 3.041992000000000029e+00
5.224609999999999532e-01 2.202148000000000216e+00 8.190920000000000423e-01 3.041992000000000029e+00
5.187990000000000101e-01 2.202148000000000216e+00 8.190920000000000423e-01 3.041992000000000029e+00
5.187990000000000101e-01 2.193604000000000109e+00 8.166499999999999870e-01 3.044433999999999862e+00
5.163569999999999549e-01 2.193604000000000109e+00 8.166499999999999870e-01 3.046875000000000000e+00
5.139160000000000394e-01 2.192382999999999971e+00 8.166499999999999870e-01 3.041992000000000029e+00
5.126950000000000118e-01 2.192382999999999971e+00 8.154299999999999882e-01 3.033446999999999782e+00
5.126950000000000118e-01 2.192382999999999971e+00 8.154299999999999882e-01 3.033446999999999782e+00
5.126950000000000118e-01 2.192382999999999971e+00 8.154299999999999882e-01 3.034667999999999921e+00
5.090329999999999577e-01 2.192382999999999971e+00 8.154299999999999882e-01 3.032226999999999784e+00
5.090329999999999577e-01 2.192382999999999971e+00 8.154299999999999882e-01 3.034667999999999921e+00
5.090329999999999577e-01 2.192382999999999971e+00 8.154299999999999882e-01 3.032226999999999784e+00
5.078129999999999589e-01 2.186278999999999861e+00 8.166499999999999870e-01 3.032226999999999784e+00
5.078129999999999589e-01 2.192382999999999971e+00 8.178710000000000147e-01 3.034667999999999921e+00
5.078129999999999589e-01 2.192382999999999971e+00 8.190920000000000423e-01 3.033446999999999782e+00
5.090329999999999577e-01 2.192382999999999971e+00 8.190920000000000423e-01 3.032226999999999784e+00
5.090329999999999577e-01 2.186278999999999861e+00 8.215329999999999577e-01 3.032226999999999784e+00
5.126950000000000118e-01 2.192382999999999971e+00 8.251950000000000118e-01 3.032226999999999784e+00
5.090329999999999577e-01 2.192382999999999971e+00 8.251950000000000118e-01 3.032226999999999784e+00
5.126950000000000118e-01 2.192382999999999971e+00 8.251950000000000118e-01 3.034667999999999921e+00
5.126950000000000118e-01 2.192382999999999971e+00 8.251950000000000118e-01 3.033446999999999782e+00
5.090329999999999577e-01 2.196044999999999803e+00 8.251950000000000118e-01 3.034667999999999921e+00
5.090329999999999577e-01 2.192382999999999971e+00 8.251950000000000118e-01 3.035889000000000060e+00
5.126950000000000118e-01 2.192382999999999971e+00 8.251950000000000118e-01 3.033446999999999782e+00
5.102539999999999853e-01 2.192382999999999971e+00 8.251950000000000118e-01 3.035889000000000060e+00
5.090329999999999577e-01 2.192382999999999971e+00 8.251950000000000118e-01 3.034667999999999921e+00
5.090329999999999577e-01 2.192382999999999971e+00 8.251950000000000118e-01 3.033446999999999782e+00
5.090329999999999577e-01 2.192382999999999971e+00 8.251950000000000118e-01 3.033446999999999782e+00
5.126950000000000118e-01 2.192382999999999971e+00 8.264160000000000394e-01 3.033446999999999782e+00
5.090329999999999577e-01 2.192382999999999971e+00 8.264160000000000394e-01 3.034667999999999921e+00
5.102539999999999853e-01 2.193604000000000109e+00 8.264160000000000394e-01 3.035889000000000060e+00
5.126950000000000118e-01 2.192382999999999971e+00 8.276369999999999560e-01 3.037109000000000059e+00
5.126950000000000118e-01 2.194824000000000108e+00 8.288569999999999549e-01 3.034667999999999921e+00
5.126950000000000118e-01 2.192382999999999971e+00 8.288569999999999549e-01 3.035889000000000060e+00
5.126950000000000118e-01 2.192382999999999971e+00 8.312990000000000101e-01 3.035889000000000060e+00
5.139160000000000394e-01 2.193604000000000109e+00 8.349609999999999532e-01 3.043213000000000168e+00
5.139160000000000394e-01 2.196044999999999803e+00 8.361819999999999808e-01 3.038330000000000197e+00
5.163569999999999549e-01 2.196044999999999803e+00 8.398440000000000349e-01 3.046875000000000000e+00
5.187990000000000101e-01 2.196044999999999803e+00 8.447270000000000056e-01 3.046875000000000000e+00
5.224609999999999532e-01 2.202148000000000216e+00 8.459470000000000045e-01 3.046875000000000000e+00
5.224609999999999532e-01 2.203368999999999911e+00 8.496089999999999476e-01 3.051757999999999971e+00
5.249019999999999797e-01 2.203368999999999911e+00 8.508299999999999752e-01 3.051757999999999971e+00
5.273440000000000349e-01 2.207031000000000187e+00 8.544920000000000293e-01 3.051757999999999971e+00
5.285640000000000338e-01 2.211914000000000158e+00 8.557129999999999459e-01 3.054199000000000108e+00
5.322270000000000056e-01 2.211914000000000158e+00 8.557129999999999459e-01 3.052979000000000109e+00
5.322270000000000056e-01 2.211914000000000158e+00 8.557129999999999459e-01 3.061523000000000216e+00
5.334470000000000045e-01 2.211914000000000158e+00 8.557129999999999459e-01 3.061523000000000216e+00
5.358889999999999487e-01 2.213134999999999852e+00 8.557129999999999459e-01 3.061523000000000216e+00
5.358889999999999487e-01 2.214354999999999851e+00 8.544920000000000293e-01 3.061523000000000216e+00
5.371089999999999476e-01 2.214354999999999851e+00 8.544920000000000293e-01 3.061523000000000216e+00
5.371089999999999476e-01 2.215575999999999990e+00 8.508299999999999752e-01 3.061523000000000216e+00
5.358889999999999487e-01 2.211914000000000158e+00 8.471680000000000321e-01 3.061523000000000216e+00
5.346680000000000321e-01 2.213134999999999852e+00 8.447270000000000056e-01 3.061523000000000216e+00
5.322270000000000056e-01 2.211914000000000158e+00 8.398440000000000349e-01 3.061523000000000216e+00
5.322270000000000056e-01 2.211914000000000158e+00 8.398440000000000349e-01 3.061523000000000216e+00
5.322270000000000056e-01 2.207031000000000187e+00 8.361819999999999808e-01 3.054199000000000108e+00
5.285640000000000338e-01 2.211914000000000158e+00 8.361819999999999808e-01 3.052979000000000109e+00
5.273440000000000349e-01 2.207031000000000187e+00 8.349609999999999532e-01 3.051757999999999971e+00
5.273440000000000349e-01 2.207031000000000187e+00 8.349609999999999532e-01 3.051757999999999971e+00
5.261230000000000073e-01 2.203368999999999911e+00 8.349609999999999532e-01 3.050536999999999832e+00
5.273440000000000349e-01 2.203368999999999911e+00 8.349609999999999532e-01 3.051757999999999971e+00
5.236819999999999808e-01 2.203368999999999911e+00 8.349609999999999532e-01 3.051757999999999971e+00
5.236819999999999808e-01 2.203368999999999911e+00 8.349609999999999532e-01 3.051757999999999971e+00
5.261230000000000073e-01 2.203368999999999911e+00 8.349609999999999532e-01 3.051757999999999971e+00
5.261230000000000073e-01 2.208251999999999882e+00 8.349609999999999532e-01 3.051757999999999971e+00
5.249019999999999797e-01 2.211914000000000158e+00 8.361819999999999808e-01 3.051757999999999971e+00
5.261230000000000073e-01 2.205811000000000188e+00 8.361819999999999808e-01 3.051757999999999971e+00
5.261230000000000073e-01 2.205811000000000188e+00 8.349609999999999532e-01 3.051757999999999971e+00
5.249019999999999797e-01 2.207031000000000187e+00 8.361819999999999808e-01 3.051757999999999971e+00
5.273440000000000349e-01 2.209473000000000020e+00 8.349609999999999532e-01 3.051757999999999971e+00
5.236819999999999808e-01 2.203368999999999911e+00 8.349609999999999532e-01 3.051757999999999971e+00
5.236819999999999808e-01 2.211914000000000158e+00 8.361819999999999808e-01 3.051757999999999971e+00
5.224609999999999532e-01 2.207031000000000187e+00 8.312990000000000101e-01 3.051757999999999971e+00
5.224609999999999532e-01 2.202148000000000216e+00 8.276369999999999560e-01 3.046875000000000000e+00
5.224609999999999532e-01 2.202148000000000216e+00 8.264160000000000394e-01 3.046875000000000000e+00
5.187990000000000101e-01 2.202148000000000216e+00 8.251950000000000118e-01 3.045653999999999861e+00
5.175779999999999825e-01 2.202148000000000216e+00 8.251950000000000118e-01 3.041992000000000029e+00
5.126950000000000118e-01 2.192382999999999971e+00 8.154299999999999882e-01 3.041992000000000029e+00
5.090329999999999577e-01 2.192382999999999971e+00 8.154299999999999882e-01 3.034667999999999921e+00
5.078129999999999589e-01 2.192382999999999971e+00 8.093259999999999899e-01 3.033446999999999782e+00
5.053710000000000147e-01 2.189941000000000138e+00 8.068849999999999634e-01 3.033446999999999782e+00
5.029299999999999882e-01 2.183838000000000168e+00 8.056640000000000468e-01 3.033446999999999782e+00
4.992679999999999896e-01 2.182617000000000029e+00 8.020019999999999927e-01 3.028563999999999812e+00
4.968259999999999899e-01 2.183838000000000168e+00 8.007809999999999651e-01 3.024901999999999980e+00
4.931639999999999913e-01 2.174071999999999782e+00 8.007809999999999651e-01 3.022460999999999842e+00
4.931639999999999913e-01 2.174071999999999782e+00 8.056640000000000468e-01 3.022460999999999842e+00
4.931639999999999913e-01 2.172851999999999784e+00 8.056640000000000468e-01 3.022460999999999842e+00
4.931639999999999913e-01 2.172851999999999784e+00 8.068849999999999634e-01 3.022460999999999842e+00
4.931639999999999913e-01 2.174071999999999782e+00 8.129880000000000440e-01 3.022460999999999842e+00
4.931639999999999913e-01 2.175292999999999921e+00 8.154299999999999882e-01 3.022460999999999842e+00
4.931639999999999913e-01 2.176514000000000060e+00 8.154299999999999882e-01 3.022460999999999842e+00
4.931639999999999913e-01 2.176514000000000060e+00 8.166499999999999870e-01 3.023681999999999981e+00
4.931639999999999913e-01 2.174071999999999782e+00 8.154299999999999882e-01 3.023681999999999981e+00
4.931639999999999913e-01 2.176514000000000060e+00 8.166499999999999870e-01 3.023681999999999981e+00
4.931639999999999913e-01 2.176514000000000060e+00 8.166499999999999870e-01 3.024901999999999980e+00
4.931639999999999913e-01 2.176514000000000060e+00 8.154299999999999882e-01 3.023681999999999981e+00
4.931639999999999913e-01 2.175292999999999921e+00 8.154299999999999882e-01 3.023681999999999981e+00
4.895019999999999927e-01 2.176514000000000060e+00 8.154299999999999882e-01 3.022460999999999842e+00
4.895019999999999927e-01 2.174071999999999782e+00 8.117680000000000451e-01 3.022460999999999842e+00
4.882810000000000206e-01 2.174071999999999782e+00 8.105470000000000175e-01 3.022460999999999842e+00
4.870610000000000217e-01 2.172851999999999784e+00 8.068849999999999634e-01 3.023681999999999981e+00
4.858399999999999941e-01 2.172851999999999784e+00 8.068849999999999634e-01 3.022460999999999842e+00
4.833979999999999944e-01 2.172851999999999784e+00 8.056640000000000468e-01 3.022460999999999842e+00
4.833979999999999944e-01 2.172851999999999784e+00 8.056640000000000468e-01 3.016357000000000177e+00
4.833979999999999944e-01 2.172851999999999784e+00 8.056640000000000468e-01 3.015137000000000178e+00
4.797359999999999958e-01 2.172851999999999784e+00 8.020019999999999927e-01 3.013916000000000039e+00
4.772950000000000248e-01 2.166748000000000118e+00 8.007809999999999651e-01 3.012694999999999901e+00
4.748539999999999983e-01 2.164306999999999981e+00 7.995609999999999662e-01 3.012694999999999901e+00
4.736330000000000262e-01 2.163085999999999842e+00 7.958979999999999944e-01 3.012694999999999901e+00
4.699710000000000276e-01 2.163085999999999842e+00 7.958979999999999944e-01 3.006591999999999931e+00
4.699710000000000276e-01 2.163085999999999842e+00 7.958979999999999944e-01 3.006591999999999931e+00
4.687500000000000000e-01 2.163085999999999842e+00 7.958979999999999944e-01 3.006591999999999931e+00
4.675289999999999724e-01 2.155762000000000178e+00 7.897950000000000248e-01 3.004150000000000098e+00
4.650880000000000014e-01 2.154541000000000039e+00 7.873539999999999983e-01 3.002930000000000099e+00
4.638669999999999738e-01 2.153319999999999901e+00 7.873539999999999983e-01 3.002930000000000099e+00
4.602049999999999752e-01 2.153319999999999901e+00 7.824710000000000276e-01 3.002930000000000099e+00
4.553220000000000045e-01 2.144775000000000098e+00 7.800289999999999724e-01 2.994384999999999852e+00
4.541020000000000056e-01 2.143555000000000099e+00 7.775879999999999459e-01 2.993164000000000158e+00
4.492189999999999794e-01 2.143555000000000099e+00 7.763670000000000293e-01 2.993164000000000158e+00
4.455569999999999808e-01 2.135009999999999852e+00 7.727049999999999752e-01 2.988281000000000187e+00
4.443360000000000087e-01 2.135009999999999852e+00 7.727049999999999752e-01 2.985840000000000050e+00
4.406740000000000101e-01 2.133789000000000158e+00 7.702639999999999487e-01 2.983398000000000216e+00
4.382320000000000104e-01 2.133789000000000158e+00 7.678220000000000045e-01 2.983398000000000216e+00
4.357909999999999839e-01 2.127686000000000188e+00 7.666020000000000056e-01 2.977294999999999803e+00
4.345700000000000118e-01 2.125243999999999911e+00 7.666020000000000056e-01 2.974854000000000109e+00
4.309080000000000132e-01 2.124023000000000216e+00 7.666020000000000056e-01 2.973632999999999971e+00
4.296880000000000144e-01 2.124023000000000216e+00 7.666020000000000056e-01 2.973632999999999971e+00
4.284669999999999868e-01 2.124023000000000216e+00 7.666020000000000056e-01 2.973632999999999971e+00
4.272460000000000147e-01 2.119140999999999941e+00 7.666020000000000056e-01 2.969971000000000139e+00
4.260249999999999870e-01 2.116699000000000108e+00 7.666020000000000056e-01 2.968750000000000000e+00
4.248049999999999882e-01 2.115479000000000109e+00 7.666020000000000056e-01 2.971191000000000138e+00
4.211429999999999896e-01 2.114257999999999971e+00 7.666020000000000056e-01 2.963867000000000029e+00
