1.562500000000000000e-01 1.762694999999999901e+00 6.518549999999999622e-01 2.526854999999999851e+00
1.562500000000000000e-01 1.762694999999999901e+00 6.506349999999999634e-01 2.534180000000000099e+00
1.574709999999999999e-01 1.762694999999999901e+00 6.530759999999999899e-01 2.534180000000000099e+00
1.574709999999999999e-01 1.763916000000000039e+00 6.555180000000000451e-01 2.528075999999999990e+00
1.574709999999999999e-01 1.763916000000000039e+00 6.555180000000000451e-01 2.534180000000000099e+00
1.599119999999999986e-01 1.763916000000000039e+00 6.591799999999999882e-01 2.534180000000000099e+00
1.611329999999999985e-01 1.766356999999999955e+00 6.603999999999999870e-01 2.534180000000000099e+00
1.635739999999999972e-01 1.772461000000000064e+00 6.628420000000000423e-01 2.534180000000000099e+00
1.647949999999999970e-01 1.772461000000000064e+00 6.689450000000000118e-01 2.537841999999999931e+00
1.672359999999999958e-01 1.773681999999999981e+00 6.701660000000000394e-01 2.543944999999999901e+00
1.708979999999999944e-01 1.782227000000000006e+00 6.750490000000000101e-01 2.547607000000000177e+00
1.733399999999999941e-01 1.783447000000000005e+00 6.799319999999999808e-01 2.553710999999999842e+00
1.782229999999999925e-01 1.791992000000000029e+00 6.884770000000000056e-01 2.558593999999999813e+00
1.818849999999999911e-01 1.791992000000000029e+00 6.896970000000000045e-01 2.563476999999999784e+00
1.867679999999999896e-01 1.801757999999999971e+00 6.982420000000000293e-01 2.573242000000000029e+00
1.928709999999999869e-01 1.806640999999999941e+00 7.031250000000000000e-01 2.578125000000000000e+00
1.965330000000000132e-01 1.811522999999999994e+00 7.080079999999999707e-01 2.584229000000000109e+00
1.965330000000000132e-01 1.811522999999999994e+00 7.080079999999999707e-01 2.584229000000000109e+00
2.038570000000000104e-01 1.821288999999999936e+00 7.092289999999999983e-01 2.592773000000000216e+00
2.099610000000000087e-01 1.824950999999999990e+00 7.141110000000000513e-01 2.602539000000000158e+00
2.160640000000000061e-01 1.832275000000000098e+00 7.189940000000000220e-01 2.612305000000000099e+00
2.209470000000000045e-01 1.840819999999999901e+00 7.238769999999999927e-01 2.622069999999999901e+00
2.294920000000000015e-01 1.850586000000000064e+00 7.324220000000000175e-01 2.625732000000000177e+00
2.392579999999999985e-01 1.860352000000000006e+00 7.470700000000000118e-01 2.641601999999999784e+00
2.502440000000000220e-01 1.873779000000000083e+00 7.580569999999999808e-01 2.652588000000000168e+00
2.648929999999999896e-01 1.890868999999999911e+00 7.727049999999999752e-01 2.670898000000000216e+00
2.795409999999999839e-01 1.909180000000000099e+00 7.873539999999999983e-01 2.690430000000000099e+00
2.978520000000000056e-01 1.928711000000000064e+00 8.056640000000000468e-01 2.709960999999999842e+00
3.137210000000000276e-01 1.948242000000000029e+00 8.251950000000000118e-01 2.730713000000000168e+00
3.332519999999999927e-01 1.970215000000000050e+00 8.410640000000000338e-01 2.750243999999999911e+00
3.564450000000000118e-01 1.990966999999999931e+00 8.593750000000000000e-01 2.778319999999999901e+00
3.771970000000000045e-01 2.016601999999999784e+00 8.776859999999999662e-01 2.801514000000000060e+00
4.003909999999999969e-01 2.037354000000000109e+00 8.959960000000000147e-01 2.827148000000000216e+00
4.248049999999999882e-01 2.065430000000000099e+00 9.143069999999999808e-01 2.850341999999999931e+00
4.479980000000000073e-01 2.084960999999999842e+00 9.326170000000000293e-01 2.878417999999999921e+00
4.699710000000000276e-01 2.114257999999999971e+00 9.460450000000000248e-01 2.905273000000000216e+00
5.151369999999999560e-01 2.153319999999999901e+00 9.716799999999999882e-01 2.946776999999999980e+00
5.371089999999999476e-01 2.172851999999999784e+00 9.851069999999999549e-01 2.968750000000000000e+00
5.566410000000000524e-01 2.192382999999999971e+00 9.960940000000000349e-01 2.993164000000000158e+00
5.761720000000000175e-01 2.211914000000000158e+00 1.008300999999999892e+00 3.012694999999999901e+00
5.944819999999999549e-01 2.231444999999999901e+00 1.020507999999999971e+00 3.032226999999999784e+00
6.115720000000000045e-01 2.250976999999999784e+00 1.030272999999999994e+00 3.051757999999999971e+00
6.298829999999999707e-01 2.265625000000000000e+00 1.040038999999999936e+00 3.062743999999999911e+00
6.628420000000000423e-01 2.299805000000000099e+00 1.059569999999999901e+00 3.100585999999999842e+00
6.787109999999999532e-01 2.319335999999999842e+00 1.069336000000000064e+00 3.114014000000000060e+00
6.909180000000000321e-01 2.329101999999999784e+00 1.079102000000000006e+00 3.129882999999999971e+00
7.055660000000000265e-01 2.348632999999999971e+00 1.086425999999999892e+00 3.139648000000000216e+00
7.189940000000000220e-01 2.359618999999999911e+00 1.093750000000000000e+00 3.159180000000000099e+00
7.312009999999999899e-01 2.377930000000000099e+00 1.099854000000000109e+00 3.168944999999999901e+00
7.421879999999999589e-01 2.388916000000000039e+00 1.108397999999999994e+00 3.181151999999999980e+00
7.666020000000000056e-01 2.416992000000000029e+00 1.127930000000000099e+00 3.204346000000000139e+00
7.788089999999999735e-01 2.426757999999999971e+00 1.137694999999999901e+00 3.217773000000000216e+00
7.922360000000000513e-01 2.440186000000000188e+00 1.141356999999999955e+00 3.229979999999999851e+00
8.007809999999999651e-01 2.447509999999999852e+00 1.143799000000000010e+00 3.238525000000000098e+00
8.068849999999999634e-01 2.457275000000000098e+00 1.143799000000000010e+00 3.247069999999999901e+00
8.154299999999999882e-01 2.465819999999999901e+00 1.138916000000000039e+00 3.250732000000000177e+00
8.178710000000000147e-01 2.469482000000000177e+00 1.137694999999999901e+00 3.256835999999999842e+00
8.203129999999999589e-01 2.475585999999999842e+00 1.130371000000000015e+00 3.259276999999999980e+00
8.251950000000000118e-01 2.475585999999999842e+00 1.127930000000000099e+00 3.266601999999999784e+00
8.251950000000000118e-01 2.479248000000000118e+00 1.119385000000000074e+00 3.267821999999999782e+00
8.251950000000000118e-01 2.485351999999999784e+00 1.118163999999999936e+00 3.269042999999999921e+00
8.288569999999999549e-01 2.485351999999999784e+00 1.123046999999999906e+00 3.276367000000000029e+00
8.349609999999999532e-01 2.495117000000000029e+00 1.127930000000000099e+00 3.281250000000000000e+00
8.361819999999999808e-01 2.500000000000000000e+00 1.127930000000000099e+00 3.286132999999999971e+00
8.410640000000000338e-01 2.498778999999999861e+00 1.131591999999999931e+00 3.286132999999999971e+00
8.447270000000000056e-01 2.504882999999999971e+00 1.132813000000000070e+00 3.288574000000000108e+00
8.544920000000000293e-01 2.514648000000000216e+00 1.132813000000000070e+00 3.305664000000000158e+00
8.544920000000000293e-01 2.514648000000000216e+00 1.129150000000000098e+00 3.305664000000000158e+00
8.557129999999999459e-01 2.517090000000000050e+00 1.129150000000000098e+00 3.305664000000000158e+00
8.593750000000000000e-01 2.524414000000000158e+00 1.127930000000000099e+00 3.305664000000000158e+00
8.593750000000000000e-01 2.524414000000000158e+00 1.127930000000000099e+00 3.315430000000000099e+00
8.593750000000000000e-01 2.525634999999999852e+00 1.127930000000000099e+00 3.315430000000000099e+00
8.642579999999999707e-01 2.524414000000000158e+00 1.119385000000000074e+00 3.315430000000000099e+00
8.605960000000000276e-01 2.526854999999999851e+00 1.118163999999999936e+00 3.315430000000000099e+00
8.605960000000000276e-01 2.526854999999999851e+00 1.108397999999999994e+00 3.316650000000000098e+00
8.593750000000000000e-01 2.524414000000000158e+00 1.103515999999999941e+00 3.320313000000000070e+00
8.557129999999999459e-01 2.524414000000000158e+00 1.098632999999999971e+00 3.316650000000000098e+00
8.544920000000000293e-01 2.524414000000000158e+00 1.088867000000000029e+00 3.315430000000000099e+00
8.483889999999999487e-01 2.524414000000000158e+00 1.079102000000000006e+00 3.315430000000000099e+00
8.447270000000000056e-01 2.524414000000000158e+00 1.069336000000000064e+00 3.308104999999999851e+00
8.410640000000000338e-01 2.514648000000000216e+00 1.059569999999999901e+00 3.305664000000000158e+00
8.349609999999999532e-01 2.507324000000000108e+00 1.049805000000000099e+00 3.298340000000000050e+00
8.264160000000000394e-01 2.506104000000000109e+00 1.040038999999999936e+00 3.297118999999999911e+00
8.190920000000000423e-01 2.497558999999999862e+00 1.030272999999999994e+00 3.289794999999999803e+00
8.117680000000000451e-01 2.495117000000000029e+00 1.020507999999999971e+00 3.287354000000000109e+00
8.056640000000000468e-01 2.486571999999999782e+00 1.010742000000000029e+00 3.281250000000000000e+00
8.007809999999999651e-01 2.485351999999999784e+00 1.000977000000000006e+00 3.276367000000000029e+00
7.897950000000000248e-01 2.475585999999999842e+00 9.912109999999999532e-01 3.270264000000000060e+00
7.812500000000000000e-01 2.467041000000000039e+00 9.814450000000000118e-01 3.266601999999999784e+00
7.763670000000000293e-01 2.459716999999999931e+00 9.680180000000000451e-01 3.256835999999999842e+00
7.568359999999999532e-01 2.447509999999999852e+00 9.509279999999999955e-01 3.247069999999999901e+00
7.470700000000000118e-01 2.440186000000000188e+00 9.423829999999999707e-01 3.237305000000000099e+00
7.373049999999999882e-01 2.430419999999999803e+00 9.338379999999999459e-01 3.231200999999999990e+00
7.275390000000000468e-01 2.426757999999999971e+00 9.277339999999999476e-01 3.228759999999999852e+00
7.189940000000000220e-01 2.421875000000000000e+00 9.240720000000000045e-01 3.217773000000000216e+00
7.104489999999999972e-01 2.416992000000000029e+00 9.143069999999999808e-01 3.217773000000000216e+00
7.031250000000000000e-01 2.407226999999999784e+00 9.094240000000000101e-01 3.211669999999999803e+00
6.884770000000000056e-01 2.397460999999999842e+00 8.996579999999999577e-01 3.198242000000000029e+00
6.799319999999999808e-01 2.388916000000000039e+00 8.947749999999999870e-01 3.198242000000000029e+00
6.738279999999999825e-01 2.387694999999999901e+00 8.898930000000000451e-01 3.188476999999999784e+00
6.689450000000000118e-01 2.381591999999999931e+00 8.850099999999999634e-01 3.183593999999999813e+00
6.591799999999999882e-01 2.377930000000000099e+00 8.789059999999999651e-01 3.172607000000000177e+00
6.530759999999999899e-01 2.368164000000000158e+00 8.740229999999999944e-01 3.171387000000000178e+00
6.457519999999999927e-01 2.359618999999999911e+00 8.679200000000000248e-01 3.168944999999999901e+00
6.396479999999999944e-01 2.354735999999999940e+00 8.642579999999999707e-01 3.160400000000000098e+00
6.298829999999999707e-01 2.348632999999999971e+00 8.593750000000000000e-01 3.159180000000000099e+00
6.237789999999999724e-01 2.343750000000000000e+00 8.544920000000000293e-01 3.150634999999999852e+00
6.164549999999999752e-01 2.338867000000000029e+00 8.483889999999999487e-01 3.149414000000000158e+00
6.103520000000000056e-01 2.330321999999999782e+00 8.447270000000000056e-01 3.139648000000000216e+00
6.018069999999999808e-01 2.329101999999999784e+00 8.422849999999999504e-01 3.139648000000000216e+00
5.944819999999999549e-01 2.320556999999999981e+00 8.361819999999999808e-01 3.129882999999999971e+00
5.871579999999999577e-01 2.313232000000000177e+00 8.349609999999999532e-01 3.125000000000000000e+00
5.810549999999999882e-01 2.309569999999999901e+00 8.312990000000000101e-01 3.120117000000000029e+00
5.725099999999999634e-01 2.309569999999999901e+00 8.264160000000000394e-01 3.114014000000000060e+00
5.664059999999999651e-01 2.299805000000000099e+00 8.251950000000000118e-01 3.110351999999999784e+00
5.603029999999999955e-01 2.294922000000000128e+00 8.215329999999999577e-01 3.110351999999999784e+00
5.529789999999999983e-01 2.291259999999999852e+00 8.190920000000000423e-01 3.101806999999999981e+00
5.480960000000000276e-01 2.285156000000000187e+00 8.166499999999999870e-01 3.105468999999999813e+00
5.432129999999999459e-01 2.281493999999999911e+00 8.166499999999999870e-01 3.092041000000000039e+00
5.371089999999999476e-01 2.280273000000000216e+00 8.154299999999999882e-01 3.090819999999999901e+00
5.322270000000000056e-01 2.275390999999999941e+00 8.154299999999999882e-01 3.083495999999999793e+00
5.285640000000000338e-01 2.271729000000000109e+00 8.154299999999999882e-01 3.083495999999999793e+00
5.224609999999999532e-01 2.270507999999999971e+00 8.154299999999999882e-01 3.081055000000000099e+00
5.187990000000000101e-01 2.265625000000000000e+00 8.154299999999999882e-01 3.074950999999999990e+00
5.139160000000000394e-01 2.260742000000000029e+00 8.117680000000000451e-01 3.071289000000000158e+00
5.126950000000000118e-01 2.260742000000000029e+00 8.117680000000000451e-01 3.071289000000000158e+00
5.078129999999999589e-01 2.255859000000000059e+00 8.117680000000000451e-01 3.071289000000000158e+00
5.041499999999999870e-01 2.253417999999999921e+00 8.117680000000000451e-01 3.071289000000000158e+00
5.029299999999999882e-01 2.252196999999999782e+00 8.117680000000000451e-01 3.065186000000000188e+00
4.992679999999999896e-01 2.250976999999999784e+00 8.117680000000000451e-01 3.061523000000000216e+00
4.956050000000000177e-01 2.250976999999999784e+00 8.154299999999999882e-01 3.061523000000000216e+00
4.956050000000000177e-01 2.250976999999999784e+00 8.154299999999999882e-01 3.061523000000000216e+00
4.943850000000000189e-01 2.250976999999999784e+00 8.154299999999999882e-01 3.063965000000000050e+00
4.907230000000000203e-01 2.250976999999999784e+00 8.154299999999999882e-01 3.066406000000000187e+00
4.882810000000000206e-01 2.241210999999999842e+00 8.154299999999999882e-01 3.054199000000000108e+00
4.846190000000000220e-01 2.241210999999999842e+00 8.117680000000000451e-01 3.052979000000000109e+00
4.846190000000000220e-01 2.241210999999999842e+00 8.093259999999999899e-01 3.051757999999999971e+00
4.797359999999999958e-01 2.241210999999999842e+00 8.081049999999999622e-01 3.051757999999999971e+00
4.785159999999999969e-01 2.232666000000000039e+00 8.068849999999999634e-01 3.051757999999999971e+00
4.748539999999999983e-01 2.232666000000000039e+00 8.068849999999999634e-01 3.051757999999999971e+00
4.736330000000000262e-01 2.231444999999999901e+00 8.056640000000000468e-01 3.051757999999999971e+00
4.699710000000000276e-01 2.231444999999999901e+00 8.056640000000000468e-01 3.043213000000000168e+00
4.699710000000000276e-01 2.224120999999999793e+00 8.056640000000000468e-01 3.041992000000000029e+00
4.663089999999999735e-01 2.221680000000000099e+00 8.056640000000000468e-01 3.037109000000000059e+00
4.638669999999999738e-01 2.221680000000000099e+00 8.007809999999999651e-01 3.041992000000000029e+00
4.638669999999999738e-01 2.221680000000000099e+00 8.007809999999999651e-01 3.037109000000000059e+00
4.577640000000000042e-01 2.216797000000000128e+00 7.995609999999999662e-01 3.033446999999999782e+00
4.565429999999999766e-01 2.214354999999999851e+00 7.958979999999999944e-01 3.032226999999999784e+00
4.541020000000000056e-01 2.216797000000000128e+00 7.934569999999999679e-01 3.032226999999999784e+00
4.504389999999999783e-01 2.211914000000000158e+00 7.910160000000000524e-01 3.024901999999999980e+00
4.492189999999999794e-01 2.211914000000000158e+00 7.897950000000000248e-01 3.022460999999999842e+00
4.455569999999999808e-01 2.202148000000000216e+00 7.873539999999999983e-01 3.022460999999999842e+00
4.443360000000000087e-01 2.202148000000000216e+00 7.824710000000000276e-01 3.017577999999999872e+00
4.406740000000000101e-01 2.194824000000000108e+00 7.800289999999999724e-01 3.017577999999999872e+00
4.357909999999999839e-01 2.192382999999999971e+00 7.763670000000000293e-01 3.006591999999999931e+00
4.309080000000000132e-01 2.192382999999999971e+00 7.727049999999999752e-01 3.012694999999999901e+00
4.284669999999999868e-01 2.187500000000000000e+00 7.690430000000000321e-01 3.005370999999999793e+00
4.248049999999999882e-01 2.182617000000000029e+00 7.666020000000000056e-01 3.002930000000000099e+00
4.199220000000000175e-01 2.176514000000000060e+00 7.629390000000000338e-01 2.996825999999999990e+00
4.162600000000000189e-01 2.172851999999999784e+00 7.580569999999999808e-01 2.993164000000000158e+00
4.113769999999999927e-01 2.172851999999999784e+00 7.568359999999999532e-01 2.993164000000000158e+00
4.064940000000000220e-01 2.163085999999999842e+00 7.531740000000000101e-01 2.984618999999999911e+00
4.028320000000000234e-01 2.163085999999999842e+00 7.482910000000000394e-01 2.983398000000000216e+00
3.979489999999999972e-01 2.154541000000000039e+00 7.470700000000000118e-01 2.976074000000000108e+00
3.930660000000000265e-01 2.153319999999999901e+00 7.434079999999999577e-01 2.973632999999999971e+00
3.894039999999999724e-01 2.147216999999999931e+00 7.409670000000000423e-01 2.974854000000000109e+00
3.857419999999999738e-01 2.143555000000000099e+00 7.385249999999999870e-01 2.973632999999999971e+00
3.808590000000000031e-01 2.143555000000000099e+00 7.373049999999999882e-01 2.963867000000000029e+00
3.759770000000000056e-01 2.133789000000000158e+00 7.373049999999999882e-01 2.963867000000000029e+00
3.723139999999999783e-01 2.133789000000000158e+00 7.324220000000000175e-01 2.954101999999999784e+00
3.674319999999999808e-01 2.128906000000000187e+00 7.312009999999999899e-01 2.954101999999999784e+00
3.625490000000000101e-01 2.124023000000000216e+00 7.287599999999999634e-01 2.954101999999999784e+00
3.576659999999999839e-01 2.124023000000000216e+00 7.275390000000000468e-01 2.944335999999999842e+00
3.527830000000000132e-01 2.115479000000000109e+00 7.275390000000000468e-01 2.944335999999999842e+00
3.503419999999999868e-01 2.114257999999999971e+00 7.238769999999999927e-01 2.937012000000000178e+00
3.466799999999999882e-01 2.109375000000000000e+00 7.226559999999999651e-01 2.934569999999999901e+00
3.430179999999999896e-01 2.104492000000000029e+00 7.214359999999999662e-01 2.928466999999999931e+00
3.381350000000000189e-01 2.104492000000000029e+00 7.189940000000000220e-01 2.926025000000000098e+00
3.344730000000000203e-01 2.095946999999999782e+00 7.177729999999999944e-01 2.928466999999999931e+00
3.308110000000000217e-01 2.094726999999999784e+00 7.177729999999999944e-01 2.924805000000000099e+00
3.271479999999999944e-01 2.094726999999999784e+00 7.177729999999999944e-01 2.915039000000000158e+00
3.234859999999999958e-01 2.089843999999999813e+00 7.141110000000000513e-01 2.915039000000000158e+00
3.198239999999999972e-01 2.084960999999999842e+00 7.128910000000000524e-01 2.907715000000000050e+00
3.173830000000000262e-01 2.084960999999999842e+00 7.128910000000000524e-01 2.905273000000000216e+00
3.137210000000000276e-01 2.080077999999999872e+00 7.116700000000000248e-01 2.905273000000000216e+00
3.112789999999999724e-01 2.077637000000000178e+00 7.116700000000000248e-01 2.907715000000000050e+00
3.112789999999999724e-01 2.077637000000000178e+00 7.116700000000000248e-01 2.907715000000000050e+00
3.088380000000000014e-01 2.075194999999999901e+00 7.116700000000000248e-01 2.897949000000000108e+00
3.076169999999999738e-01 2.075194999999999901e+00 7.128910000000000524e-01 2.896729000000000109e+00
3.051760000000000028e-01 2.075194999999999901e+00 7.141110000000000513e-01 2.895507999999999971e+00
3.063960000000000017e-01 2.075194999999999901e+00 7.177729999999999944e-01 2.895507999999999971e+00
3.051760000000000028e-01 2.066650000000000098e+00 7.189940000000000220e-01 2.895507999999999971e+00
3.076169999999999738e-01 2.067870999999999793e+00 7.226559999999999651e-01 2.895507999999999971e+00
3.076169999999999738e-01 2.066650000000000098e+00 7.275390000000000468e-01 2.895507999999999971e+00
3.076169999999999738e-01 2.069091999999999931e+00 7.287599999999999634e-01 2.895507999999999971e+00
3.088380000000000014e-01 2.075194999999999901e+00 7.336430000000000451e-01 2.897949000000000108e+00
3.112789999999999724e-01 2.075194999999999901e+00 7.336430000000000451e-01 2.896729000000000109e+00
3.125000000000000000e-01 2.075194999999999901e+00 7.373049999999999882e-01 2.897949000000000108e+00
3.137210000000000276e-01 2.076416000000000039e+00 7.385249999999999870e-01 2.897949000000000108e+00
3.173830000000000262e-01 2.075194999999999901e+00 7.397460000000000147e-01 2.905273000000000216e+00
3.173830000000000262e-01 2.075194999999999901e+00 7.409670000000000423e-01 2.905273000000000216e+00
3.186039999999999983e-01 2.076416000000000039e+00 7.409670000000000423e-01 2.905273000000000216e+00
3.186039999999999983e-01 2.075194999999999901e+00 7.409670000000000423e-01 2.905273000000000216e+00
3.222659999999999969e-01 2.077637000000000178e+00 7.434079999999999577e-01 2.905273000000000216e+00
3.234859999999999958e-01 2.078857000000000177e+00 7.470700000000000118e-01 2.905273000000000216e+00
3.271479999999999944e-01 2.084960999999999842e+00 7.507319999999999549e-01 2.906493999999999911e+00
3.308110000000000217e-01 2.084960999999999842e+00 7.531740000000000101e-01 2.910156000000000187e+00
3.320310000000000206e-01 2.084960999999999842e+00 7.568359999999999532e-01 2.915039000000000158e+00
3.369139999999999913e-01 2.086181999999999981e+00 7.580569999999999808e-01 2.915039000000000158e+00
3.381350000000000189e-01 2.086181999999999981e+00 7.617190000000000349e-01 2.915039000000000158e+00
3.417970000000000175e-01 2.094726999999999784e+00 7.666020000000000056e-01 2.916259999999999852e+00
3.454590000000000161e-01 2.094726999999999784e+00 7.653809999999999780e-01 2.924805000000000099e+00
3.478999999999999870e-01 2.094726999999999784e+00 7.666020000000000056e-01 2.924805000000000099e+00
3.491210000000000147e-01 2.094726999999999784e+00 7.666020000000000056e-01 2.924805000000000099e+00
3.503419999999999868e-01 2.094726999999999784e+00 7.666020000000000056e-01 2.924805000000000099e+00
3.515630000000000144e-01 2.094726999999999784e+00 7.629390000000000338e-01 2.924805000000000099e+00
3.515630000000000144e-01 2.095946999999999782e+00 7.629390000000000338e-01 2.924805000000000099e+00
3.527830000000000132e-01 2.094726999999999784e+00 7.604980000000000073e-01 2.924805000000000099e+00
3.527830000000000132e-01 2.094726999999999784e+00 7.580569999999999808e-01 2.924805000000000099e+00
3.527830000000000132e-01 2.094726999999999784e+00 7.568359999999999532e-01 2.918700999999999990e+00
3.515630000000000144e-01 2.094726999999999784e+00 7.568359999999999532e-01 2.924805000000000099e+00
3.515630000000000144e-01 2.094726999999999784e+00 7.568359999999999532e-01 2.918700999999999990e+00
3.503419999999999868e-01 2.088623000000000118e+00 7.519529999999999825e-01 2.917479999999999851e+00
3.491210000000000147e-01 2.087401999999999980e+00 7.507319999999999549e-01 2.916259999999999852e+00
3.491210000000000147e-01 2.086181999999999981e+00 7.482910000000000394e-01 2.917479999999999851e+00
3.478999999999999870e-01 2.084960999999999842e+00 7.482910000000000394e-01 2.915039000000000158e+00
3.466799999999999882e-01 2.084960999999999842e+00 7.470700000000000118e-01 2.915039000000000158e+00
3.466799999999999882e-01 2.084960999999999842e+00 7.446289999999999853e-01 2.915039000000000158e+00
3.442379999999999884e-01 2.078857000000000177e+00 7.470700000000000118e-01 2.915039000000000158e+00
3.430179999999999896e-01 2.078857000000000177e+00 7.470700000000000118e-01 2.915039000000000158e+00
3.430179999999999896e-01 2.076416000000000039e+00 7.470700000000000118e-01 2.915039000000000158e+00
3.417970000000000175e-01 2.077637000000000178e+00 7.470700000000000118e-01 2.907715000000000050e+00
3.405759999999999899e-01 2.076416000000000039e+00 7.470700000000000118e-01 2.907715000000000050e+00
3.405759999999999899e-01 2.076416000000000039e+00 7.470700000000000118e-01 2.908936000000000188e+00
3.405759999999999899e-01 2.075194999999999901e+00 7.470700000000000118e-01 2.905273000000000216e+00
3.393550000000000177e-01 2.075194999999999901e+00 7.470700000000000118e-01 2.905273000000000216e+00
3.381350000000000189e-01 2.075194999999999901e+00 7.434079999999999577e-01 2.905273000000000216e+00
3.369139999999999913e-01 2.075194999999999901e+00 7.409670000000000423e-01 2.905273000000000216e+00
3.369139999999999913e-01 2.075194999999999901e+00 7.409670000000000423e-01 2.905273000000000216e+00
3.344730000000000203e-01 2.066650000000000098e+00 7.385249999999999870e-01 2.905273000000000216e+00
3.332519999999999927e-01 2.065430000000000099e+00 7.373049999999999882e-01 2.896729000000000109e+00
3.320310000000000206e-01 2.065430000000000099e+00 7.373049999999999882e-01 2.895507999999999971e+00
3.295899999999999941e-01 2.065430000000000099e+00 7.336430000000000451e-01 2.895507999999999971e+00
3.283690000000000220e-01 2.059325999999999990e+00 7.324220000000000175e-01 2.896729000000000109e+00
3.271479999999999944e-01 2.055664000000000158e+00 7.287599999999999634e-01 2.890625000000000000e+00
3.234859999999999958e-01 2.055664000000000158e+00 7.275390000000000468e-01 2.885742000000000029e+00
3.210450000000000248e-01 2.055664000000000158e+00 7.238769999999999927e-01 2.885742000000000029e+00
3.186039999999999983e-01 2.050781000000000187e+00 7.226559999999999651e-01 2.890625000000000000e+00
3.173830000000000262e-01 2.047118999999999911e+00 7.226559999999999651e-01 2.885742000000000029e+00
3.137210000000000276e-01 2.045898000000000216e+00 7.189940000000000220e-01 2.880859000000000059e+00
3.112789999999999724e-01 2.045898000000000216e+00 7.177729999999999944e-01 2.875976999999999784e+00
3.088380000000000014e-01 2.037354000000000109e+00 7.177729999999999944e-01 2.875976999999999784e+00
3.076169999999999738e-01 2.038574000000000108e+00 7.177729999999999944e-01 2.875976999999999784e+00
3.039549999999999752e-01 2.036132999999999971e+00 7.141110000000000513e-01 2.866210999999999842e+00
3.015140000000000042e-01 2.036132999999999971e+00 7.141110000000000513e-01 2.866210999999999842e+00
3.002929999999999766e-01 2.036132999999999971e+00 7.141110000000000513e-01 2.866210999999999842e+00
2.978520000000000056e-01 2.031250000000000000e+00 7.128910000000000524e-01 2.866210999999999842e+00
2.978520000000000056e-01 2.031250000000000000e+00 7.128910000000000524e-01 2.866210999999999842e+00
2.978520000000000056e-01 2.027588000000000168e+00 7.116700000000000248e-01 2.861327999999999872e+00
2.941889999999999783e-01 2.026367000000000029e+00 7.116700000000000248e-01 2.857666000000000039e+00
2.929689999999999794e-01 2.026367000000000029e+00 7.092289999999999983e-01 2.856444999999999901e+00
2.917480000000000073e-01 2.026367000000000029e+00 7.092289999999999983e-01 2.856444999999999901e+00
2.880860000000000087e-01 2.017821999999999782e+00 7.092289999999999983e-01 2.850341999999999931e+00
2.880860000000000087e-01 2.017821999999999782e+00 7.080079999999999707e-01 2.849120999999999793e+00
2.856449999999999823e-01 2.016601999999999784e+00 7.092289999999999983e-01 2.847900000000000098e+00
2.844240000000000101e-01 2.016601999999999784e+00 7.080079999999999707e-01 2.846680000000000099e+00
2.819820000000000104e-01 2.016601999999999784e+00 7.080079999999999707e-01 2.846680000000000099e+00
2.807620000000000116e-01 2.010498000000000118e+00 7.080079999999999707e-01 2.846680000000000099e+00
2.795409999999999839e-01 2.008056999999999981e+00 7.080079999999999707e-01 2.839354999999999851e+00
2.783200000000000118e-01 2.008056999999999981e+00 7.080079999999999707e-01 2.838134999999999852e+00
2.783200000000000118e-01 2.006835999999999842e+00 7.080079999999999707e-01 2.838134999999999852e+00
2.771000000000000130e-01 2.006835999999999842e+00 7.080079999999999707e-01 2.836914000000000158e+00
2.758789999999999853e-01 2.006835999999999842e+00 7.092289999999999983e-01 2.836914000000000158e+00
2.746580000000000132e-01 2.006835999999999842e+00 7.092289999999999983e-01 2.836914000000000158e+00
2.746580000000000132e-01 2.006835999999999842e+00 7.116700000000000248e-01 2.836914000000000158e+00
2.746580000000000132e-01 2.006835999999999842e+00 7.128910000000000524e-01 2.836914000000000158e+00
2.746580000000000132e-01 2.006835999999999842e+00 7.141110000000000513e-01 2.836914000000000158e+00
2.746580000000000132e-01 2.006835999999999842e+00 7.165529999999999955e-01 2.836914000000000158e+00
2.746580000000000132e-01 2.006835999999999842e+00 7.177729999999999944e-01 2.836914000000000158e+00
2.758789999999999853e-01 2.006835999999999842e+00 7.165529999999999955e-01 2.838134999999999852e+00
2.758789999999999853e-01 2.006835999999999842e+00 7.177729999999999944e-01 2.830811000000000188e+00
2.746580000000000132e-01 2.006835999999999842e+00 7.177729999999999944e-01 2.836914000000000158e+00
2.758789999999999853e-01 2.006835999999999842e+00 7.177729999999999944e-01 2.836914000000000158e+00
2.746580000000000132e-01 2.006835999999999842e+00 7.141110000000000513e-01 2.830811000000000188e+00
2.746580000000000132e-01 2.006835999999999842e+00 7.141110000000000513e-01 2.836914000000000158e+00
2.746580000000000132e-01 2.006835999999999842e+00 7.177729999999999944e-01 2.836914000000000158e+00
2.746580000000000132e-01 2.006835999999999842e+00 7.177729999999999944e-01 2.828368999999999911e+00
2.746580000000000132e-01 2.006835999999999842e+00 7.177729999999999944e-01 2.829590000000000050e+00
2.746580000000000132e-01 2.006835999999999842e+00 7.177729999999999944e-01 2.836914000000000158e+00
2.746580000000000132e-01 2.006835999999999842e+00 7.177729999999999944e-01 2.828368999999999911e+00
2.758789999999999853e-01 2.006835999999999842e+00 7.189940000000000220e-01 2.836914000000000158e+00
2.783200000000000118e-01 2.006835999999999842e+00 7.189940000000000220e-01 2.828368999999999911e+00
2.758789999999999853e-01 2.006835999999999842e+00 7.214359999999999662e-01 2.836914000000000158e+00
2.783200000000000118e-01 2.006835999999999842e+00 7.238769999999999927e-01 2.832031000000000187e+00
2.795409999999999839e-01 2.008056999999999981e+00 7.250980000000000203e-01 2.836914000000000158e+00
2.795409999999999839e-01 2.008056999999999981e+00 7.275390000000000468e-01 2.839354999999999851e+00
2.832029999999999825e-01 2.011718999999999813e+00 7.287599999999999634e-01 2.836914000000000158e+00
2.844240000000000101e-01 2.016601999999999784e+00 7.324220000000000175e-01 2.836914000000000158e+00
2.880860000000000087e-01 2.016601999999999784e+00 7.373049999999999882e-01 2.838134999999999852e+00
2.893069999999999808e-01 2.016601999999999784e+00 7.373049999999999882e-01 2.836914000000000158e+00
2.893069999999999808e-01 2.017821999999999782e+00 7.385249999999999870e-01 2.840575999999999990e+00
2.929689999999999794e-01 2.020264000000000060e+00 7.397460000000000147e-01 2.840575999999999990e+00
2.941889999999999783e-01 2.019042999999999921e+00 7.397460000000000147e-01 2.846680000000000099e+00
2.954100000000000059e-01 2.021484000000000059e+00 7.385249999999999870e-01 2.846680000000000099e+00
2.978520000000000056e-01 2.019042999999999921e+00 7.373049999999999882e-01 2.846680000000000099e+00
2.978520000000000056e-01 2.019042999999999921e+00 7.373049999999999882e-01 2.846680000000000099e+00
2.978520000000000056e-01 2.019042999999999921e+00 7.336430000000000451e-01 2.846680000000000099e+00
2.978520000000000056e-01 2.019042999999999921e+00 7.324220000000000175e-01 2.849120999999999793e+00
2.978520000000000056e-01 2.016601999999999784e+00 7.287599999999999634e-01 2.846680000000000099e+00
2.978520000000000056e-01 2.016601999999999784e+00 7.275390000000000468e-01 2.846680000000000099e+00
2.954100000000000059e-01 2.016601999999999784e+00 7.275390000000000468e-01 2.846680000000000099e+00
2.954100000000000059e-01 2.016601999999999784e+00 7.275390000000000468e-01 2.839354999999999851e+00
2.941889999999999783e-01 2.016601999999999784e+00 7.275390000000000468e-01 2.839354999999999851e+00
2.941889999999999783e-01 2.016601999999999784e+00 7.238769999999999927e-01 2.840575999999999990e+00
2.929689999999999794e-01 2.010498000000000118e+00 7.238769999999999927e-01 2.839354999999999851e+00
2.917480000000000073e-01 2.009276999999999980e+00 7.226559999999999651e-01 2.836914000000000158e+00
2.905269999999999797e-01 2.011718999999999813e+00 7.226559999999999651e-01 2.838134999999999852e+00
2.893069999999999808e-01 2.006835999999999842e+00 7.202150000000000496e-01 2.836914000000000158e+00
2.893069999999999808e-01 2.006835999999999842e+00 7.189940000000000220e-01 2.836914000000000158e+00
2.880860000000000087e-01 2.006835999999999842e+00 7.189940000000000220e-01 2.836914000000000158e+00
2.880860000000000087e-01 2.006835999999999842e+00 7.177729999999999944e-01 2.832031000000000187e+00
2.844240000000000101e-01 2.000732000000000177e+00 7.177729999999999944e-01 2.828368999999999911e+00
2.832029999999999825e-01 2.006835999999999842e+00 7.141110000000000513e-01 2.827148000000000216e+00
2.807620000000000116e-01 1.997069999999999901e+00 7.141110000000000513e-01 2.827148000000000216e+00
2.795409999999999839e-01 1.994628999999999985e+00 7.104489999999999972e-01 2.827148000000000216e+00
2.783200000000000118e-01 1.997069999999999901e+00 7.128910000000000524e-01 2.819824000000000108e+00
2.783200000000000118e-01 1.990966999999999931e+00 7.092289999999999983e-01 2.819824000000000108e+00
2.746580000000000132e-01 1.988525000000000098e+00 7.080079999999999707e-01 2.817382999999999971e+00
2.746580000000000132e-01 1.988525000000000098e+00 7.080079999999999707e-01 2.817382999999999971e+00
2.722169999999999868e-01 1.987305000000000099e+00 7.043460000000000276e-01 2.811278999999999861e+00
2.697749999999999870e-01 1.983643000000000045e+00 7.031250000000000000e-01 2.811278999999999861e+00
2.697749999999999870e-01 1.983643000000000045e+00 7.031250000000000000e-01 2.811278999999999861e+00
2.697749999999999870e-01 1.981200999999999990e+00 7.031250000000000000e-01 2.810058999999999862e+00
2.673340000000000161e-01 1.978760000000000074e+00 7.019039999999999724e-01 2.807617000000000029e+00
2.648929999999999896e-01 1.977538999999999936e+00 7.006839999999999735e-01 2.807617000000000029e+00
2.624509999999999899e-01 1.977538999999999936e+00 6.982420000000000293e-01 2.801514000000000060e+00
2.624509999999999899e-01 1.971435999999999966e+00 6.982420000000000293e-01 2.807617000000000029e+00
2.587889999999999913e-01 1.968993999999999911e+00 6.982420000000000293e-01 2.800292999999999921e+00
2.587889999999999913e-01 1.972655999999999965e+00 6.982420000000000293e-01 2.797851999999999784e+00
2.551269999999999927e-01 1.967772999999999994e+00 6.945799999999999752e-01 2.797851999999999784e+00
2.551269999999999927e-01 1.967772999999999994e+00 6.921389999999999487e-01 2.797851999999999784e+00
2.514649999999999941e-01 1.961670000000000025e+00 6.933589999999999476e-01 2.792968999999999813e+00
2.502440000000000220e-01 1.962890999999999941e+00 6.921389999999999487e-01 2.789306999999999981e+00
2.490229999999999944e-01 1.959229000000000109e+00 6.909180000000000321e-01 2.788085999999999842e+00
2.465819999999999956e-01 1.959229000000000109e+00 6.896970000000000045e-01 2.788085999999999842e+00
2.453609999999999958e-01 1.958007999999999971e+00 6.896970000000000045e-01 2.779541000000000039e+00
2.429199999999999970e-01 1.958007999999999971e+00 6.884770000000000056e-01 2.779541000000000039e+00
2.416989999999999972e-01 1.953125000000000000e+00 6.884770000000000056e-01 2.779541000000000039e+00
2.392579999999999985e-01 1.948242000000000029e+00 6.884770000000000056e-01 2.778319999999999901e+00
2.380369999999999986e-01 1.948242000000000029e+00 6.884770000000000056e-01 2.778319999999999901e+00
2.355959999999999999e-01 1.948242000000000029e+00 6.848140000000000338e-01 2.772216999999999931e+00
2.343750000000000000e-01 1.948242000000000029e+00 6.835940000000000349e-01 2.770995999999999793e+00
2.331540000000000001e-01 1.942139000000000060e+00 6.884770000000000056e-01 2.768555000000000099e+00
2.319340000000000013e-01 1.939697000000000005e+00 6.835940000000000349e-01 2.768555000000000099e+00
2.294920000000000015e-01 1.938477000000000006e+00 6.835940000000000349e-01 2.762450999999999990e+00
2.282710000000000017e-01 1.938477000000000006e+00 6.823730000000000073e-01 2.768555000000000099e+00
2.270510000000000028e-01 1.938477000000000006e+00 6.835940000000000349e-01 2.760009999999999852e+00
2.258300000000000030e-01 1.933594000000000035e+00 6.835940000000000349e-01 2.760009999999999852e+00
2.258300000000000030e-01 1.933594000000000035e+00 6.835940000000000349e-01 2.762450999999999990e+00
2.258300000000000030e-01 1.931151999999999980e+00 6.848140000000000338e-01 2.760009999999999852e+00
2.258300000000000030e-01 1.931151999999999980e+00 6.884770000000000056e-01 2.760009999999999852e+00
2.294920000000000015e-01 1.938477000000000006e+00 6.933589999999999476e-01 2.761229999999999851e+00
2.343750000000000000e-01 1.939697000000000005e+00 7.031250000000000000e-01 2.760009999999999852e+00
2.416989999999999972e-01 1.948242000000000029e+00 7.189940000000000220e-01 2.773438000000000070e+00
2.526860000000000217e-01 1.959229000000000109e+00 7.324220000000000175e-01 2.778319999999999901e+00
2.624509999999999899e-01 1.972655999999999965e+00 7.470700000000000118e-01 2.788085999999999842e+00
2.746580000000000132e-01 1.987305000000000099e+00 7.580569999999999808e-01 2.797851999999999784e+00
2.868649999999999811e-01 1.997069999999999901e+00 7.678220000000000045e-01 2.810058999999999862e+00
2.978520000000000056e-01 2.008056999999999981e+00 7.763670000000000293e-01 2.818604000000000109e+00
3.076169999999999738e-01 2.016601999999999784e+00 7.800289999999999724e-01 2.829590000000000050e+00
3.173830000000000262e-01 2.026367000000000029e+00 7.824710000000000276e-01 2.836914000000000158e+00
3.259279999999999955e-01 2.036132999999999971e+00 7.861329999999999707e-01 2.840575999999999990e+00
3.332519999999999927e-01 2.039794999999999803e+00 7.861329999999999707e-01 2.856444999999999901e+00
3.405759999999999899e-01 2.047118999999999911e+00 7.873539999999999983e-01 2.857666000000000039e+00
3.466799999999999882e-01 2.056884999999999852e+00 7.873539999999999983e-01 2.871093999999999813e+00
3.527830000000000132e-01 2.056884999999999852e+00 7.873539999999999983e-01 2.875976999999999784e+00
3.576659999999999839e-01 2.059325999999999990e+00 7.873539999999999983e-01 2.875976999999999784e+00
3.613279999999999825e-01 2.065430000000000099e+00 7.861329999999999707e-01 2.877196999999999782e+00
3.662110000000000087e-01 2.066650000000000098e+00 7.861329999999999707e-01 2.885742000000000029e+00
3.686519999999999797e-01 2.069091999999999931e+00 7.861329999999999707e-01 2.885742000000000029e+00
3.735350000000000059e-01 2.075194999999999901e+00 7.897950000000000248e-01 2.895507999999999971e+00
3.808590000000000031e-01 2.076416000000000039e+00 7.995609999999999662e-01 2.895507999999999971e+00
3.881839999999999735e-01 2.086181999999999981e+00 8.117680000000000451e-01 2.905273000000000216e+00
3.967289999999999983e-01 2.095946999999999782e+00 8.251950000000000118e-01 2.915039000000000158e+00
4.077149999999999941e-01 2.106933999999999862e+00 8.349609999999999532e-01 2.924805000000000099e+00
4.187009999999999899e-01 2.124023000000000216e+00 8.447270000000000056e-01 2.934569999999999901e+00
4.443360000000000087e-01 2.143555000000000099e+00 8.642579999999999707e-01 2.957764000000000060e+00
4.541020000000000056e-01 2.153319999999999901e+00 8.740229999999999944e-01 2.968750000000000000e+00
4.638669999999999738e-01 2.156982000000000177e+00 8.740229999999999944e-01 2.977294999999999803e+00
4.699710000000000276e-01 2.165526999999999980e+00 8.776859999999999662e-01 2.984618999999999911e+00
4.785159999999999969e-01 2.172851999999999784e+00 8.752440000000000220e-01 2.993164000000000158e+00
4.846190000000000220e-01 2.177734000000000059e+00 8.752440000000000220e-01 2.996825999999999990e+00
4.895019999999999927e-01 2.182617000000000029e+00 8.752440000000000220e-01 3.002930000000000099e+00
4.943850000000000189e-01 2.185058999999999862e+00 8.740229999999999944e-01 3.006591999999999931e+00
4.980470000000000175e-01 2.186278999999999861e+00 8.740229999999999944e-01 3.006591999999999931e+00
5.004880000000000440e-01 2.192382999999999971e+00 8.691410000000000524e-01 3.012694999999999901e+00
5.041499999999999870e-01 2.192382999999999971e+00 8.654789999999999983e-01 3.006591999999999931e+00
5.041499999999999870e-01 2.192382999999999971e+00 8.642579999999999707e-01 3.015137000000000178e+00
5.065920000000000423e-01 2.192382999999999971e+00 8.593750000000000000e-01 3.015137000000000178e+00
5.065920000000000423e-01 2.192382999999999971e+00 8.557129999999999459e-01 3.012694999999999901e+00
5.065920000000000423e-01 2.193604000000000109e+00 8.544920000000000293e-01 3.012694999999999901e+00
5.065920000000000423e-01 2.192382999999999971e+00 8.496089999999999476e-01 3.013916000000000039e+00
5.053710000000000147e-01 2.186278999999999861e+00 8.459470000000000045e-01 3.015137000000000178e+00
5.041499999999999870e-01 2.192382999999999971e+00 8.447270000000000056e-01 3.012694999999999901e+00
5.029299999999999882e-01 2.188721000000000139e+00 8.398440000000000349e-01 3.012694999999999901e+00
5.004880000000000440e-01 2.183838000000000168e+00 8.349609999999999532e-01 3.013916000000000039e+00
4.980470000000000175e-01 2.182617000000000029e+00 8.312990000000000101e-01 3.015137000000000178e+00
4.956050000000000177e-01 2.182617000000000029e+00 8.264160000000000394e-01 3.012694999999999901e+00
4.943850000000000189e-01 2.182617000000000029e+00 8.251950000000000118e-01 3.004150000000000098e+00
4.931639999999999913e-01 2.176514000000000060e+00 8.190920000000000423e-01 3.002930000000000099e+00
4.882810000000000206e-01 2.172851999999999784e+00 8.166499999999999870e-01 3.002930000000000099e+00
4.846190000000000220e-01 2.172851999999999784e+00 8.117680000000000451e-01 3.002930000000000099e+00
4.833979999999999944e-01 2.164306999999999981e+00 8.081049999999999622e-01 2.993164000000000158e+00
4.785159999999999969e-01 2.167968999999999813e+00 8.056640000000000468e-01 2.993164000000000158e+00
4.748539999999999983e-01 2.164306999999999981e+00 8.056640000000000468e-01 2.993164000000000158e+00
4.711910000000000265e-01 2.163085999999999842e+00 8.007809999999999651e-01 2.984618999999999911e+00
4.687500000000000000e-01 2.155762000000000178e+00 7.971190000000000220e-01 2.983398000000000216e+00
4.663089999999999735e-01 2.154541000000000039e+00 7.971190000000000220e-01 2.983398000000000216e+00
4.650880000000000014e-01 2.153319999999999901e+00 7.958979999999999944e-01 2.983398000000000216e+00
4.650880000000000014e-01 2.153319999999999901e+00 7.971190000000000220e-01 2.983398000000000216e+00
4.638669999999999738e-01 2.153319999999999901e+00 8.020019999999999927e-01 2.983398000000000216e+00
4.663089999999999735e-01 2.153319999999999901e+00 8.068849999999999634e-01 2.983398000000000216e+00
4.687500000000000000e-01 2.156982000000000177e+00 8.154299999999999882e-01 2.983398000000000216e+00
4.736330000000000262e-01 2.163085999999999842e+00 8.251950000000000118e-01 2.984618999999999911e+00
4.736330000000000262e-01 2.163085999999999842e+00 8.251950000000000118e-01 2.984618999999999911e+00
4.748539999999999983e-01 2.163085999999999842e+00 8.264160000000000394e-01 2.993164000000000158e+00
