1.757809999999999928e-01 1.791992000000000029e+00 6.591799999999999882e-01 2.573242000000000029e+00 2.486571999999999782e+00
1.745609999999999939e-01 1.791992000000000029e+00 6.603999999999999870e-01 2.573242000000000029e+00 2.489014000000000060e+00
1.757809999999999928e-01 1.791992000000000029e+00 6.591799999999999882e-01 2.578125000000000000e+00 2.497558999999999862e+00
1.757809999999999928e-01 1.791992000000000029e+00 6.591799999999999882e-01 2.573242000000000029e+00 2.504882999999999971e+00
1.757809999999999928e-01 1.791992000000000029e+00 6.603999999999999870e-01 2.573242000000000029e+00 2.498778999999999861e+00
1.757809999999999928e-01 1.791992000000000029e+00 6.591799999999999882e-01 2.573242000000000029e+00 2.504882999999999971e+00
1.757809999999999928e-01 1.791992000000000029e+00 6.591799999999999882e-01 2.573242000000000029e+00 2.495117000000000029e+00
1.757809999999999928e-01 1.791992000000000029e+00 6.591799999999999882e-01 2.573242000000000029e+00 2.495117000000000029e+00
1.757809999999999928e-01 1.791992000000000029e+00 6.591799999999999882e-01 2.573242000000000029e+00 2.485351999999999784e+00
1.757809999999999928e-01 1.791992000000000029e+00 6.603999999999999870e-01 2.573242000000000029e+00 2.495117000000000029e+00
1.770019999999999927e-01 1.796875000000000000e+00 6.603999999999999870e-01 2.573242000000000029e+00 2.495117000000000029e+00
1.770019999999999927e-01 1.791992000000000029e+00 6.591799999999999882e-01 2.573242000000000029e+00 2.486571999999999782e+00
1.770019999999999927e-01 1.795654000000000083e+00 6.603999999999999870e-01 2.573242000000000029e+00 2.495117000000000029e+00
1.770019999999999927e-01 1.795654000000000083e+00 6.603999999999999870e-01 2.573242000000000029e+00 2.495117000000000029e+00
1.770019999999999927e-01 1.791992000000000029e+00 6.603999999999999870e-01 2.573242000000000029e+00 2.495117000000000029e+00
1.770019999999999927e-01 1.791992000000000029e+00 6.603999999999999870e-01 2.573242000000000029e+00 2.495117000000000029e+00
1.782229999999999925e-01 1.794434000000000085e+00 6.603999999999999870e-01 2.573242000000000029e+00 2.497558999999999862e+00
1.782229999999999925e-01 1.793212999999999946e+00 6.616210000000000147e-01 2.573242000000000029e+00 2.504882999999999971e+00
1.782229999999999925e-01 1.791992000000000029e+00 6.628420000000000423e-01 2.573242000000000029e+00 2.496338000000000168e+00
1.794429999999999914e-01 1.793212999999999946e+00 6.628420000000000423e-01 2.574463000000000168e+00 2.486571999999999782e+00
1.806639999999999913e-01 1.796875000000000000e+00 6.640629999999999589e-01 2.578125000000000000e+00 2.475585999999999842e+00
1.806639999999999913e-01 1.794434000000000085e+00 6.689450000000000118e-01 2.575683999999999862e+00 2.486571999999999782e+00
1.831049999999999900e-01 1.801757999999999971e+00 6.701660000000000394e-01 2.583007999999999971e+00 2.495117000000000029e+00
1.855469999999999897e-01 1.801757999999999971e+00 6.750490000000000101e-01 2.583007999999999971e+00 2.495117000000000029e+00
1.904299999999999882e-01 1.811522999999999994e+00 6.823730000000000073e-01 2.583007999999999971e+00 2.497558999999999862e+00
1.940919999999999868e-01 1.812743999999999911e+00 6.896970000000000045e-01 2.592773000000000216e+00 2.514648000000000216e+00
2.001950000000000118e-01 1.821288999999999936e+00 6.994629999999999459e-01 2.593993999999999911e+00 2.504882999999999971e+00
2.050780000000000103e-01 1.831055000000000099e+00 7.092289999999999983e-01 2.603759999999999852e+00 2.489014000000000060e+00
2.124020000000000075e-01 1.840819999999999901e+00 7.177729999999999944e-01 2.613525000000000098e+00 2.498778999999999861e+00
2.197270000000000056e-01 1.845703000000000094e+00 7.238769999999999927e-01 2.622069999999999901e+00 2.515868999999999911e+00
2.270510000000000028e-01 1.855469000000000035e+00 7.312009999999999899e-01 2.631835999999999842e+00 2.524414000000000158e+00
2.355959999999999999e-01 1.865234000000000059e+00 7.373049999999999882e-01 2.641601999999999784e+00 2.526854999999999851e+00
2.416989999999999972e-01 1.873779000000000083e+00 7.385249999999999870e-01 2.651367000000000029e+00 2.553710999999999842e+00
2.490229999999999944e-01 1.882324000000000108e+00 7.434079999999999577e-01 2.661132999999999971e+00 2.545166000000000039e+00
2.563480000000000203e-01 1.892090000000000050e+00 7.470700000000000118e-01 2.670898000000000216e+00 2.543944999999999901e+00
2.636720000000000175e-01 1.900635000000000074e+00 7.482910000000000394e-01 2.674561000000000188e+00 2.546387000000000178e+00
2.697749999999999870e-01 1.907958999999999961e+00 7.519529999999999825e-01 2.683104999999999851e+00 2.553710999999999842e+00
2.746580000000000132e-01 1.918944999999999901e+00 7.568359999999999532e-01 2.690430000000000099e+00 2.558593999999999813e+00
2.819820000000000104e-01 1.922606999999999955e+00 7.568359999999999532e-01 2.694091999999999931e+00 2.573242000000000029e+00
2.880860000000000087e-01 1.928711000000000064e+00 7.580569999999999808e-01 2.702637000000000178e+00 2.563476999999999784e+00
2.941889999999999783e-01 1.938477000000000006e+00 7.580569999999999808e-01 2.709960999999999842e+00 2.573242000000000029e+00
2.990720000000000045e-01 1.939697000000000005e+00 7.617190000000000349e-01 2.720946999999999782e+00 2.573242000000000029e+00
3.039549999999999752e-01 1.948242000000000029e+00 7.629390000000000338e-01 2.719726999999999784e+00 2.573242000000000029e+00
3.100589999999999735e-01 1.953125000000000000e+00 7.666020000000000056e-01 2.729492000000000029e+00 2.583007999999999971e+00
3.149410000000000265e-01 1.958007999999999971e+00 7.666020000000000056e-01 2.739257999999999971e+00 2.584229000000000109e+00
3.186039999999999983e-01 1.967772999999999994e+00 7.678220000000000045e-01 2.739257999999999971e+00 2.592773000000000216e+00
3.234859999999999958e-01 1.967772999999999994e+00 7.702639999999999487e-01 2.744140999999999941e+00 2.597656000000000187e+00
3.295899999999999941e-01 1.971435999999999966e+00 7.714839999999999476e-01 2.749023000000000216e+00 2.613525000000000098e+00
3.332519999999999927e-01 1.977538999999999936e+00 7.714839999999999476e-01 2.758789000000000158e+00 2.606200999999999990e+00
3.369139999999999913e-01 1.982421999999999906e+00 7.763670000000000293e-01 2.758789000000000158e+00 2.615966999999999931e+00
3.430179999999999896e-01 1.987305000000000099e+00 7.763670000000000293e-01 2.762450999999999990e+00 2.622069999999999901e+00
3.466799999999999882e-01 1.990966999999999931e+00 7.800289999999999724e-01 2.768555000000000099e+00 2.608642999999999823e+00
3.515630000000000144e-01 1.997069999999999901e+00 7.824710000000000276e-01 2.778319999999999901e+00 2.631835999999999842e+00
3.576659999999999839e-01 2.000732000000000177e+00 7.873539999999999983e-01 2.780762000000000178e+00 2.631835999999999842e+00
3.625490000000000101e-01 2.006835999999999842e+00 7.958979999999999944e-01 2.788085999999999842e+00 2.625732000000000177e+00
3.710939999999999794e-01 2.016601999999999784e+00 8.007809999999999651e-01 2.797851999999999784e+00 2.641601999999999784e+00
3.771970000000000045e-01 2.020264000000000060e+00 8.056640000000000468e-01 2.807617000000000029e+00 2.641601999999999784e+00
3.857419999999999738e-01 2.031250000000000000e+00 8.117680000000000451e-01 2.811278999999999861e+00 2.641601999999999784e+00
3.906250000000000000e-01 2.036132999999999971e+00 8.166499999999999870e-01 2.817382999999999971e+00 2.631835999999999842e+00
3.991700000000000248e-01 2.045898000000000216e+00 8.215329999999999577e-01 2.827148000000000216e+00 2.651367000000000029e+00
4.052729999999999944e-01 2.045898000000000216e+00 8.251950000000000118e-01 2.836914000000000158e+00 2.651367000000000029e+00
4.113769999999999927e-01 2.056884999999999852e+00 8.264160000000000394e-01 2.846680000000000099e+00 2.661132999999999971e+00
4.199220000000000175e-01 2.065430000000000099e+00 8.312990000000000101e-01 2.847900000000000098e+00 2.661132999999999971e+00
4.260249999999999870e-01 2.065430000000000099e+00 8.349609999999999532e-01 2.856444999999999901e+00 2.652588000000000168e+00
4.309080000000000132e-01 2.075194999999999901e+00 8.361819999999999808e-01 2.866210999999999842e+00 2.670898000000000216e+00
4.382320000000000104e-01 2.080077999999999872e+00 8.447270000000000056e-01 2.871093999999999813e+00 2.672118999999999911e+00
4.455569999999999808e-01 2.084960999999999842e+00 8.459470000000000045e-01 2.875976999999999784e+00 2.680664000000000158e+00
4.541020000000000056e-01 2.094726999999999784e+00 8.496089999999999476e-01 2.885742000000000029e+00 2.681884999999999852e+00
4.589840000000000031e-01 2.097167999999999921e+00 8.544920000000000293e-01 2.895507999999999971e+00 2.690430000000000099e+00
4.650880000000000014e-01 2.104492000000000029e+00 8.557129999999999459e-01 2.896729000000000109e+00 2.690430000000000099e+00
4.699710000000000276e-01 2.109375000000000000e+00 8.557129999999999459e-01 2.905273000000000216e+00 2.690430000000000099e+00
4.748539999999999983e-01 2.114257999999999971e+00 8.569339999999999735e-01 2.915039000000000158e+00 2.700194999999999901e+00
4.785159999999999969e-01 2.114257999999999971e+00 8.557129999999999459e-01 2.919922000000000128e+00 2.701416000000000039e+00
4.809570000000000234e-01 2.116699000000000108e+00 8.544920000000000293e-01 2.924805000000000099e+00 2.701416000000000039e+00
4.846190000000000220e-01 2.124023000000000216e+00 8.544920000000000293e-01 2.924805000000000099e+00 2.703857000000000177e+00
4.846190000000000220e-01 2.124023000000000216e+00 8.471680000000000321e-01 2.924805000000000099e+00 2.720946999999999782e+00
4.846190000000000220e-01 2.124023000000000216e+00 8.447270000000000056e-01 2.924805000000000099e+00 2.713623000000000118e+00
4.882810000000000206e-01 2.124023000000000216e+00 8.398440000000000349e-01 2.924805000000000099e+00 2.729492000000000029e+00
4.846190000000000220e-01 2.124023000000000216e+00 8.361819999999999808e-01 2.924805000000000099e+00 2.719726999999999784e+00
4.846190000000000220e-01 2.124023000000000216e+00 8.312990000000000101e-01 2.924805000000000099e+00 2.719726999999999784e+00
4.833979999999999944e-01 2.124023000000000216e+00 8.264160000000000394e-01 2.924805000000000099e+00 2.719726999999999784e+00
4.833979999999999944e-01 2.117919999999999803e+00 8.251950000000000118e-01 2.927245999999999793e+00 2.714843999999999813e+00
4.797359999999999958e-01 2.117919999999999803e+00 8.203129999999999589e-01 2.924805000000000099e+00 2.722167999999999921e+00
4.797359999999999958e-01 2.116699000000000108e+00 8.190920000000000423e-01 2.924805000000000099e+00 2.731933999999999862e+00
4.760739999999999972e-01 2.115479000000000109e+00 8.154299999999999882e-01 2.918700999999999990e+00 2.722167999999999921e+00
4.760739999999999972e-01 2.114257999999999971e+00 8.154299999999999882e-01 2.917479999999999851e+00 2.719726999999999784e+00
4.736330000000000262e-01 2.114257999999999971e+00 8.154299999999999882e-01 2.918700999999999990e+00 2.709960999999999842e+00
4.711910000000000265e-01 2.115479000000000109e+00 8.117680000000000451e-01 2.917479999999999851e+00 2.700194999999999901e+00
4.724119999999999986e-01 2.114257999999999971e+00 8.105470000000000175e-01 2.915039000000000158e+00 2.701416000000000039e+00
4.699710000000000276e-01 2.116699000000000108e+00 8.093259999999999899e-01 2.915039000000000158e+00 2.709960999999999842e+00
4.699710000000000276e-01 2.114257999999999971e+00 8.081049999999999622e-01 2.915039000000000158e+00 2.709960999999999842e+00
4.675289999999999724e-01 2.114257999999999971e+00 8.068849999999999634e-01 2.915039000000000158e+00 2.709960999999999842e+00
4.650880000000000014e-01 2.114257999999999971e+00 8.068849999999999634e-01 2.915039000000000158e+00 2.709960999999999842e+00
4.638669999999999738e-01 2.114257999999999971e+00 8.056640000000000468e-01 2.915039000000000158e+00 2.703857000000000177e+00
4.638669999999999738e-01 2.109375000000000000e+00 8.020019999999999927e-01 2.915039000000000158e+00 2.719726999999999784e+00
4.602049999999999752e-01 2.109375000000000000e+00 8.007809999999999651e-01 2.915039000000000158e+00 2.709960999999999842e+00
4.577640000000000042e-01 2.104492000000000029e+00 7.971190000000000220e-01 2.906493999999999911e+00 2.701416000000000039e+00
4.553220000000000045e-01 2.104492000000000029e+00 7.958979999999999944e-01 2.907715000000000050e+00 2.692870999999999793e+00
4.541020000000000056e-01 2.104492000000000029e+00 7.958979999999999944e-01 2.907715000000000050e+00 2.709960999999999842e+00
4.504389999999999783e-01 2.104492000000000029e+00 7.922360000000000513e-01 2.906493999999999911e+00 2.700194999999999901e+00
4.479980000000000073e-01 2.104492000000000029e+00 7.897950000000000248e-01 2.905273000000000216e+00 2.690430000000000099e+00
4.455569999999999808e-01 2.098389000000000060e+00 7.873539999999999983e-01 2.899169999999999803e+00 2.691650000000000098e+00
4.443360000000000087e-01 2.095946999999999782e+00 7.861329999999999707e-01 2.899169999999999803e+00 2.680664000000000158e+00
4.406740000000000101e-01 2.095946999999999782e+00 7.824710000000000276e-01 2.895507999999999971e+00 2.680664000000000158e+00
4.370120000000000116e-01 2.094726999999999784e+00 7.800289999999999724e-01 2.897949000000000108e+00 2.690430000000000099e+00
4.345700000000000118e-01 2.086181999999999981e+00 7.788089999999999735e-01 2.895507999999999971e+00 2.690430000000000099e+00
4.309080000000000132e-01 2.084960999999999842e+00 7.763670000000000293e-01 2.895507999999999971e+00 2.690430000000000099e+00
4.284669999999999868e-01 2.084960999999999842e+00 7.702639999999999487e-01 2.890625000000000000e+00 2.690430000000000099e+00
4.248049999999999882e-01 2.076416000000000039e+00 7.666020000000000056e-01 2.879639000000000060e+00 2.683104999999999851e+00
4.211429999999999896e-01 2.075194999999999901e+00 7.617190000000000349e-01 2.885742000000000029e+00 2.681884999999999852e+00
4.162600000000000189e-01 2.075194999999999901e+00 7.580569999999999808e-01 2.875976999999999784e+00 2.684325999999999990e+00
4.150389999999999913e-01 2.066650000000000098e+00 7.568359999999999532e-01 2.875976999999999784e+00 2.692870999999999793e+00
4.101560000000000206e-01 2.065430000000000099e+00 7.568359999999999532e-01 2.875976999999999784e+00 2.700194999999999901e+00
4.064940000000000220e-01 2.066650000000000098e+00 7.531740000000000101e-01 2.868651999999999980e+00 2.690430000000000099e+00
4.016109999999999958e-01 2.058104999999999851e+00 7.519529999999999825e-01 2.866210999999999842e+00 2.680664000000000158e+00
4.003909999999999969e-01 2.055664000000000158e+00 7.495119999999999560e-01 2.866210999999999842e+00 2.680664000000000158e+00
3.967289999999999983e-01 2.055664000000000158e+00 7.470700000000000118e-01 2.857666000000000039e+00 2.670898000000000216e+00
3.918460000000000276e-01 2.055664000000000158e+00 7.470700000000000118e-01 2.857666000000000039e+00 2.652588000000000168e+00
3.906250000000000000e-01 2.050781000000000187e+00 7.470700000000000118e-01 2.856444999999999901e+00 2.651367000000000029e+00
3.869630000000000014e-01 2.045898000000000216e+00 7.409670000000000423e-01 2.856444999999999901e+00 2.662354000000000109e+00
3.820799999999999752e-01 2.045898000000000216e+00 7.385249999999999870e-01 2.847900000000000098e+00 2.661132999999999971e+00
3.796390000000000042e-01 2.039794999999999803e+00 7.397460000000000147e-01 2.846680000000000099e+00 2.651367000000000029e+00
3.759770000000000056e-01 2.036132999999999971e+00 7.373049999999999882e-01 2.849120999999999793e+00 2.661132999999999971e+00
3.723139999999999783e-01 2.036132999999999971e+00 7.373049999999999882e-01 2.839354999999999851e+00 2.662354000000000109e+00
3.698730000000000073e-01 2.036132999999999971e+00 7.336430000000000451e-01 2.836914000000000158e+00 2.655028999999999861e+00
3.662110000000000087e-01 2.031250000000000000e+00 7.324220000000000175e-01 2.836914000000000158e+00 2.664794999999999803e+00
3.625490000000000101e-01 2.026367000000000029e+00 7.312009999999999899e-01 2.833251999999999882e+00 2.670898000000000216e+00
3.601070000000000104e-01 2.026367000000000029e+00 7.299799999999999622e-01 2.827148000000000216e+00 2.651367000000000029e+00
3.576659999999999839e-01 2.026367000000000029e+00 7.287599999999999634e-01 2.827148000000000216e+00 2.652588000000000168e+00
3.564450000000000118e-01 2.016601999999999784e+00 7.275390000000000468e-01 2.827148000000000216e+00 2.651367000000000029e+00
3.515630000000000144e-01 2.020264000000000060e+00 7.275390000000000468e-01 2.827148000000000216e+00 2.656250000000000000e+00
3.503419999999999868e-01 2.019042999999999921e+00 7.275390000000000468e-01 2.818604000000000109e+00 2.656250000000000000e+00
3.478999999999999870e-01 2.016601999999999784e+00 7.275390000000000468e-01 2.817382999999999971e+00 2.652588000000000168e+00
3.466799999999999882e-01 2.012938999999999812e+00 7.275390000000000468e-01 2.817382999999999971e+00 2.651367000000000029e+00
3.430179999999999896e-01 2.011718999999999813e+00 7.275390000000000468e-01 2.817382999999999971e+00 2.644042999999999921e+00
3.405759999999999899e-01 2.008056999999999981e+00 7.226559999999999651e-01 2.811278999999999861e+00 2.652588000000000168e+00
3.405759999999999899e-01 2.008056999999999981e+00 7.226559999999999651e-01 2.811278999999999861e+00 2.652588000000000168e+00
3.381350000000000189e-01 2.006835999999999842e+00 7.275390000000000468e-01 2.811278999999999861e+00 2.633056999999999981e+00
3.369139999999999913e-01 2.006835999999999842e+00 7.238769999999999927e-01 2.812500000000000000e+00 2.631835999999999842e+00
3.369139999999999913e-01 2.006835999999999842e+00 7.238769999999999927e-01 2.807617000000000029e+00 2.637938999999999812e+00
3.332519999999999927e-01 2.006835999999999842e+00 7.226559999999999651e-01 2.807617000000000029e+00 2.645264000000000060e+00
3.308110000000000217e-01 1.999511999999999956e+00 7.226559999999999651e-01 2.807617000000000029e+00 2.661132999999999971e+00
3.283690000000000220e-01 1.998291000000000039e+00 7.202150000000000496e-01 2.801514000000000060e+00 2.646484000000000059e+00
3.271479999999999944e-01 1.997069999999999901e+00 7.202150000000000496e-01 2.801514000000000060e+00 2.641601999999999784e+00
3.271479999999999944e-01 1.999511999999999956e+00 7.189940000000000220e-01 2.799071999999999782e+00 2.625732000000000177e+00
3.234859999999999958e-01 1.997069999999999901e+00 7.189940000000000220e-01 2.800292999999999921e+00 2.635498000000000118e+00
3.210450000000000248e-01 1.997069999999999901e+00 7.177729999999999944e-01 2.797851999999999784e+00 2.642821999999999782e+00
3.186039999999999983e-01 1.990966999999999931e+00 7.177729999999999944e-01 2.797851999999999784e+00 2.641601999999999784e+00
3.173830000000000262e-01 1.992188000000000070e+00 7.177729999999999944e-01 2.797851999999999784e+00 2.636718999999999813e+00
3.173830000000000262e-01 1.988525000000000098e+00 7.177729999999999944e-01 2.792968999999999813e+00 2.642821999999999782e+00
3.149410000000000265e-01 1.987305000000000099e+00 7.177729999999999944e-01 2.792968999999999813e+00 2.641601999999999784e+00
3.137210000000000276e-01 1.987305000000000099e+00 7.189940000000000220e-01 2.789306999999999981e+00 2.633056999999999981e+00
3.125000000000000000e-01 1.987305000000000099e+00 7.177729999999999944e-01 2.788085999999999842e+00 2.622069999999999901e+00
3.112789999999999724e-01 1.987305000000000099e+00 7.189940000000000220e-01 2.788085999999999842e+00 2.631835999999999842e+00
3.112789999999999724e-01 1.987305000000000099e+00 7.177729999999999944e-01 2.781982000000000177e+00 2.625732000000000177e+00
3.100589999999999735e-01 1.987305000000000099e+00 7.177729999999999944e-01 2.788085999999999842e+00 2.631835999999999842e+00
3.088380000000000014e-01 1.987305000000000099e+00 7.177729999999999944e-01 2.788085999999999842e+00 2.631835999999999842e+00
3.088380000000000014e-01 1.987305000000000099e+00 7.177729999999999944e-01 2.788085999999999842e+00 2.631835999999999842e+00
3.076169999999999738e-01 1.981200999999999990e+00 7.177729999999999944e-01 2.779541000000000039e+00 2.623291000000000039e+00
3.051760000000000028e-01 1.979980000000000073e+00 7.153319999999999679e-01 2.781982000000000177e+00 2.612305000000000099e+00
3.039549999999999752e-01 1.978760000000000074e+00 7.141110000000000513e-01 2.781982000000000177e+00 2.612305000000000099e+00
3.027340000000000031e-01 1.977538999999999936e+00 7.128910000000000524e-01 2.779541000000000039e+00 2.602539000000000158e+00
2.990720000000000045e-01 1.977538999999999936e+00 7.116700000000000248e-01 2.778319999999999901e+00 2.607422000000000128e+00
2.978520000000000056e-01 1.972655999999999965e+00 7.104489999999999972e-01 2.778319999999999901e+00 2.631835999999999842e+00
2.978520000000000056e-01 1.972655999999999965e+00 7.116700000000000248e-01 2.778319999999999901e+00 2.625732000000000177e+00
2.954100000000000059e-01 1.970215000000000050e+00 7.092289999999999983e-01 2.772216999999999931e+00 2.634276999999999980e+00
2.941889999999999783e-01 1.968993999999999911e+00 7.092289999999999983e-01 2.772216999999999931e+00 2.625732000000000177e+00
2.929689999999999794e-01 1.967772999999999994e+00 7.080079999999999707e-01 2.769775000000000098e+00 2.622069999999999901e+00
2.917480000000000073e-01 1.967772999999999994e+00 7.080079999999999707e-01 2.768555000000000099e+00 2.612305000000000099e+00
2.893069999999999808e-01 1.967772999999999994e+00 7.080079999999999707e-01 2.769775000000000098e+00 2.612305000000000099e+00
2.880860000000000087e-01 1.967772999999999994e+00 7.043460000000000276e-01 2.768555000000000099e+00 2.606200999999999990e+00
2.880860000000000087e-01 1.959229000000000109e+00 7.043460000000000276e-01 2.768555000000000099e+00 2.624512000000000178e+00
2.844240000000000101e-01 1.959229000000000109e+00 7.043460000000000276e-01 2.768555000000000099e+00 2.631835999999999842e+00
2.844240000000000101e-01 1.959229000000000109e+00 7.043460000000000276e-01 2.760009999999999852e+00 2.624512000000000178e+00
2.819820000000000104e-01 1.958007999999999971e+00 7.031250000000000000e-01 2.761229999999999851e+00 2.623291000000000039e+00
2.819820000000000104e-01 1.958007999999999971e+00 7.031250000000000000e-01 2.758789000000000158e+00 2.612305000000000099e+00
2.795409999999999839e-01 1.958007999999999971e+00 7.031250000000000000e-01 2.758789000000000158e+00 2.613525000000000098e+00
2.795409999999999839e-01 1.958007999999999971e+00 7.031250000000000000e-01 2.758789000000000158e+00 2.612305000000000099e+00
2.795409999999999839e-01 1.958007999999999971e+00 7.080079999999999707e-01 2.761229999999999851e+00 2.612305000000000099e+00
2.795409999999999839e-01 1.958007999999999971e+00 7.128910000000000524e-01 2.758789000000000158e+00 2.612305000000000099e+00
2.807620000000000116e-01 1.958007999999999971e+00 7.177729999999999944e-01 2.761229999999999851e+00 2.612305000000000099e+00
2.832029999999999825e-01 1.960449000000000108e+00 7.189940000000000220e-01 2.758789000000000158e+00 2.613525000000000098e+00
2.880860000000000087e-01 1.967772999999999994e+00 7.275390000000000468e-01 2.762450999999999990e+00 2.613525000000000098e+00
2.893069999999999808e-01 1.967772999999999994e+00 7.312009999999999899e-01 2.762450999999999990e+00 2.606200999999999990e+00
2.929689999999999794e-01 1.977538999999999936e+00 7.373049999999999882e-01 2.773438000000000070e+00 2.612305000000000099e+00
2.954100000000000059e-01 1.977538999999999936e+00 7.385249999999999870e-01 2.768555000000000099e+00 2.622069999999999901e+00
2.978520000000000056e-01 1.977538999999999936e+00 7.397460000000000147e-01 2.772216999999999931e+00 2.622069999999999901e+00
3.002929999999999766e-01 1.978760000000000074e+00 7.409670000000000423e-01 2.778319999999999901e+00 2.612305000000000099e+00
3.027340000000000031e-01 1.987305000000000099e+00 7.409670000000000423e-01 2.778319999999999901e+00 2.622069999999999901e+00
3.051760000000000028e-01 1.987305000000000099e+00 7.397460000000000147e-01 2.779541000000000039e+00 2.623291000000000039e+00
3.076169999999999738e-01 1.988525000000000098e+00 7.385249999999999870e-01 2.779541000000000039e+00 2.613525000000000098e+00
3.076169999999999738e-01 1.984863000000000044e+00 7.373049999999999882e-01 2.788085999999999842e+00 2.612305000000000099e+00
3.076169999999999738e-01 1.988525000000000098e+00 7.373049999999999882e-01 2.781982000000000177e+00 2.615966999999999931e+00
3.088380000000000014e-01 1.987305000000000099e+00 7.373049999999999882e-01 2.788085999999999842e+00 2.626952999999999872e+00
3.088380000000000014e-01 1.987305000000000099e+00 7.336430000000000451e-01 2.788085999999999842e+00 2.642821999999999782e+00
3.088380000000000014e-01 1.987305000000000099e+00 7.324220000000000175e-01 2.781982000000000177e+00 2.633056999999999981e+00
3.088380000000000014e-01 1.987305000000000099e+00 7.312009999999999899e-01 2.788085999999999842e+00 2.623291000000000039e+00
3.088380000000000014e-01 1.987305000000000099e+00 7.287599999999999634e-01 2.788085999999999842e+00 2.631835999999999842e+00
3.088380000000000014e-01 1.987305000000000099e+00 7.287599999999999634e-01 2.788085999999999842e+00 2.631835999999999842e+00
3.088380000000000014e-01 1.987305000000000099e+00 7.275390000000000468e-01 2.783202999999999872e+00 2.631835999999999842e+00
3.088380000000000014e-01 1.987305000000000099e+00 7.275390000000000468e-01 2.783202999999999872e+00 2.631835999999999842e+00
3.076169999999999738e-01 1.981200999999999990e+00 7.275390000000000468e-01 2.781982000000000177e+00 2.623291000000000039e+00
3.076169999999999738e-01 1.981200999999999990e+00 7.238769999999999927e-01 2.779541000000000039e+00 2.615966999999999931e+00
3.076169999999999738e-01 1.979980000000000073e+00 7.226559999999999651e-01 2.780762000000000178e+00 2.624512000000000178e+00
3.076169999999999738e-01 1.978760000000000074e+00 7.226559999999999651e-01 2.780762000000000178e+00 2.641601999999999784e+00
3.039549999999999752e-01 1.978760000000000074e+00 7.189940000000000220e-01 2.779541000000000039e+00 2.631835999999999842e+00
3.039549999999999752e-01 1.977538999999999936e+00 7.177729999999999944e-01 2.779541000000000039e+00 2.615966999999999931e+00
3.027340000000000031e-01 1.973877000000000104e+00 7.177729999999999944e-01 2.778319999999999901e+00 2.622069999999999901e+00
3.027340000000000031e-01 1.973877000000000104e+00 7.177729999999999944e-01 2.778319999999999901e+00 2.622069999999999901e+00
3.015140000000000042e-01 1.971435999999999966e+00 7.177729999999999944e-01 2.778319999999999901e+00 2.623291000000000039e+00
2.990720000000000045e-01 1.967772999999999994e+00 7.141110000000000513e-01 2.778319999999999901e+00 2.623291000000000039e+00
2.978520000000000056e-01 1.972655999999999965e+00 7.141110000000000513e-01 2.778319999999999901e+00 2.631835999999999842e+00
2.978520000000000056e-01 1.967772999999999994e+00 7.116700000000000248e-01 2.770995999999999793e+00 2.631835999999999842e+00
2.978520000000000056e-01 1.967772999999999994e+00 7.128910000000000524e-01 2.770995999999999793e+00 2.625732000000000177e+00
2.954100000000000059e-01 1.964110999999999940e+00 7.128910000000000524e-01 2.768555000000000099e+00 2.633056999999999981e+00
2.941889999999999783e-01 1.967772999999999994e+00 7.104489999999999972e-01 2.768555000000000099e+00 2.623291000000000039e+00
2.929689999999999794e-01 1.961670000000000025e+00 7.104489999999999972e-01 2.768555000000000099e+00 2.622069999999999901e+00
2.905269999999999797e-01 1.959229000000000109e+00 7.092289999999999983e-01 2.768555000000000099e+00 2.622069999999999901e+00
2.893069999999999808e-01 1.959229000000000109e+00 7.080079999999999707e-01 2.768555000000000099e+00 2.615966999999999931e+00
2.893069999999999808e-01 1.958007999999999971e+00 7.080079999999999707e-01 2.762450999999999990e+00 2.631835999999999842e+00
2.880860000000000087e-01 1.958007999999999971e+00 7.080079999999999707e-01 2.760009999999999852e+00 2.607422000000000128e+00
2.856449999999999823e-01 1.958007999999999971e+00 7.080079999999999707e-01 2.758789000000000158e+00 2.612305000000000099e+00
2.844240000000000101e-01 1.953125000000000000e+00 7.043460000000000276e-01 2.758789000000000158e+00 2.617188000000000070e+00
2.819820000000000104e-01 1.950684000000000085e+00 7.031250000000000000e-01 2.758789000000000158e+00 2.624512000000000178e+00
2.795409999999999839e-01 1.949462999999999946e+00 7.031250000000000000e-01 2.753906000000000187e+00 2.615966999999999931e+00
2.795409999999999839e-01 1.948242000000000029e+00 7.006839999999999735e-01 2.750243999999999911e+00 2.625732000000000177e+00
2.783200000000000118e-01 1.948242000000000029e+00 7.006839999999999735e-01 2.753906000000000187e+00 2.622069999999999901e+00
2.746580000000000132e-01 1.942139000000000060e+00 6.994629999999999459e-01 2.750243999999999911e+00 2.614745999999999793e+00
2.746580000000000132e-01 1.948242000000000029e+00 6.994629999999999459e-01 2.749023000000000216e+00 2.615966999999999931e+00
2.734380000000000144e-01 1.943359000000000059e+00 6.994629999999999459e-01 2.749023000000000216e+00 2.625732000000000177e+00
2.722169999999999868e-01 1.940917999999999921e+00 6.994629999999999459e-01 2.749023000000000216e+00 2.631835999999999842e+00
2.709960000000000147e-01 1.939697000000000005e+00 6.994629999999999459e-01 2.749023000000000216e+00 2.622069999999999901e+00
2.697749999999999870e-01 1.938477000000000006e+00 6.982420000000000293e-01 2.742919999999999803e+00 2.612305000000000099e+00
2.697749999999999870e-01 1.938477000000000006e+00 6.994629999999999459e-01 2.741699000000000108e+00 2.602539000000000158e+00
2.685549999999999882e-01 1.938477000000000006e+00 6.994629999999999459e-01 2.740479000000000109e+00 2.602539000000000158e+00
2.685549999999999882e-01 1.938477000000000006e+00 6.994629999999999459e-01 2.741699000000000108e+00 2.593993999999999911e+00
2.661129999999999884e-01 1.938477000000000006e+00 6.994629999999999459e-01 2.739257999999999971e+00 2.602539000000000158e+00
2.661129999999999884e-01 1.938477000000000006e+00 6.994629999999999459e-01 2.739257999999999971e+00 2.603759999999999852e+00
2.648929999999999896e-01 1.934814000000000034e+00 6.994629999999999459e-01 2.739257999999999971e+00 2.603759999999999852e+00
2.648929999999999896e-01 1.933594000000000035e+00 6.994629999999999459e-01 2.739257999999999971e+00 2.606200999999999990e+00
2.636720000000000175e-01 1.938477000000000006e+00 6.994629999999999459e-01 2.739257999999999971e+00 2.615966999999999931e+00
2.636720000000000175e-01 1.933594000000000035e+00 7.019039999999999724e-01 2.739257999999999971e+00 2.622069999999999901e+00
2.624509999999999899e-01 1.933594000000000035e+00 7.031250000000000000e-01 2.739257999999999971e+00 2.612305000000000099e+00
2.636720000000000175e-01 1.933594000000000035e+00 7.031250000000000000e-01 2.739257999999999971e+00 2.603759999999999852e+00
2.636720000000000175e-01 1.932372999999999896e+00 7.080079999999999707e-01 2.739257999999999971e+00 2.602539000000000158e+00
2.636720000000000175e-01 1.933594000000000035e+00 7.080079999999999707e-01 2.739257999999999971e+00 2.603759999999999852e+00
2.636720000000000175e-01 1.938477000000000006e+00 7.080079999999999707e-01 2.739257999999999971e+00 2.602539000000000158e+00
2.636720000000000175e-01 1.938477000000000006e+00 7.080079999999999707e-01 2.739257999999999971e+00 2.602539000000000158e+00
2.661129999999999884e-01 1.938477000000000006e+00 7.116700000000000248e-01 2.739257999999999971e+00 2.622069999999999901e+00
2.661129999999999884e-01 1.938477000000000006e+00 7.128910000000000524e-01 2.739257999999999971e+00 2.612305000000000099e+00
2.685549999999999882e-01 1.938477000000000006e+00 7.141110000000000513e-01 2.740479000000000109e+00 2.606200999999999990e+00
2.685549999999999882e-01 1.938477000000000006e+00 7.177729999999999944e-01 2.749023000000000216e+00 2.606200999999999990e+00
2.697749999999999870e-01 1.942139000000000060e+00 7.177729999999999944e-01 2.742919999999999803e+00 2.615966999999999931e+00
2.709960000000000147e-01 1.948242000000000029e+00 7.177729999999999944e-01 2.749023000000000216e+00 2.612305000000000099e+00
2.722169999999999868e-01 1.948242000000000029e+00 7.177729999999999944e-01 2.749023000000000216e+00 2.612305000000000099e+00
2.734380000000000144e-01 1.948242000000000029e+00 7.189940000000000220e-01 2.749023000000000216e+00 2.613525000000000098e+00
2.734380000000000144e-01 1.948242000000000029e+00 7.177729999999999944e-01 2.750243999999999911e+00 2.612305000000000099e+00
2.746580000000000132e-01 1.948242000000000029e+00 7.177729999999999944e-01 2.753906000000000187e+00 2.598876999999999882e+00
2.746580000000000132e-01 1.948242000000000029e+00 7.189940000000000220e-01 2.753906000000000187e+00 2.622069999999999901e+00
2.758789999999999853e-01 1.948242000000000029e+00 7.189940000000000220e-01 2.749023000000000216e+00 2.613525000000000098e+00
2.783200000000000118e-01 1.948242000000000029e+00 7.189940000000000220e-01 2.751465000000000050e+00 2.622069999999999901e+00
2.783200000000000118e-01 1.948242000000000029e+00 7.177729999999999944e-01 2.751465000000000050e+00 2.612305000000000099e+00
2.783200000000000118e-01 1.948242000000000029e+00 7.177729999999999944e-01 2.758789000000000158e+00 2.612305000000000099e+00
2.783200000000000118e-01 1.948242000000000029e+00 7.177729999999999944e-01 2.758789000000000158e+00 2.606200999999999990e+00
2.783200000000000118e-01 1.948242000000000029e+00 7.177729999999999944e-01 2.753906000000000187e+00 2.622069999999999901e+00
2.783200000000000118e-01 1.948242000000000029e+00 7.177729999999999944e-01 2.751465000000000050e+00 2.614745999999999793e+00
2.783200000000000118e-01 1.948242000000000029e+00 7.177729999999999944e-01 2.758789000000000158e+00 2.622069999999999901e+00
2.783200000000000118e-01 1.948242000000000029e+00 7.141110000000000513e-01 2.751465000000000050e+00 2.622069999999999901e+00
2.783200000000000118e-01 1.948242000000000029e+00 7.128910000000000524e-01 2.752686000000000188e+00 2.613525000000000098e+00
2.783200000000000118e-01 1.948242000000000029e+00 7.116700000000000248e-01 2.758789000000000158e+00 2.602539000000000158e+00
2.783200000000000118e-01 1.948242000000000029e+00 7.104489999999999972e-01 2.750243999999999911e+00 2.602539000000000158e+00
2.783200000000000118e-01 1.948242000000000029e+00 7.092289999999999983e-01 2.750243999999999911e+00 2.597656000000000187e+00
2.758789999999999853e-01 1.948242000000000029e+00 7.092289999999999983e-01 2.749023000000000216e+00 2.606200999999999990e+00
2.758789999999999853e-01 1.948242000000000029e+00 7.080079999999999707e-01 2.749023000000000216e+00 2.615966999999999931e+00
2.746580000000000132e-01 1.948242000000000029e+00 7.092289999999999983e-01 2.751465000000000050e+00 2.631835999999999842e+00
2.746580000000000132e-01 1.948242000000000029e+00 7.080079999999999707e-01 2.749023000000000216e+00 2.612305000000000099e+00
2.746580000000000132e-01 1.943359000000000059e+00 7.067870000000000541e-01 2.749023000000000216e+00 2.612305000000000099e+00
2.734380000000000144e-01 1.939697000000000005e+00 7.043460000000000276e-01 2.749023000000000216e+00 2.612305000000000099e+00
2.722169999999999868e-01 1.939697000000000005e+00 7.043460000000000276e-01 2.742919999999999803e+00 2.612305000000000099e+00
2.697749999999999870e-01 1.938477000000000006e+00 7.031250000000000000e-01 2.742919999999999803e+00 2.602539000000000158e+00
2.697749999999999870e-01 1.938477000000000006e+00 7.031250000000000000e-01 2.742919999999999803e+00 2.592773000000000216e+00
2.685549999999999882e-01 1.938477000000000006e+00 7.031250000000000000e-01 2.749023000000000216e+00 2.585449000000000108e+00
2.685549999999999882e-01 1.938477000000000006e+00 7.043460000000000276e-01 2.739257999999999971e+00 2.612305000000000099e+00
2.685549999999999882e-01 1.934814000000000034e+00 7.043460000000000276e-01 2.740479000000000109e+00 2.602539000000000158e+00
2.685549999999999882e-01 1.938477000000000006e+00 7.080079999999999707e-01 2.740479000000000109e+00 2.586669999999999803e+00
2.685549999999999882e-01 1.938477000000000006e+00 7.080079999999999707e-01 2.740479000000000109e+00 2.597656000000000187e+00
2.722169999999999868e-01 1.938477000000000006e+00 7.177729999999999944e-01 2.744140999999999941e+00 2.602539000000000158e+00
2.746580000000000132e-01 1.948242000000000029e+00 7.275390000000000468e-01 2.750243999999999911e+00 2.603759999999999852e+00
2.795409999999999839e-01 1.954345999999999917e+00 7.385249999999999870e-01 2.758789000000000158e+00 2.602539000000000158e+00
2.880860000000000087e-01 1.959229000000000109e+00 7.568359999999999532e-01 2.758789000000000158e+00 2.612305000000000099e+00
2.941889999999999783e-01 1.968993999999999911e+00 7.714839999999999476e-01 2.768555000000000099e+00 2.613525000000000098e+00
3.063960000000000017e-01 1.979980000000000073e+00 7.861329999999999707e-01 2.778319999999999901e+00 2.622069999999999901e+00
3.173830000000000262e-01 1.990966999999999931e+00 7.958979999999999944e-01 2.797851999999999784e+00 2.631835999999999842e+00
3.271479999999999944e-01 2.006835999999999842e+00 8.056640000000000468e-01 2.807617000000000029e+00 2.641601999999999784e+00
3.381350000000000189e-01 2.016601999999999784e+00 8.154299999999999882e-01 2.819824000000000108e+00 2.646484000000000059e+00
3.491210000000000147e-01 2.031250000000000000e+00 8.251950000000000118e-01 2.828368999999999911e+00 2.662354000000000109e+00
3.601070000000000104e-01 2.039794999999999803e+00 8.312990000000000101e-01 2.838134999999999852e+00 2.661132999999999971e+00
3.723139999999999783e-01 2.055664000000000158e+00 8.398440000000000349e-01 2.856444999999999901e+00 2.656250000000000000e+00
3.857419999999999738e-01 2.066650000000000098e+00 8.471680000000000321e-01 2.866210999999999842e+00 2.684325999999999990e+00
3.967289999999999983e-01 2.078857000000000177e+00 8.544920000000000293e-01 2.880859000000000059e+00 2.703857000000000177e+00
4.064940000000000220e-01 2.089843999999999813e+00 8.557129999999999459e-01 2.889403999999999861e+00 2.719726999999999784e+00
4.162600000000000189e-01 2.094726999999999784e+00 8.581539999999999724e-01 2.896729000000000109e+00 2.700194999999999901e+00
4.248049999999999882e-01 2.104492000000000029e+00 8.569339999999999735e-01 2.905273000000000216e+00 2.694091999999999931e+00
4.296880000000000144e-01 2.109375000000000000e+00 8.557129999999999459e-01 2.915039000000000158e+00 2.719726999999999784e+00
4.357909999999999839e-01 2.114257999999999971e+00 8.544920000000000293e-01 2.915039000000000158e+00 2.717284999999999950e+00
4.394529999999999825e-01 2.116699000000000108e+00 8.459470000000000045e-01 2.918700999999999990e+00 2.739257999999999971e+00
4.406740000000000101e-01 2.114257999999999971e+00 8.398440000000000349e-01 2.924805000000000099e+00 2.719726999999999784e+00
4.443360000000000087e-01 2.114257999999999971e+00 8.349609999999999532e-01 2.924805000000000099e+00 2.719726999999999784e+00
4.443360000000000087e-01 2.114257999999999971e+00 8.264160000000000394e-01 2.924805000000000099e+00 2.722167999999999921e+00
4.443360000000000087e-01 2.114257999999999971e+00 8.190920000000000423e-01 2.924805000000000099e+00 2.739257999999999971e+00
4.394529999999999825e-01 2.104492000000000029e+00 8.056640000000000468e-01 2.917479999999999851e+00 2.724609000000000059e+00
4.357909999999999839e-01 2.104492000000000029e+00 7.971190000000000220e-01 2.915039000000000158e+00 2.730713000000000168e+00
4.345700000000000118e-01 2.095946999999999782e+00 7.910160000000000524e-01 2.915039000000000158e+00 2.719726999999999784e+00
4.296880000000000144e-01 2.095946999999999782e+00 7.861329999999999707e-01 2.908936000000000188e+00 2.719726999999999784e+00
4.260249999999999870e-01 2.089843999999999813e+00 7.800289999999999724e-01 2.905273000000000216e+00 2.701416000000000039e+00
4.211429999999999896e-01 2.084960999999999842e+00 7.727049999999999752e-01 2.895507999999999971e+00 2.703857000000000177e+00
4.174800000000000177e-01 2.077637000000000178e+00 7.678220000000000045e-01 2.895507999999999971e+00 2.719726999999999784e+00
4.125980000000000203e-01 2.075194999999999901e+00 7.617190000000000349e-01 2.895507999999999971e+00 2.712401999999999980e+00
4.077149999999999941e-01 2.069091999999999931e+00 7.568359999999999532e-01 2.885742000000000029e+00 2.714843999999999813e+00
4.040529999999999955e-01 2.065430000000000099e+00 7.507319999999999549e-01 2.878417999999999921e+00 2.720946999999999782e+00
3.979489999999999972e-01 2.059325999999999990e+00 7.470700000000000118e-01 2.875976999999999784e+00 2.701416000000000039e+00
3.955080000000000262e-01 2.055664000000000158e+00 7.409670000000000423e-01 2.875976999999999784e+00 2.700194999999999901e+00
3.894039999999999724e-01 2.047118999999999911e+00 7.373049999999999882e-01 2.866210999999999842e+00 2.691650000000000098e+00
3.894039999999999724e-01 2.047118999999999911e+00 7.373049999999999882e-01 2.866210999999999842e+00 2.691650000000000098e+00
3.857419999999999738e-01 2.045898000000000216e+00 7.336430000000000451e-01 2.860107000000000177e+00 2.684325999999999990e+00
3.796390000000000042e-01 2.037354000000000109e+00 7.287599999999999634e-01 2.856444999999999901e+00 2.690430000000000099e+00
3.759770000000000056e-01 2.036132999999999971e+00 7.275390000000000468e-01 2.850341999999999931e+00 2.685547000000000128e+00
3.710939999999999794e-01 2.031250000000000000e+00 7.226559999999999651e-01 2.846680000000000099e+00 2.680664000000000158e+00
3.662110000000000087e-01 2.026367000000000029e+00 7.189940000000000220e-01 2.846680000000000099e+00 2.675781000000000187e+00
3.613279999999999825e-01 2.017821999999999782e+00 7.177729999999999944e-01 2.836914000000000158e+00 2.681884999999999852e+00
3.564450000000000118e-01 2.016601999999999784e+00 7.177729999999999944e-01 2.839354999999999851e+00 2.673340000000000050e+00
3.515630000000000144e-01 2.016601999999999784e+00 7.128910000000000524e-01 2.828368999999999911e+00 2.674561000000000188e+00
3.491210000000000147e-01 2.006835999999999842e+00 7.092289999999999983e-01 2.827148000000000216e+00 2.672118999999999911e+00
3.430179999999999896e-01 2.000732000000000177e+00 7.080079999999999707e-01 2.817382999999999971e+00 2.662354000000000109e+00
3.381350000000000189e-01 1.998291000000000039e+00 7.080079999999999707e-01 2.811278999999999861e+00 2.661132999999999971e+00
3.332519999999999927e-01 1.997069999999999901e+00 7.043460000000000276e-01 2.810058999999999862e+00 2.651367000000000029e+00
3.295899999999999941e-01 1.990966999999999931e+00 7.031250000000000000e-01 2.807617000000000029e+00 2.645264000000000060e+00
3.247070000000000234e-01 1.988525000000000098e+00 7.006839999999999735e-01 2.801514000000000060e+00 2.661132999999999971e+00
3.222659999999999969e-01 1.987305000000000099e+00 6.994629999999999459e-01 2.797851999999999784e+00 2.641601999999999784e+00
3.173830000000000262e-01 1.978760000000000074e+00 6.982420000000000293e-01 2.797851999999999784e+00 2.641601999999999784e+00
3.125000000000000000e-01 1.977538999999999936e+00 6.982420000000000293e-01 2.797851999999999784e+00 2.641601999999999784e+00
3.088380000000000014e-01 1.977538999999999936e+00 6.945799999999999752e-01 2.789306999999999981e+00 2.641601999999999784e+00
3.051760000000000028e-01 1.967772999999999994e+00 6.933589999999999476e-01 2.781982000000000177e+00 2.631835999999999842e+00
3.015140000000000042e-01 1.967772999999999994e+00 6.921389999999999487e-01 2.780762000000000178e+00 2.622069999999999901e+00
2.990720000000000045e-01 1.961670000000000025e+00 6.921389999999999487e-01 2.778319999999999901e+00 2.631835999999999842e+00
2.941889999999999783e-01 1.960449000000000108e+00 6.896970000000000045e-01 2.778319999999999901e+00 2.631835999999999842e+00
2.905269999999999797e-01 1.958007999999999971e+00 6.909180000000000321e-01 2.769775000000000098e+00 2.631835999999999842e+00
2.880860000000000087e-01 1.958007999999999971e+00 6.884770000000000056e-01 2.768555000000000099e+00 2.613525000000000098e+00
2.844240000000000101e-01 1.953125000000000000e+00 6.884770000000000056e-01 2.768555000000000099e+00 2.615966999999999931e+00
2.807620000000000116e-01 1.948242000000000029e+00 6.884770000000000056e-01 2.768555000000000099e+00 2.631835999999999842e+00
2.783200000000000118e-01 1.948242000000000029e+00 6.884770000000000056e-01 2.763672000000000128e+00 2.623291000000000039e+00
2.746580000000000132e-01 1.948242000000000029e+00 6.860349999999999504e-01 2.758789000000000158e+00 2.622069999999999901e+00
2.722169999999999868e-01 1.940917999999999921e+00 6.848140000000000338e-01 2.758789000000000158e+00 2.622069999999999901e+00
2.697749999999999870e-01 1.939697000000000005e+00 6.835940000000000349e-01 2.753906000000000187e+00 2.613525000000000098e+00
2.685549999999999882e-01 1.938477000000000006e+00 6.835940000000000349e-01 2.749023000000000216e+00 2.613525000000000098e+00
2.648929999999999896e-01 1.934814000000000034e+00 6.848140000000000338e-01 2.749023000000000216e+00 2.614745999999999793e+00
2.624509999999999899e-01 1.932372999999999896e+00 6.835940000000000349e-01 2.742919999999999803e+00 2.626952999999999872e+00
2.600100000000000189e-01 1.932372999999999896e+00 6.835940000000000349e-01 2.740479000000000109e+00 2.612305000000000099e+00
2.587889999999999913e-01 1.928711000000000064e+00 6.835940000000000349e-01 2.739257999999999971e+00 2.602539000000000158e+00
2.563480000000000203e-01 1.928711000000000064e+00 6.835940000000000349e-01 2.741699000000000108e+00 2.603759999999999852e+00
2.539060000000000206e-01 1.928711000000000064e+00 6.835940000000000349e-01 2.739257999999999971e+00 2.602539000000000158e+00
2.526860000000000217e-01 1.928711000000000064e+00 6.835940000000000349e-01 2.739257999999999971e+00 2.603759999999999852e+00
2.502440000000000220e-01 1.925049000000000010e+00 6.848140000000000338e-01 2.734375000000000000e+00 2.604979999999999851e+00
2.502440000000000220e-01 1.922606999999999955e+00 6.848140000000000338e-01 2.735596000000000139e+00 2.615966999999999931e+00
2.490229999999999944e-01 1.921386999999999956e+00 6.860349999999999504e-01 2.734375000000000000e+00 2.606200999999999990e+00
2.490229999999999944e-01 1.920166000000000039e+00 6.848140000000000338e-01 2.730713000000000168e+00 2.622069999999999901e+00
2.453609999999999958e-01 1.920166000000000039e+00 6.884770000000000056e-01 2.729492000000000029e+00 2.597656000000000187e+00
2.453609999999999958e-01 1.921386999999999956e+00 6.884770000000000056e-01 2.730713000000000168e+00 2.612305000000000099e+00
2.453609999999999958e-01 1.918944999999999901e+00 6.884770000000000056e-01 2.729492000000000029e+00 2.593993999999999911e+00
2.441409999999999969e-01 1.918944999999999901e+00 6.884770000000000056e-01 2.723389000000000060e+00 2.593993999999999911e+00
2.441409999999999969e-01 1.918944999999999901e+00 6.884770000000000056e-01 2.729492000000000029e+00 2.585449000000000108e+00
2.416989999999999972e-01 1.918944999999999901e+00 6.884770000000000056e-01 2.729492000000000029e+00 2.603759999999999852e+00
2.416989999999999972e-01 1.918944999999999901e+00 6.884770000000000056e-01 2.729492000000000029e+00 2.602539000000000158e+00
2.404789999999999983e-01 1.918944999999999901e+00 6.884770000000000056e-01 2.723389000000000060e+00 2.602539000000000158e+00
2.404789999999999983e-01 1.918944999999999901e+00 6.909180000000000321e-01 2.722167999999999921e+00 2.592773000000000216e+00
2.404789999999999983e-01 1.918944999999999901e+00 6.896970000000000045e-01 2.722167999999999921e+00 2.592773000000000216e+00
2.392579999999999985e-01 1.918944999999999901e+00 6.896970000000000045e-01 2.720946999999999782e+00 2.593993999999999911e+00
2.392579999999999985e-01 1.918944999999999901e+00 6.896970000000000045e-01 2.723389000000000060e+00 2.592773000000000216e+00
2.392579999999999985e-01 1.918944999999999901e+00 6.896970000000000045e-01 2.724609000000000059e+00 2.583007999999999971e+00
2.392579999999999985e-01 1.918944999999999901e+00 6.909180000000000321e-01 2.720946999999999782e+00 2.592773000000000216e+00
2.392579999999999985e-01 1.918944999999999901e+00 6.921389999999999487e-01 2.720946999999999782e+00 2.584229000000000109e+00
2.392579999999999985e-01 1.918944999999999901e+00 6.921389999999999487e-01 2.722167999999999921e+00 2.581786999999999832e+00
2.392579999999999985e-01 1.918944999999999901e+00 6.945799999999999752e-01 2.722167999999999921e+00 2.606200999999999990e+00
2.404789999999999983e-01 1.918944999999999901e+00 6.945799999999999752e-01 2.720946999999999782e+00 2.612305000000000099e+00
2.404789999999999983e-01 1.918944999999999901e+00 6.982420000000000293e-01 2.729492000000000029e+00 2.592773000000000216e+00
2.404789999999999983e-01 1.918944999999999901e+00 6.982420000000000293e-01 2.722167999999999921e+00 2.593993999999999911e+00
2.404789999999999983e-01 1.920166000000000039e+00 6.994629999999999459e-01 2.729492000000000029e+00 2.597656000000000187e+00
2.416989999999999972e-01 1.918944999999999901e+00 6.994629999999999459e-01 2.729492000000000029e+00 2.612305000000000099e+00
2.416989999999999972e-01 1.918944999999999901e+00 6.994629999999999459e-01 2.729492000000000029e+00 2.603759999999999852e+00
2.416989999999999972e-01 1.920166000000000039e+00 6.994629999999999459e-01 2.729492000000000029e+00 2.602539000000000158e+00
2.429199999999999970e-01 1.920166000000000039e+00 6.994629999999999459e-01 2.729492000000000029e+00 2.602539000000000158e+00
2.429199999999999970e-01 1.920166000000000039e+00 6.982420000000000293e-01 2.729492000000000029e+00 2.597656000000000187e+00
2.441409999999999969e-01 1.920166000000000039e+00 6.994629999999999459e-01 2.729492000000000029e+00 2.612305000000000099e+00
2.441409999999999969e-01 1.921386999999999956e+00 6.994629999999999459e-01 2.729492000000000029e+00 2.606200999999999990e+00
2.453609999999999958e-01 1.920166000000000039e+00 7.006839999999999735e-01 2.729492000000000029e+00 2.612305000000000099e+00
2.453609999999999958e-01 1.921386999999999956e+00 7.031250000000000000e-01 2.729492000000000029e+00 2.602539000000000158e+00
2.465819999999999956e-01 1.922606999999999955e+00 7.031250000000000000e-01 2.729492000000000029e+00 2.603759999999999852e+00
2.490229999999999944e-01 1.928711000000000064e+00 7.043460000000000276e-01 2.729492000000000029e+00 2.602539000000000158e+00
2.490229999999999944e-01 1.928711000000000064e+00 7.043460000000000276e-01 2.730713000000000168e+00 2.602539000000000158e+00
2.502440000000000220e-01 1.928711000000000064e+00 7.080079999999999707e-01 2.731933999999999862e+00 2.592773000000000216e+00
2.526860000000000217e-01 1.928711000000000064e+00 7.080079999999999707e-01 2.739257999999999971e+00 2.593993999999999911e+00
2.539060000000000206e-01 1.928711000000000064e+00 7.092289999999999983e-01 2.739257999999999971e+00 2.602539000000000158e+00
2.551269999999999927e-01 1.928711000000000064e+00 7.116700000000000248e-01 2.739257999999999971e+00 2.607422000000000128e+00
2.563480000000000203e-01 1.929931999999999981e+00 7.116700000000000248e-01 2.739257999999999971e+00 2.614745999999999793e+00
2.587889999999999913e-01 1.931151999999999980e+00 7.128910000000000524e-01 2.739257999999999971e+00 2.622069999999999901e+00
2.600100000000000189e-01 1.931151999999999980e+00 7.128910000000000524e-01 2.744140999999999941e+00 2.612305000000000099e+00
2.600100000000000189e-01 1.938477000000000006e+00 7.116700000000000248e-01 2.740479000000000109e+00 2.612305000000000099e+00
2.600100000000000189e-01 1.938477000000000006e+00 7.104489999999999972e-01 2.741699000000000108e+00 2.602539000000000158e+00
2.612300000000000177e-01 1.933594000000000035e+00 7.092289999999999983e-01 2.740479000000000109e+00 2.602539000000000158e+00
2.624509999999999899e-01 1.938477000000000006e+00 7.092289999999999983e-01 2.741699000000000108e+00 2.597656000000000187e+00
2.624509999999999899e-01 1.933594000000000035e+00 7.080079999999999707e-01 2.740479000000000109e+00 2.612305000000000099e+00
2.612300000000000177e-01 1.933594000000000035e+00 7.080079999999999707e-01 2.741699000000000108e+00 2.596436000000000188e+00
2.624509999999999899e-01 1.931151999999999980e+00 7.055660000000000265e-01 2.741699000000000108e+00 2.613525000000000098e+00
2.612300000000000177e-01 1.931151999999999980e+00 7.080079999999999707e-01 2.740479000000000109e+00 2.604979999999999851e+00
2.624509999999999899e-01 1.929931999999999981e+00 7.080079999999999707e-01 2.744140999999999941e+00 2.606200999999999990e+00
2.612300000000000177e-01 1.929931999999999981e+00 7.043460000000000276e-01 2.739257999999999971e+00 2.622069999999999901e+00
2.612300000000000177e-01 1.929931999999999981e+00 7.043460000000000276e-01 2.739257999999999971e+00 2.612305000000000099e+00
2.624509999999999899e-01 1.929931999999999981e+00 7.043460000000000276e-01 2.740479000000000109e+00 2.612305000000000099e+00
2.624509999999999899e-01 1.931151999999999980e+00 7.080079999999999707e-01 2.739257999999999971e+00 2.595215000000000050e+00
2.624509999999999899e-01 1.931151999999999980e+00 7.080079999999999707e-01 2.739257999999999971e+00 2.613525000000000098e+00
2.624509999999999899e-01 1.932372999999999896e+00 7.080079999999999707e-01 2.740479000000000109e+00 2.607422000000000128e+00
2.648929999999999896e-01 1.931151999999999980e+00 7.116700000000000248e-01 2.740479000000000109e+00 2.614745999999999793e+00
2.648929999999999896e-01 1.933594000000000035e+00 7.141110000000000513e-01 2.749023000000000216e+00 2.612305000000000099e+00
2.673340000000000161e-01 1.938477000000000006e+00 7.177729999999999944e-01 2.749023000000000216e+00 2.602539000000000158e+00
2.685549999999999882e-01 1.938477000000000006e+00 7.177729999999999944e-01 2.753906000000000187e+00 2.603759999999999852e+00
2.709960000000000147e-01 1.940917999999999921e+00 7.189940000000000220e-01 2.749023000000000216e+00 2.613525000000000098e+00
