1.611329999999999985e-01 1.763916000000000039e+00 6.494140000000000468e-01 2.534180000000000099e+00 2.447509999999999852e+00
1.586909999999999987e-01 1.763916000000000039e+00 6.494140000000000468e-01 2.535400000000000098e+00 2.446289000000000158e+00
1.599119999999999986e-01 1.762694999999999901e+00 6.481930000000000192e-01 2.535400000000000098e+00 2.436523000000000216e+00
1.586909999999999987e-01 1.762694999999999901e+00 6.494140000000000468e-01 2.534180000000000099e+00 2.436523000000000216e+00
1.599119999999999986e-01 1.763916000000000039e+00 6.494140000000000468e-01 2.536620999999999793e+00 2.449950999999999990e+00
1.586909999999999987e-01 1.762694999999999901e+00 6.457519999999999927e-01 2.535400000000000098e+00 2.456055000000000099e+00
1.586909999999999987e-01 1.762694999999999901e+00 6.494140000000000468e-01 2.536620999999999793e+00 2.449950999999999990e+00
1.586909999999999987e-01 1.762694999999999901e+00 6.457519999999999927e-01 2.534180000000000099e+00 2.465819999999999901e+00
1.586909999999999987e-01 1.762694999999999901e+00 6.494140000000000468e-01 2.534180000000000099e+00 2.459716999999999931e+00
1.586909999999999987e-01 1.762694999999999901e+00 6.469730000000000203e-01 2.534180000000000099e+00 2.467041000000000039e+00
1.574709999999999999e-01 1.762694999999999901e+00 6.469730000000000203e-01 2.534180000000000099e+00 2.465819999999999901e+00
1.574709999999999999e-01 1.762694999999999901e+00 6.457519999999999927e-01 2.534180000000000099e+00 2.465819999999999901e+00
1.586909999999999987e-01 1.762694999999999901e+00 6.457519999999999927e-01 2.534180000000000099e+00 2.465819999999999901e+00
1.574709999999999999e-01 1.762694999999999901e+00 6.457519999999999927e-01 2.534180000000000099e+00 2.465819999999999901e+00
1.586909999999999987e-01 1.762694999999999901e+00 6.457519999999999927e-01 2.534180000000000099e+00 2.462158000000000069e+00
1.574709999999999999e-01 1.759033000000000069e+00 6.457519999999999927e-01 2.534180000000000099e+00 2.475585999999999842e+00
1.574709999999999999e-01 1.762694999999999901e+00 6.457519999999999927e-01 2.534180000000000099e+00 2.467041000000000039e+00
1.574709999999999999e-01 1.762694999999999901e+00 6.457519999999999927e-01 2.534180000000000099e+00 2.465819999999999901e+00
1.574709999999999999e-01 1.762694999999999901e+00 6.457519999999999927e-01 2.535400000000000098e+00 2.456055000000000099e+00
1.574709999999999999e-01 1.762694999999999901e+00 6.457519999999999927e-01 2.534180000000000099e+00 2.447509999999999852e+00
1.574709999999999999e-01 1.762694999999999901e+00 6.457519999999999927e-01 2.534180000000000099e+00 2.456055000000000099e+00
1.574709999999999999e-01 1.757813000000000070e+00 6.445309999999999651e-01 2.528075999999999990e+00 2.445068000000000019e+00
1.574709999999999999e-01 1.757813000000000070e+00 6.457519999999999927e-01 2.534180000000000099e+00 2.460938000000000070e+00
1.574709999999999999e-01 1.757813000000000070e+00 6.457519999999999927e-01 2.534180000000000099e+00 2.475585999999999842e+00
1.562500000000000000e-01 1.756591999999999931e+00 6.481930000000000192e-01 2.534180000000000099e+00 2.468262000000000178e+00
1.574709999999999999e-01 1.756591999999999931e+00 6.457519999999999927e-01 2.536620999999999793e+00 2.476806999999999981e+00
1.574709999999999999e-01 1.762694999999999901e+00 6.457519999999999927e-01 2.534180000000000099e+00 2.467041000000000039e+00
1.562500000000000000e-01 1.756591999999999931e+00 6.457519999999999927e-01 2.530517999999999823e+00 2.456055000000000099e+00
1.562500000000000000e-01 1.757813000000000070e+00 6.457519999999999927e-01 2.534180000000000099e+00 2.449950999999999990e+00
1.574709999999999999e-01 1.754150000000000098e+00 6.457519999999999927e-01 2.536620999999999793e+00 2.469482000000000177e+00
1.562500000000000000e-01 1.756591999999999931e+00 6.457519999999999927e-01 2.534180000000000099e+00 2.475585999999999842e+00
1.574709999999999999e-01 1.756591999999999931e+00 6.457519999999999927e-01 2.534180000000000099e+00 2.465819999999999901e+00
1.562500000000000000e-01 1.756591999999999931e+00 6.494140000000000468e-01 2.528075999999999990e+00 2.449950999999999990e+00
1.562500000000000000e-01 1.756591999999999931e+00 6.457519999999999927e-01 2.534180000000000099e+00 2.459716999999999931e+00
1.574709999999999999e-01 1.755371000000000015e+00 6.469730000000000203e-01 2.528075999999999990e+00 2.457275000000000098e+00
1.574709999999999999e-01 1.757813000000000070e+00 6.494140000000000468e-01 2.534180000000000099e+00 2.446289000000000158e+00
1.574709999999999999e-01 1.755371000000000015e+00 6.457519999999999927e-01 2.528075999999999990e+00 2.447509999999999852e+00
1.562500000000000000e-01 1.755371000000000015e+00 6.457519999999999927e-01 2.528075999999999990e+00 2.436523000000000216e+00
1.574709999999999999e-01 1.756591999999999931e+00 6.457519999999999927e-01 2.528075999999999990e+00 2.430419999999999803e+00
1.574709999999999999e-01 1.756591999999999931e+00 6.457519999999999927e-01 2.534180000000000099e+00 2.447509999999999852e+00
1.574709999999999999e-01 1.762694999999999901e+00 6.457519999999999927e-01 2.528075999999999990e+00 2.446289000000000158e+00
1.574709999999999999e-01 1.756591999999999931e+00 6.457519999999999927e-01 2.534180000000000099e+00 2.446289000000000158e+00
1.574709999999999999e-01 1.756591999999999931e+00 6.457519999999999927e-01 2.528075999999999990e+00 2.446289000000000158e+00
1.574709999999999999e-01 1.757813000000000070e+00 6.494140000000000468e-01 2.534180000000000099e+00 2.440186000000000188e+00
1.574709999999999999e-01 1.756591999999999931e+00 6.494140000000000468e-01 2.534180000000000099e+00 2.465819999999999901e+00
1.574709999999999999e-01 1.756591999999999931e+00 6.494140000000000468e-01 2.528075999999999990e+00 2.447509999999999852e+00
1.574709999999999999e-01 1.756591999999999931e+00 6.457519999999999927e-01 2.534180000000000099e+00 2.446289000000000158e+00
1.574709999999999999e-01 1.756591999999999931e+00 6.469730000000000203e-01 2.534180000000000099e+00 2.456055000000000099e+00
1.574709999999999999e-01 1.756591999999999931e+00 6.494140000000000468e-01 2.537841999999999931e+00 2.448729999999999851e+00
1.586909999999999987e-01 1.756591999999999931e+00 6.469730000000000203e-01 2.537841999999999931e+00 2.446289000000000158e+00
1.586909999999999987e-01 1.757813000000000070e+00 6.469730000000000203e-01 2.534180000000000099e+00 2.441406000000000187e+00
1.586909999999999987e-01 1.756591999999999931e+00 6.457519999999999927e-01 2.534180000000000099e+00 2.467041000000000039e+00
1.586909999999999987e-01 1.756591999999999931e+00 6.457519999999999927e-01 2.534180000000000099e+00 2.465819999999999901e+00
1.586909999999999987e-01 1.757813000000000070e+00 6.457519999999999927e-01 2.534180000000000099e+00 2.465819999999999901e+00
1.586909999999999987e-01 1.756591999999999931e+00 6.481930000000000192e-01 2.534180000000000099e+00 2.465819999999999901e+00
1.586909999999999987e-01 1.754150000000000098e+00 6.457519999999999927e-01 2.528075999999999990e+00 2.456055000000000099e+00
1.586909999999999987e-01 1.756591999999999931e+00 6.457519999999999927e-01 2.534180000000000099e+00 2.447509999999999852e+00
1.586909999999999987e-01 1.756591999999999931e+00 6.457519999999999927e-01 2.534180000000000099e+00 2.457275000000000098e+00
1.586909999999999987e-01 1.754150000000000098e+00 6.457519999999999927e-01 2.534180000000000099e+00 2.457275000000000098e+00
1.586909999999999987e-01 1.755371000000000015e+00 6.457519999999999927e-01 2.534180000000000099e+00 2.458495999999999793e+00
1.586909999999999987e-01 1.755371000000000015e+00 6.457519999999999927e-01 2.534180000000000099e+00 2.475585999999999842e+00
1.586909999999999987e-01 1.755371000000000015e+00 6.457519999999999927e-01 2.534180000000000099e+00 2.467041000000000039e+00
1.586909999999999987e-01 1.755371000000000015e+00 6.457519999999999927e-01 2.534180000000000099e+00 2.465819999999999901e+00
1.586909999999999987e-01 1.754150000000000098e+00 6.469730000000000203e-01 2.534180000000000099e+00 2.459716999999999931e+00
1.586909999999999987e-01 1.756591999999999931e+00 6.445309999999999651e-01 2.528075999999999990e+00 2.457275000000000098e+00
1.586909999999999987e-01 1.752930000000000099e+00 6.457519999999999927e-01 2.534180000000000099e+00 2.456055000000000099e+00
1.586909999999999987e-01 1.754150000000000098e+00 6.445309999999999651e-01 2.534180000000000099e+00 2.456055000000000099e+00
1.586909999999999987e-01 1.754150000000000098e+00 6.445309999999999651e-01 2.530517999999999823e+00 2.446289000000000158e+00
1.574709999999999999e-01 1.754150000000000098e+00 6.445309999999999651e-01 2.534180000000000099e+00 2.446289000000000158e+00
1.574709999999999999e-01 1.752930000000000099e+00 6.445309999999999651e-01 2.534180000000000099e+00 2.449950999999999990e+00
1.586909999999999987e-01 1.752930000000000099e+00 6.445309999999999651e-01 2.534180000000000099e+00 2.465819999999999901e+00
1.586909999999999987e-01 1.754150000000000098e+00 6.445309999999999651e-01 2.534180000000000099e+00 2.459716999999999931e+00
1.574709999999999999e-01 1.752930000000000099e+00 6.457519999999999927e-01 2.528075999999999990e+00 2.468262000000000178e+00
1.574709999999999999e-01 1.754150000000000098e+00 6.445309999999999651e-01 2.529297000000000128e+00 2.459716999999999931e+00
1.586909999999999987e-01 1.752930000000000099e+00 6.445309999999999651e-01 2.534180000000000099e+00 2.470702999999999872e+00
1.574709999999999999e-01 1.752930000000000099e+00 6.445309999999999651e-01 2.529297000000000128e+00 2.475585999999999842e+00
1.586909999999999987e-01 1.752930000000000099e+00 6.457519999999999927e-01 2.528075999999999990e+00 2.465819999999999901e+00
1.586909999999999987e-01 1.752930000000000099e+00 6.445309999999999651e-01 2.534180000000000099e+00 2.448729999999999851e+00
1.574709999999999999e-01 1.752930000000000099e+00 6.445309999999999651e-01 2.528075999999999990e+00 2.456055000000000099e+00
1.574709999999999999e-01 1.752930000000000099e+00 6.445309999999999651e-01 2.534180000000000099e+00 2.446289000000000158e+00
1.574709999999999999e-01 1.752930000000000099e+00 6.445309999999999651e-01 2.528075999999999990e+00 2.446289000000000158e+00
1.574709999999999999e-01 1.752930000000000099e+00 6.445309999999999651e-01 2.528075999999999990e+00 2.436523000000000216e+00
1.574709999999999999e-01 1.752930000000000099e+00 6.445309999999999651e-01 2.528075999999999990e+00 2.426757999999999971e+00
1.586909999999999987e-01 1.752930000000000099e+00 6.445309999999999651e-01 2.526854999999999851e+00 2.437743999999999911e+00
1.574709999999999999e-01 1.754150000000000098e+00 6.445309999999999651e-01 2.528075999999999990e+00 2.436523000000000216e+00
1.574709999999999999e-01 1.752930000000000099e+00 6.445309999999999651e-01 2.534180000000000099e+00 2.436523000000000216e+00
1.574709999999999999e-01 1.752930000000000099e+00 6.457519999999999927e-01 2.529297000000000128e+00 2.447509999999999852e+00
1.574709999999999999e-01 1.752930000000000099e+00 6.457519999999999927e-01 2.528075999999999990e+00 2.446289000000000158e+00
1.586909999999999987e-01 1.752930000000000099e+00 6.457519999999999927e-01 2.528075999999999990e+00 2.436523000000000216e+00
1.574709999999999999e-01 1.752930000000000099e+00 6.445309999999999651e-01 2.534180000000000099e+00 2.436523000000000216e+00
1.586909999999999987e-01 1.752930000000000099e+00 6.457519999999999927e-01 2.534180000000000099e+00 2.447509999999999852e+00
1.586909999999999987e-01 1.752930000000000099e+00 6.457519999999999927e-01 2.534180000000000099e+00 2.456055000000000099e+00
1.586909999999999987e-01 1.752930000000000099e+00 6.494140000000000468e-01 2.534180000000000099e+00 2.456055000000000099e+00
1.586909999999999987e-01 1.752930000000000099e+00 6.457519999999999927e-01 2.525634999999999852e+00 2.446289000000000158e+00
1.586909999999999987e-01 1.752930000000000099e+00 6.457519999999999927e-01 2.526854999999999851e+00 2.447509999999999852e+00
1.586909999999999987e-01 1.752930000000000099e+00 6.457519999999999927e-01 2.534180000000000099e+00 2.456055000000000099e+00
1.586909999999999987e-01 1.752930000000000099e+00 6.457519999999999927e-01 2.534180000000000099e+00 2.457275000000000098e+00
1.599119999999999986e-01 1.755371000000000015e+00 6.457519999999999927e-01 2.530517999999999823e+00 2.449950999999999990e+00
1.599119999999999986e-01 1.754150000000000098e+00 6.494140000000000468e-01 2.534180000000000099e+00 2.456055000000000099e+00
1.611329999999999985e-01 1.752930000000000099e+00 6.457519999999999927e-01 2.525634999999999852e+00 2.448729999999999851e+00
1.611329999999999985e-01 1.754150000000000098e+00 6.457519999999999927e-01 2.534180000000000099e+00 2.457275000000000098e+00
1.599119999999999986e-01 1.752930000000000099e+00 6.494140000000000468e-01 2.534180000000000099e+00 2.456055000000000099e+00
1.599119999999999986e-01 1.754150000000000098e+00 6.469730000000000203e-01 2.535400000000000098e+00 2.446289000000000158e+00
1.611329999999999985e-01 1.754150000000000098e+00 6.494140000000000468e-01 2.528075999999999990e+00 2.438965000000000050e+00
1.611329999999999985e-01 1.754150000000000098e+00 6.494140000000000468e-01 2.534180000000000099e+00 2.448729999999999851e+00
1.611329999999999985e-01 1.754150000000000098e+00 6.506349999999999634e-01 2.534180000000000099e+00 2.467041000000000039e+00
1.611329999999999985e-01 1.754150000000000098e+00 6.494140000000000468e-01 2.534180000000000099e+00 2.459716999999999931e+00
1.611329999999999985e-01 1.754150000000000098e+00 6.494140000000000468e-01 2.534180000000000099e+00 2.468262000000000178e+00
1.611329999999999985e-01 1.756591999999999931e+00 6.494140000000000468e-01 2.534180000000000099e+00 2.475585999999999842e+00
1.611329999999999985e-01 1.756591999999999931e+00 6.494140000000000468e-01 2.534180000000000099e+00 2.465819999999999901e+00
1.623539999999999983e-01 1.757813000000000070e+00 6.494140000000000468e-01 2.539063000000000070e+00 2.459716999999999931e+00
1.635739999999999972e-01 1.759033000000000069e+00 6.518549999999999622e-01 2.535400000000000098e+00 2.465819999999999901e+00
1.647949999999999970e-01 1.762694999999999901e+00 6.530759999999999899e-01 2.535400000000000098e+00 2.448729999999999851e+00
1.660159999999999969e-01 1.762694999999999901e+00 6.591799999999999882e-01 2.536620999999999793e+00 2.459716999999999931e+00
1.696779999999999955e-01 1.765136999999999956e+00 6.652829999999999577e-01 2.543944999999999901e+00 2.475585999999999842e+00
1.770019999999999927e-01 1.773681999999999981e+00 6.835940000000000349e-01 2.553710999999999842e+00 2.476806999999999981e+00
1.867679999999999896e-01 1.791992000000000029e+00 7.092289999999999983e-01 2.563476999999999784e+00 2.479248000000000118e+00
2.026370000000000116e-01 1.811522999999999994e+00 7.373049999999999882e-01 2.583007999999999971e+00 2.496338000000000168e+00
2.197270000000000056e-01 1.832275000000000098e+00 7.666020000000000056e-01 2.602539000000000158e+00 2.506104000000000109e+00
2.392579999999999985e-01 1.860352000000000006e+00 7.861329999999999707e-01 2.625732000000000177e+00 2.504882999999999971e+00
2.587889999999999913e-01 1.881104000000000109e+00 8.056640000000000468e-01 2.651367000000000029e+00 2.514648000000000216e+00
2.795409999999999839e-01 1.909180000000000099e+00 8.190920000000000423e-01 2.680664000000000158e+00 2.537841999999999931e+00
3.002929999999999766e-01 1.938477000000000006e+00 8.349609999999999532e-01 2.700194999999999901e+00 2.563476999999999784e+00
3.234859999999999958e-01 1.961670000000000025e+00 8.508299999999999752e-01 2.729492000000000029e+00 2.579346000000000139e+00
3.478999999999999870e-01 1.989746000000000015e+00 8.740229999999999944e-01 2.753906000000000187e+00 2.602539000000000158e+00
3.771970000000000045e-01 2.026367000000000029e+00 8.984379999999999589e-01 2.788085999999999842e+00 2.613525000000000098e+00
4.064940000000000220e-01 2.059325999999999990e+00 9.277339999999999476e-01 2.817382999999999971e+00 2.631835999999999842e+00
4.406740000000000101e-01 2.095946999999999782e+00 9.619140000000000468e-01 2.850341999999999931e+00 2.641601999999999784e+00
4.760739999999999972e-01 2.135009999999999852e+00 9.924319999999999808e-01 2.890625000000000000e+00 2.661132999999999971e+00
5.139160000000000394e-01 2.172851999999999784e+00 1.022949000000000108e+00 2.924805000000000099e+00 2.690430000000000099e+00
5.139160000000000394e-01 2.172851999999999784e+00 1.022949000000000108e+00 2.924805000000000099e+00 2.690430000000000099e+00
5.517579999999999707e-01 2.211914000000000158e+00 1.059569999999999901e+00 2.966308999999999862e+00 2.719726999999999784e+00
5.908200000000000118e-01 2.250976999999999784e+00 1.093750000000000000e+00 3.002930000000000099e+00 2.740479000000000109e+00
6.311039999999999983e-01 2.290039000000000158e+00 1.130371000000000015e+00 3.046875000000000000e+00 2.768555000000000099e+00
6.701660000000000394e-01 2.329101999999999784e+00 1.158447000000000005e+00 3.084716999999999931e+00 2.789306999999999981e+00
7.092289999999999983e-01 2.364501999999999882e+00 1.186522999999999994e+00 3.129882999999999971e+00 2.807617000000000029e+00
7.470700000000000118e-01 2.398681999999999981e+00 1.215819999999999901e+00 3.159180000000000099e+00 2.836914000000000158e+00
7.775879999999999459e-01 2.431640999999999941e+00 1.235352000000000006e+00 3.188476999999999784e+00 2.856444999999999901e+00
8.081049999999999622e-01 2.465819999999999901e+00 1.254882999999999971e+00 3.217773000000000216e+00 2.885742000000000029e+00
8.361819999999999808e-01 2.487792999999999921e+00 1.269530999999999965e+00 3.240966999999999931e+00 2.895507999999999971e+00
8.654789999999999983e-01 2.515868999999999911e+00 1.287841999999999931e+00 3.276367000000000029e+00 2.910156000000000187e+00
8.898930000000000451e-01 2.543944999999999901e+00 1.304931999999999981e+00 3.295898000000000216e+00 2.945556999999999981e+00
9.143069999999999808e-01 2.567139000000000060e+00 1.323242000000000029e+00 3.316650000000000098e+00 2.949218999999999813e+00
9.362789999999999724e-01 2.585449000000000108e+00 1.333007999999999971e+00 3.344726999999999784e+00 2.965088000000000168e+00
9.533690000000000220e-01 2.607422000000000128e+00 1.334229000000000109e+00 3.359375000000000000e+00 2.983398000000000216e+00
9.716799999999999882e-01 2.622069999999999901e+00 1.334229000000000109e+00 3.374023000000000216e+00 2.993164000000000158e+00
9.814450000000000118e-01 2.634276999999999980e+00 1.333007999999999971e+00 3.383789000000000158e+00 3.002930000000000099e+00
9.912109999999999532e-01 2.646484000000000059e+00 1.329345999999999917e+00 3.393555000000000099e+00 3.012694999999999901e+00
9.960940000000000349e-01 2.652588000000000168e+00 1.323242000000000029e+00 3.403319999999999901e+00 3.012694999999999901e+00
1.000977000000000006e+00 2.661132999999999971e+00 1.313477000000000006e+00 3.406982000000000177e+00 3.012694999999999901e+00
1.000977000000000006e+00 2.661132999999999971e+00 1.303711000000000064e+00 3.413085999999999842e+00 3.012694999999999901e+00
1.000977000000000006e+00 2.661132999999999971e+00 1.293944999999999901e+00 3.422851999999999784e+00 3.022460999999999842e+00
1.000977000000000006e+00 2.661132999999999971e+00 1.275635000000000074e+00 3.422851999999999784e+00 3.024901999999999980e+00
9.960940000000000349e-01 2.661132999999999971e+00 1.257324000000000108e+00 3.414306999999999981e+00 3.032226999999999784e+00
9.924319999999999808e-01 2.661132999999999971e+00 1.239014000000000060e+00 3.422851999999999784e+00 3.022460999999999842e+00
9.851069999999999549e-01 2.656250000000000000e+00 1.219481999999999955e+00 3.413085999999999842e+00 3.032226999999999784e+00
9.814450000000000118e-01 2.651367000000000029e+00 1.201171999999999906e+00 3.417968999999999813e+00 3.022460999999999842e+00
9.716799999999999882e-01 2.642821999999999782e+00 1.185302999999999995e+00 3.403319999999999901e+00 3.032226999999999784e+00
9.631349999999999634e-01 2.634276999999999980e+00 1.171875000000000000e+00 3.403319999999999901e+00 3.022460999999999842e+00
9.619140000000000468e-01 2.631835999999999842e+00 1.163329999999999975e+00 3.395995999999999793e+00 3.023681999999999981e+00
9.533690000000000220e-01 2.631835999999999842e+00 1.160889000000000060e+00 3.393555000000000099e+00 3.016357000000000177e+00
9.521479999999999944e-01 2.631835999999999842e+00 1.160889000000000060e+00 3.398438000000000070e+00 3.032226999999999784e+00
9.460450000000000248e-01 2.625732000000000177e+00 1.159667999999999921e+00 3.393555000000000099e+00 3.022460999999999842e+00
9.423829999999999707e-01 2.623291000000000039e+00 1.148681999999999981e+00 3.393555000000000099e+00 3.022460999999999842e+00
9.338379999999999459e-01 2.619629000000000207e+00 1.137694999999999901e+00 3.385009999999999852e+00 3.012694999999999901e+00
9.277339999999999476e-01 2.612305000000000099e+00 1.123046999999999906e+00 3.383789000000000158e+00 3.002930000000000099e+00
9.179690000000000349e-01 2.604979999999999851e+00 1.104735999999999940e+00 3.383789000000000158e+00 3.006591999999999931e+00
9.069819999999999549e-01 2.602539000000000158e+00 1.088867000000000029e+00 3.374023000000000216e+00 3.016357000000000177e+00
8.972170000000000423e-01 2.592773000000000216e+00 1.070556999999999981e+00 3.364257999999999971e+00 3.022460999999999842e+00
8.862299999999999622e-01 2.583007999999999971e+00 1.054688000000000070e+00 3.359375000000000000e+00 3.004150000000000098e+00
8.752440000000000220e-01 2.573242000000000029e+00 1.040038999999999936e+00 3.348389000000000060e+00 2.995604999999999851e+00
8.642579999999999707e-01 2.558593999999999813e+00 1.025390999999999941e+00 3.344726999999999784e+00 2.993164000000000158e+00
8.544920000000000293e-01 2.553710999999999842e+00 1.010742000000000029e+00 3.334960999999999842e+00 2.983398000000000216e+00
8.386230000000000073e-01 2.537841999999999931e+00 9.948730000000000073e-01 3.325194999999999901e+00 2.983398000000000216e+00
8.264160000000000394e-01 2.526854999999999851e+00 9.814450000000000118e-01 3.320313000000000070e+00 2.978515999999999941e+00
8.166499999999999870e-01 2.515868999999999911e+00 9.667970000000000175e-01 3.308104999999999851e+00 2.983398000000000216e+00
8.056640000000000468e-01 2.504882999999999971e+00 9.570309999999999651e-01 3.300781000000000187e+00 2.968750000000000000e+00
7.922360000000000513e-01 2.496338000000000168e+00 9.423829999999999707e-01 3.289794999999999803e+00 2.973632999999999971e+00
7.812500000000000000e-01 2.485351999999999784e+00 9.326170000000000293e-01 3.286132999999999971e+00 2.949218999999999813e+00
7.678220000000000045e-01 2.475585999999999842e+00 9.167480000000000073e-01 3.276367000000000029e+00 2.968750000000000000e+00
7.568359999999999532e-01 2.459716999999999931e+00 9.045410000000000394e-01 3.266601999999999784e+00 2.963867000000000029e+00
7.470700000000000118e-01 2.453612999999999822e+00 8.959960000000000147e-01 3.256835999999999842e+00 2.947998000000000118e+00
7.336430000000000451e-01 2.446289000000000158e+00 8.850099999999999634e-01 3.247069999999999901e+00 2.954101999999999784e+00
7.214359999999999662e-01 2.436523000000000216e+00 8.789059999999999651e-01 3.239745999999999793e+00 2.937012000000000178e+00
7.214359999999999662e-01 2.436523000000000216e+00 8.789059999999999651e-01 3.239745999999999793e+00 2.937012000000000178e+00
7.104489999999999972e-01 2.426757999999999971e+00 8.703610000000000513e-01 3.227539000000000158e+00 2.944335999999999842e+00
7.006839999999999735e-01 2.416992000000000029e+00 8.654789999999999983e-01 3.223876999999999882e+00 2.924805000000000099e+00
6.896970000000000045e-01 2.407226999999999784e+00 8.593750000000000000e-01 3.211669999999999803e+00 2.905273000000000216e+00
6.799319999999999808e-01 2.402343999999999813e+00 8.544920000000000293e-01 3.208007999999999971e+00 2.895507999999999971e+00
6.701660000000000394e-01 2.388916000000000039e+00 8.508299999999999752e-01 3.198242000000000029e+00 2.905273000000000216e+00
6.616210000000000147e-01 2.381591999999999931e+00 8.459470000000000045e-01 3.192139000000000060e+00 2.896729000000000109e+00
6.555180000000000451e-01 2.377930000000000099e+00 8.447270000000000056e-01 3.188476999999999784e+00 2.888183999999999862e+00
6.457519999999999927e-01 2.369384999999999852e+00 8.410640000000000338e-01 3.178710999999999842e+00 2.905273000000000216e+00
6.396479999999999944e-01 2.368164000000000158e+00 8.398440000000000349e-01 3.172607000000000177e+00 2.895507999999999971e+00
6.311039999999999983e-01 2.358398000000000216e+00 8.361819999999999808e-01 3.168944999999999901e+00 2.875976999999999784e+00
6.250000000000000000e-01 2.351074000000000108e+00 8.349609999999999532e-01 3.160400000000000098e+00 2.875976999999999784e+00
6.164549999999999752e-01 2.348632999999999971e+00 8.349609999999999532e-01 3.159180000000000099e+00 2.866210999999999842e+00
6.103520000000000056e-01 2.341308999999999862e+00 8.300779999999999825e-01 3.150634999999999852e+00 2.866210999999999842e+00
6.018069999999999808e-01 2.338867000000000029e+00 8.264160000000000394e-01 3.149414000000000158e+00 2.857666000000000039e+00
5.944819999999999549e-01 2.329101999999999784e+00 8.251950000000000118e-01 3.140868999999999911e+00 2.860107000000000177e+00
5.871579999999999577e-01 2.329101999999999784e+00 8.251950000000000118e-01 3.139648000000000216e+00 2.866210999999999842e+00
5.810549999999999882e-01 2.320556999999999981e+00 8.190920000000000423e-01 3.132324000000000108e+00 2.868651999999999980e+00
5.725099999999999634e-01 2.313232000000000177e+00 8.154299999999999882e-01 3.129882999999999971e+00 2.875976999999999784e+00
5.651859999999999662e-01 2.309569999999999901e+00 8.117680000000000451e-01 3.121338000000000168e+00 2.869873000000000118e+00
5.578610000000000513e-01 2.303466999999999931e+00 8.081049999999999622e-01 3.120117000000000029e+00 2.866210999999999842e+00
5.493160000000000265e-01 2.294922000000000128e+00 8.056640000000000468e-01 3.110351999999999784e+00 2.856444999999999901e+00
5.432129999999999459e-01 2.290039000000000158e+00 7.995609999999999662e-01 3.104248000000000118e+00 2.856444999999999901e+00
5.346680000000000321e-01 2.283936000000000188e+00 7.958979999999999944e-01 3.100585999999999842e+00 2.836914000000000158e+00
5.273440000000000349e-01 2.282715000000000050e+00 7.910160000000000524e-01 3.093262000000000178e+00 2.839354999999999851e+00
5.224609999999999532e-01 2.272949000000000108e+00 7.873539999999999983e-01 3.092041000000000039e+00 2.856444999999999901e+00
5.126950000000000118e-01 2.270507999999999971e+00 7.861329999999999707e-01 3.082275000000000098e+00 2.836914000000000158e+00
5.065920000000000423e-01 2.260742000000000029e+00 7.800289999999999724e-01 3.081055000000000099e+00 2.827148000000000216e+00
4.992679999999999896e-01 2.254639000000000060e+00 7.763670000000000293e-01 3.073729999999999851e+00 2.827148000000000216e+00
4.931639999999999913e-01 2.250976999999999784e+00 7.727049999999999752e-01 3.071289000000000158e+00 2.828368999999999911e+00
4.858399999999999941e-01 2.241210999999999842e+00 7.690430000000000321e-01 3.061523000000000216e+00 2.827148000000000216e+00
4.797359999999999958e-01 2.241210999999999842e+00 7.666020000000000056e-01 3.054199000000000108e+00 2.819824000000000108e+00
4.736330000000000262e-01 2.231444999999999901e+00 7.617190000000000349e-01 3.051757999999999971e+00 2.827148000000000216e+00
4.663089999999999735e-01 2.231444999999999901e+00 7.580569999999999808e-01 3.051757999999999971e+00 2.821044999999999803e+00
4.602049999999999752e-01 2.221680000000000099e+00 7.568359999999999532e-01 3.041992000000000029e+00 2.827148000000000216e+00
4.541020000000000056e-01 2.221680000000000099e+00 7.531740000000000101e-01 3.035889000000000060e+00 2.827148000000000216e+00
4.479980000000000073e-01 2.211914000000000158e+00 7.519529999999999825e-01 3.032226999999999784e+00 2.799071999999999782e+00
4.418949999999999823e-01 2.205811000000000188e+00 7.482910000000000394e-01 3.032226999999999784e+00 2.807617000000000029e+00
4.357909999999999839e-01 2.202148000000000216e+00 7.482910000000000394e-01 3.022460999999999842e+00 2.807617000000000029e+00
4.309080000000000132e-01 2.196044999999999803e+00 7.482910000000000394e-01 3.016357000000000177e+00 2.801514000000000060e+00
4.260249999999999870e-01 2.196044999999999803e+00 7.470700000000000118e-01 3.016357000000000177e+00 2.807617000000000029e+00
4.211429999999999896e-01 2.192382999999999971e+00 7.470700000000000118e-01 3.012694999999999901e+00 2.788085999999999842e+00
4.174800000000000177e-01 2.186278999999999861e+00 7.470700000000000118e-01 3.012694999999999901e+00 2.789306999999999981e+00
4.150389999999999913e-01 2.182617000000000029e+00 7.470700000000000118e-01 3.004150000000000098e+00 2.797851999999999784e+00
4.101560000000000206e-01 2.182617000000000029e+00 7.482910000000000394e-01 3.005370999999999793e+00 2.788085999999999842e+00
4.064940000000000220e-01 2.182617000000000029e+00 7.495119999999999560e-01 3.002930000000000099e+00 2.783202999999999872e+00
4.052729999999999944e-01 2.182617000000000029e+00 7.519529999999999825e-01 3.002930000000000099e+00 2.797851999999999784e+00
4.016109999999999958e-01 2.182617000000000029e+00 7.531740000000000101e-01 2.996825999999999990e+00 2.799071999999999782e+00
4.003909999999999969e-01 2.176514000000000060e+00 7.568359999999999532e-01 2.995604999999999851e+00 2.778319999999999901e+00
3.979489999999999972e-01 2.177734000000000059e+00 7.580569999999999808e-01 3.002930000000000099e+00 2.783202999999999872e+00
3.967289999999999983e-01 2.182617000000000029e+00 7.580569999999999808e-01 2.994384999999999852e+00 2.807617000000000029e+00
3.967289999999999983e-01 2.182617000000000029e+00 7.629390000000000338e-01 2.996825999999999990e+00 2.797851999999999784e+00
3.955080000000000262e-01 2.182617000000000029e+00 7.666020000000000056e-01 2.996825999999999990e+00 2.781982000000000177e+00
3.955080000000000262e-01 2.176514000000000060e+00 7.666020000000000056e-01 2.995604999999999851e+00 2.781982000000000177e+00
3.955080000000000262e-01 2.182617000000000029e+00 7.678220000000000045e-01 2.993164000000000158e+00 2.792968999999999813e+00
3.955080000000000262e-01 2.176514000000000060e+00 7.727049999999999752e-01 2.995604999999999851e+00 2.801514000000000060e+00
3.930660000000000265e-01 2.182617000000000029e+00 7.727049999999999752e-01 2.994384999999999852e+00 2.811278999999999861e+00
3.942869999999999986e-01 2.182617000000000029e+00 7.727049999999999752e-01 2.995604999999999851e+00 2.797851999999999784e+00
3.942869999999999986e-01 2.182617000000000029e+00 7.727049999999999752e-01 2.994384999999999852e+00 2.807617000000000029e+00
3.918460000000000276e-01 2.182617000000000029e+00 7.727049999999999752e-01 2.994384999999999852e+00 2.788085999999999842e+00
3.918460000000000276e-01 2.176514000000000060e+00 7.727049999999999752e-01 2.995604999999999851e+00 2.778319999999999901e+00
3.906250000000000000e-01 2.177734000000000059e+00 7.727049999999999752e-01 2.994384999999999852e+00 2.790526999999999980e+00
3.906250000000000000e-01 2.176514000000000060e+00 7.763670000000000293e-01 2.993164000000000158e+00 2.788085999999999842e+00
3.906250000000000000e-01 2.175292999999999921e+00 7.763670000000000293e-01 2.993164000000000158e+00 2.788085999999999842e+00
3.906250000000000000e-01 2.176514000000000060e+00 7.775879999999999459e-01 2.993164000000000158e+00 2.788085999999999842e+00
3.906250000000000000e-01 2.176514000000000060e+00 7.800289999999999724e-01 2.993164000000000158e+00 2.792968999999999813e+00
3.918460000000000276e-01 2.176514000000000060e+00 7.812500000000000000e-01 2.994384999999999852e+00 2.807617000000000029e+00
3.906250000000000000e-01 2.176514000000000060e+00 7.812500000000000000e-01 2.994384999999999852e+00 2.789306999999999981e+00
3.918460000000000276e-01 2.182617000000000029e+00 7.861329999999999707e-01 2.993164000000000158e+00 2.778319999999999901e+00
3.930660000000000265e-01 2.182617000000000029e+00 7.861329999999999707e-01 2.993164000000000158e+00 2.780762000000000178e+00
3.942869999999999986e-01 2.182617000000000029e+00 7.861329999999999707e-01 2.993164000000000158e+00 2.792968999999999813e+00
3.955080000000000262e-01 2.182617000000000029e+00 7.873539999999999983e-01 2.993164000000000158e+00 2.801514000000000060e+00
3.955080000000000262e-01 2.182617000000000029e+00 7.873539999999999983e-01 2.995604999999999851e+00 2.807617000000000029e+00
3.967289999999999983e-01 2.182617000000000029e+00 7.873539999999999983e-01 2.994384999999999852e+00 2.807617000000000029e+00
3.967289999999999983e-01 2.182617000000000029e+00 7.885739999999999972e-01 2.994384999999999852e+00 2.797851999999999784e+00
3.967289999999999983e-01 2.182617000000000029e+00 7.897950000000000248e-01 2.996825999999999990e+00 2.789306999999999981e+00
3.979489999999999972e-01 2.182617000000000029e+00 7.873539999999999983e-01 2.994384999999999852e+00 2.788085999999999842e+00
3.979489999999999972e-01 2.185058999999999862e+00 7.873539999999999983e-01 2.996825999999999990e+00 2.788085999999999842e+00
3.979489999999999972e-01 2.182617000000000029e+00 7.873539999999999983e-01 2.995604999999999851e+00 2.779541000000000039e+00
3.979489999999999972e-01 2.182617000000000029e+00 7.861329999999999707e-01 2.995604999999999851e+00 2.781982000000000177e+00
3.979489999999999972e-01 2.174071999999999782e+00 7.861329999999999707e-01 2.994384999999999852e+00 2.799071999999999782e+00
3.967289999999999983e-01 2.172851999999999784e+00 7.812500000000000000e-01 2.993164000000000158e+00 2.779541000000000039e+00
3.967289999999999983e-01 2.172851999999999784e+00 7.800289999999999724e-01 2.993164000000000158e+00 2.788085999999999842e+00
3.955080000000000262e-01 2.172851999999999784e+00 7.763670000000000293e-01 2.993164000000000158e+00 2.788085999999999842e+00
3.918460000000000276e-01 2.172851999999999784e+00 7.763670000000000293e-01 2.993164000000000158e+00 2.780762000000000178e+00
3.906250000000000000e-01 2.163085999999999842e+00 7.714839999999999476e-01 2.993164000000000158e+00 2.797851999999999784e+00
3.894039999999999724e-01 2.163085999999999842e+00 7.702639999999999487e-01 2.983398000000000216e+00 2.789306999999999981e+00
3.881839999999999735e-01 2.163085999999999842e+00 7.666020000000000056e-01 2.983398000000000216e+00 2.788085999999999842e+00
3.869630000000000014e-01 2.154541000000000039e+00 7.666020000000000056e-01 2.983398000000000216e+00 2.780762000000000178e+00
3.845210000000000017e-01 2.153319999999999901e+00 7.629390000000000338e-01 2.983398000000000216e+00 2.790526999999999980e+00
3.808590000000000031e-01 2.153319999999999901e+00 7.592769999999999797e-01 2.973632999999999971e+00 2.791748000000000118e+00
3.796390000000000042e-01 2.150879000000000207e+00 7.580569999999999808e-01 2.973632999999999971e+00 2.797851999999999784e+00
3.759770000000000056e-01 2.143555000000000099e+00 7.568359999999999532e-01 2.973632999999999971e+00 2.779541000000000039e+00
3.759770000000000056e-01 2.144775000000000098e+00 7.519529999999999825e-01 2.973632999999999971e+00 2.778319999999999901e+00
3.710939999999999794e-01 2.143555000000000099e+00 7.507319999999999549e-01 2.965088000000000168e+00 2.780762000000000178e+00
3.698730000000000073e-01 2.133789000000000158e+00 7.482910000000000394e-01 2.963867000000000029e+00 2.772216999999999931e+00
3.662110000000000087e-01 2.133789000000000158e+00 7.470700000000000118e-01 2.963867000000000029e+00 2.778319999999999901e+00
3.625490000000000101e-01 2.128906000000000187e+00 7.470700000000000118e-01 2.957764000000000060e+00 2.778319999999999901e+00
3.601070000000000104e-01 2.124023000000000216e+00 7.421879999999999589e-01 2.954101999999999784e+00 2.758789000000000158e+00
3.564450000000000118e-01 2.116699000000000108e+00 7.385249999999999870e-01 2.954101999999999784e+00 2.769775000000000098e+00
3.527830000000000132e-01 2.114257999999999971e+00 7.373049999999999882e-01 2.944335999999999842e+00 2.762450999999999990e+00
3.491210000000000147e-01 2.114257999999999971e+00 7.336430000000000451e-01 2.944335999999999842e+00 2.768555000000000099e+00
3.466799999999999882e-01 2.108153999999999861e+00 7.312009999999999899e-01 2.944335999999999842e+00 2.763672000000000128e+00
3.430179999999999896e-01 2.104492000000000029e+00 7.287599999999999634e-01 2.934569999999999901e+00 2.768555000000000099e+00
3.405759999999999899e-01 2.098389000000000060e+00 7.275390000000000468e-01 2.930908000000000069e+00 2.762450999999999990e+00
3.369139999999999913e-01 2.094726999999999784e+00 7.238769999999999927e-01 2.934569999999999901e+00 2.758789000000000158e+00
3.332519999999999927e-01 2.094726999999999784e+00 7.226559999999999651e-01 2.929688000000000070e+00 2.749023000000000216e+00
3.308110000000000217e-01 2.088623000000000118e+00 7.202150000000000496e-01 2.924805000000000099e+00 2.750243999999999911e+00
3.283690000000000220e-01 2.089843999999999813e+00 7.189940000000000220e-01 2.918700999999999990e+00 2.752686000000000188e+00
3.247070000000000234e-01 2.084960999999999842e+00 7.189940000000000220e-01 2.915039000000000158e+00 2.740479000000000109e+00
3.222659999999999969e-01 2.078857000000000177e+00 7.189940000000000220e-01 2.908936000000000188e+00 2.749023000000000216e+00
3.210450000000000248e-01 2.077637000000000178e+00 7.189940000000000220e-01 2.915039000000000158e+00 2.730713000000000168e+00
3.186039999999999983e-01 2.084960999999999842e+00 7.177729999999999944e-01 2.915039000000000158e+00 2.730713000000000168e+00
3.173830000000000262e-01 2.075194999999999901e+00 7.189940000000000220e-01 2.915039000000000158e+00 2.739257999999999971e+00
3.137210000000000276e-01 2.069091999999999931e+00 7.177729999999999944e-01 2.905273000000000216e+00 2.729492000000000029e+00
3.125000000000000000e-01 2.067870999999999793e+00 7.177729999999999944e-01 2.905273000000000216e+00 2.729492000000000029e+00
3.112789999999999724e-01 2.066650000000000098e+00 7.177729999999999944e-01 2.899169999999999803e+00 2.739257999999999971e+00
3.088380000000000014e-01 2.065430000000000099e+00 7.141110000000000513e-01 2.896729000000000109e+00 2.729492000000000029e+00
3.076169999999999738e-01 2.066650000000000098e+00 7.128910000000000524e-01 2.895507999999999971e+00 2.711181999999999981e+00
3.039549999999999752e-01 2.059325999999999990e+00 7.116700000000000248e-01 2.895507999999999971e+00 2.719726999999999784e+00
3.015140000000000042e-01 2.055664000000000158e+00 7.092289999999999983e-01 2.895507999999999971e+00 2.720946999999999782e+00
2.990720000000000045e-01 2.049561000000000188e+00 7.092289999999999983e-01 2.890625000000000000e+00 2.720946999999999782e+00
2.978520000000000056e-01 2.055664000000000158e+00 7.080079999999999707e-01 2.886963000000000168e+00 2.729492000000000029e+00
2.917480000000000073e-01 2.045898000000000216e+00 7.031250000000000000e-01 2.879639000000000060e+00 2.719726999999999784e+00
2.893069999999999808e-01 2.045898000000000216e+00 7.031250000000000000e-01 2.875976999999999784e+00 2.700194999999999901e+00
2.880860000000000087e-01 2.037354000000000109e+00 7.031250000000000000e-01 2.878417999999999921e+00 2.709960999999999842e+00
2.880860000000000087e-01 2.037354000000000109e+00 7.031250000000000000e-01 2.878417999999999921e+00 2.709960999999999842e+00
2.832029999999999825e-01 2.038574000000000108e+00 6.994629999999999459e-01 2.875976999999999784e+00 2.709960999999999842e+00
2.819820000000000104e-01 2.036132999999999971e+00 6.994629999999999459e-01 2.868651999999999980e+00 2.711181999999999981e+00
2.795409999999999839e-01 2.031250000000000000e+00 6.982420000000000293e-01 2.866210999999999842e+00 2.709960999999999842e+00
2.783200000000000118e-01 2.031250000000000000e+00 6.982420000000000293e-01 2.871093999999999813e+00 2.701416000000000039e+00
2.722169999999999868e-01 2.026367000000000029e+00 6.945799999999999752e-01 2.857666000000000039e+00 2.700194999999999901e+00
2.709960000000000147e-01 2.021484000000000059e+00 6.945799999999999752e-01 2.857666000000000039e+00 2.700194999999999901e+00
2.685549999999999882e-01 2.017821999999999782e+00 6.945799999999999752e-01 2.856444999999999901e+00 2.690430000000000099e+00
2.685549999999999882e-01 2.016601999999999784e+00 6.933589999999999476e-01 2.850341999999999931e+00 2.700194999999999901e+00
2.648929999999999896e-01 2.011718999999999813e+00 6.921389999999999487e-01 2.850341999999999931e+00 2.694091999999999931e+00
2.624509999999999899e-01 2.008056999999999981e+00 6.933589999999999476e-01 2.847900000000000098e+00 2.694091999999999931e+00
2.600100000000000189e-01 2.011718999999999813e+00 6.921389999999999487e-01 2.846680000000000099e+00 2.691650000000000098e+00
2.600100000000000189e-01 2.006835999999999842e+00 6.909180000000000321e-01 2.846680000000000099e+00 2.690430000000000099e+00
2.587889999999999913e-01 2.006835999999999842e+00 6.896970000000000045e-01 2.846680000000000099e+00 2.691650000000000098e+00
2.563480000000000203e-01 2.006835999999999842e+00 6.896970000000000045e-01 2.838134999999999852e+00 2.700194999999999901e+00
2.551269999999999927e-01 1.998291000000000039e+00 6.896970000000000045e-01 2.836914000000000158e+00 2.680664000000000158e+00
2.539060000000000206e-01 1.997069999999999901e+00 6.896970000000000045e-01 2.839354999999999851e+00 2.690430000000000099e+00
2.526860000000000217e-01 1.997069999999999901e+00 6.896970000000000045e-01 2.836914000000000158e+00 2.683104999999999851e+00
2.502440000000000220e-01 1.997069999999999901e+00 6.921389999999999487e-01 2.836914000000000158e+00 2.691650000000000098e+00
2.502440000000000220e-01 1.998291000000000039e+00 6.896970000000000045e-01 2.836914000000000158e+00 2.691650000000000098e+00
2.490229999999999944e-01 1.997069999999999901e+00 6.896970000000000045e-01 2.832031000000000187e+00 2.690430000000000099e+00
2.478029999999999955e-01 1.990966999999999931e+00 6.909180000000000321e-01 2.827148000000000216e+00 2.681884999999999852e+00
2.478029999999999955e-01 1.989746000000000015e+00 6.909180000000000321e-01 2.827148000000000216e+00 2.683104999999999851e+00
2.465819999999999956e-01 1.988525000000000098e+00 6.921389999999999487e-01 2.827148000000000216e+00 2.692870999999999793e+00
2.453609999999999958e-01 1.989746000000000015e+00 6.945799999999999752e-01 2.827148000000000216e+00 2.700194999999999901e+00
2.465819999999999956e-01 1.988525000000000098e+00 6.982420000000000293e-01 2.829590000000000050e+00 2.690430000000000099e+00
2.478029999999999955e-01 1.989746000000000015e+00 7.019039999999999724e-01 2.827148000000000216e+00 2.690430000000000099e+00
2.490229999999999944e-01 1.997069999999999901e+00 7.080079999999999707e-01 2.827148000000000216e+00 2.681884999999999852e+00
2.526860000000000217e-01 1.997069999999999901e+00 7.104489999999999972e-01 2.827148000000000216e+00 2.680664000000000158e+00
2.600100000000000189e-01 2.006835999999999842e+00 7.238769999999999927e-01 2.836914000000000158e+00 2.690430000000000099e+00
2.648929999999999896e-01 2.008056999999999981e+00 7.336430000000000451e-01 2.836914000000000158e+00 2.690430000000000099e+00
2.709960000000000147e-01 2.016601999999999784e+00 7.421879999999999589e-01 2.840575999999999990e+00 2.700194999999999901e+00
2.783200000000000118e-01 2.026367000000000029e+00 7.507319999999999549e-01 2.846680000000000099e+00 2.690430000000000099e+00
2.844240000000000101e-01 2.031250000000000000e+00 7.604980000000000073e-01 2.856444999999999901e+00 2.700194999999999901e+00
2.929689999999999794e-01 2.037354000000000109e+00 7.702639999999999487e-01 2.866210999999999842e+00 2.703857000000000177e+00
3.002929999999999766e-01 2.045898000000000216e+00 7.788089999999999735e-01 2.868651999999999980e+00 2.716063999999999812e+00
3.173830000000000262e-01 2.065430000000000099e+00 7.873539999999999983e-01 2.885742000000000029e+00 2.734375000000000000e+00
3.234859999999999958e-01 2.066650000000000098e+00 7.885739999999999972e-01 2.895507999999999971e+00 2.734375000000000000e+00
3.295899999999999941e-01 2.075194999999999901e+00 7.873539999999999983e-01 2.896729000000000109e+00 2.742919999999999803e+00
3.369139999999999913e-01 2.075194999999999901e+00 7.873539999999999983e-01 2.899169999999999803e+00 2.742919999999999803e+00
3.393550000000000177e-01 2.076416000000000039e+00 7.861329999999999707e-01 2.905273000000000216e+00 2.734375000000000000e+00
3.430179999999999896e-01 2.084960999999999842e+00 7.824710000000000276e-01 2.907715000000000050e+00 2.750243999999999911e+00
3.466799999999999882e-01 2.078857000000000177e+00 7.812500000000000000e-01 2.915039000000000158e+00 2.739257999999999971e+00
3.478999999999999870e-01 2.080077999999999872e+00 7.763670000000000293e-01 2.915039000000000158e+00 2.739257999999999971e+00
3.503419999999999868e-01 2.078857000000000177e+00 7.727049999999999752e-01 2.910156000000000187e+00 2.739257999999999971e+00
3.503419999999999868e-01 2.078857000000000177e+00 7.702639999999999487e-01 2.915039000000000158e+00 2.740479000000000109e+00
3.503419999999999868e-01 2.076416000000000039e+00 7.678220000000000045e-01 2.915039000000000158e+00 2.739257999999999971e+00
3.515630000000000144e-01 2.076416000000000039e+00 7.666020000000000056e-01 2.915039000000000158e+00 2.739257999999999971e+00
3.527830000000000132e-01 2.076416000000000039e+00 7.666020000000000056e-01 2.915039000000000158e+00 2.734375000000000000e+00
3.527830000000000132e-01 2.076416000000000039e+00 7.666020000000000056e-01 2.915039000000000158e+00 2.740479000000000109e+00
3.564450000000000118e-01 2.076416000000000039e+00 7.666020000000000056e-01 2.915039000000000158e+00 2.739257999999999971e+00
3.564450000000000118e-01 2.080077999999999872e+00 7.678220000000000045e-01 2.915039000000000158e+00 2.739257999999999971e+00
3.576659999999999839e-01 2.084960999999999842e+00 7.702639999999999487e-01 2.916259999999999852e+00 2.749023000000000216e+00
3.601070000000000104e-01 2.084960999999999842e+00 7.763670000000000293e-01 2.915039000000000158e+00 2.729492000000000029e+00
3.625490000000000101e-01 2.084960999999999842e+00 7.763670000000000293e-01 2.917479999999999851e+00 2.734375000000000000e+00
3.662110000000000087e-01 2.086181999999999981e+00 7.763670000000000293e-01 2.915039000000000158e+00 2.749023000000000216e+00
3.674319999999999808e-01 2.087401999999999980e+00 7.775879999999999459e-01 2.917479999999999851e+00 2.750243999999999911e+00
3.698730000000000073e-01 2.094726999999999784e+00 7.800289999999999724e-01 2.924805000000000099e+00 2.742919999999999803e+00
3.723139999999999783e-01 2.094726999999999784e+00 7.824710000000000276e-01 2.924805000000000099e+00 2.758789000000000158e+00
3.759770000000000056e-01 2.094726999999999784e+00 7.861329999999999707e-01 2.926025000000000098e+00 2.758789000000000158e+00
3.771970000000000045e-01 2.094726999999999784e+00 7.861329999999999707e-01 2.926025000000000098e+00 2.742919999999999803e+00
3.808590000000000031e-01 2.104492000000000029e+00 7.922360000000000513e-01 2.927245999999999793e+00 2.749023000000000216e+00
3.869630000000000014e-01 2.104492000000000029e+00 8.056640000000000468e-01 2.934569999999999901e+00 2.749023000000000216e+00
3.955080000000000262e-01 2.114257999999999971e+00 8.251950000000000118e-01 2.944335999999999842e+00 2.753906000000000187e+00
4.052729999999999944e-01 2.127686000000000188e+00 8.459470000000000045e-01 2.954101999999999784e+00 2.768555000000000099e+00
4.174800000000000177e-01 2.139892999999999823e+00 8.654789999999999983e-01 2.963867000000000029e+00 2.772216999999999931e+00
4.284669999999999868e-01 2.153319999999999901e+00 8.752440000000000220e-01 2.974854000000000109e+00 2.797851999999999784e+00
4.406740000000000101e-01 2.163085999999999842e+00 8.837890000000000468e-01 2.993164000000000158e+00 2.778319999999999901e+00
4.614260000000000028e-01 2.183838000000000168e+00 8.935549999999999882e-01 3.004150000000000098e+00 2.797851999999999784e+00
4.736330000000000262e-01 2.192382999999999971e+00 8.984379999999999589e-01 3.017577999999999872e+00 2.788085999999999842e+00
4.833979999999999944e-01 2.202148000000000216e+00 9.045410000000000394e-01 3.026123000000000118e+00 2.808838000000000168e+00
4.931639999999999913e-01 2.213134999999999852e+00 9.143069999999999808e-01 3.032226999999999784e+00 2.799071999999999782e+00
5.041499999999999870e-01 2.222900000000000098e+00 9.228520000000000056e-01 3.043213000000000168e+00 2.817382999999999971e+00
5.175779999999999825e-01 2.241210999999999842e+00 9.375000000000000000e-01 3.054199000000000108e+00 2.812500000000000000e+00
5.322270000000000056e-01 2.253417999999999921e+00 9.521479999999999944e-01 3.071289000000000158e+00 2.838134999999999852e+00
5.480960000000000276e-01 2.270507999999999971e+00 9.716799999999999882e-01 3.083495999999999793e+00 2.846680000000000099e+00
5.664059999999999651e-01 2.281493999999999911e+00 9.814450000000000118e-01 3.100585999999999842e+00 2.846680000000000099e+00
5.822749999999999870e-01 2.299805000000000099e+00 9.924319999999999808e-01 3.110351999999999784e+00 2.856444999999999901e+00
6.005859999999999532e-01 2.309569999999999901e+00 1.002197000000000005e+00 3.129882999999999971e+00 2.867431999999999981e+00
6.127930000000000321e-01 2.320556999999999981e+00 1.011962999999999946e+00 3.139648000000000216e+00 2.875976999999999784e+00
6.262210000000000276e-01 2.331542999999999921e+00 1.020507999999999971e+00 3.150634999999999852e+00 2.885742000000000029e+00
6.408690000000000220e-01 2.348632999999999971e+00 1.031493999999999911e+00 3.162841999999999931e+00 2.895507999999999971e+00
6.591799999999999882e-01 2.359618999999999911e+00 1.049805000000000099e+00 3.170166000000000039e+00 2.889403999999999861e+00
6.750490000000000101e-01 2.377930000000000099e+00 1.060791000000000039e+00 3.188476999999999784e+00 2.906493999999999911e+00
6.921389999999999487e-01 2.391357000000000177e+00 1.080322000000000005e+00 3.208007999999999971e+00 2.924805000000000099e+00
7.116700000000000248e-01 2.416992000000000029e+00 1.093750000000000000e+00 3.217773000000000216e+00 2.924805000000000099e+00
7.275390000000000468e-01 2.426757999999999971e+00 1.108397999999999994e+00 3.231200999999999990e+00 2.944335999999999842e+00
7.434079999999999577e-01 2.446289000000000158e+00 1.114502000000000104e+00 3.247069999999999901e+00 2.935791000000000039e+00
7.580569999999999808e-01 2.457275000000000098e+00 1.127930000000000099e+00 3.256835999999999842e+00 2.947998000000000118e+00
7.763670000000000293e-01 2.475585999999999842e+00 1.138916000000000039e+00 3.276367000000000029e+00 2.978515999999999941e+00
7.897950000000000248e-01 2.495117000000000029e+00 1.157227000000000006e+00 3.291015999999999941e+00 2.983398000000000216e+00
8.068849999999999634e-01 2.508544999999999803e+00 1.176757999999999971e+00 3.297118999999999911e+00 2.993164000000000158e+00
8.251950000000000118e-01 2.528075999999999990e+00 1.196288999999999936e+00 3.315430000000000099e+00 2.983398000000000216e+00
8.447270000000000056e-01 2.543944999999999901e+00 1.209716999999999931e+00 3.325194999999999901e+00 3.002930000000000099e+00
8.593750000000000000e-01 2.563476999999999784e+00 1.225586000000000064e+00 3.337401999999999980e+00 3.005370999999999793e+00
8.740229999999999944e-01 2.573242000000000029e+00 1.235352000000000006e+00 3.354492000000000029e+00 3.023681999999999981e+00
8.935549999999999882e-01 2.592773000000000216e+00 1.250000000000000000e+00 3.364257999999999971e+00 3.023681999999999981e+00
9.033200000000000118e-01 2.603759999999999852e+00 1.264647999999999994e+00 3.375243999999999911e+00 3.041992000000000029e+00
9.179690000000000349e-01 2.622069999999999901e+00 1.274413999999999936e+00 3.387450999999999990e+00 3.041992000000000029e+00
9.326170000000000293e-01 2.631835999999999842e+00 1.284180000000000099e+00 3.397216999999999931e+00 3.041992000000000029e+00
9.436039999999999983e-01 2.642821999999999782e+00 1.293944999999999901e+00 3.413085999999999842e+00 3.032226999999999784e+00
9.558109999999999662e-01 2.656250000000000000e+00 1.303711000000000064e+00 3.422851999999999784e+00 3.051757999999999971e+00
9.716799999999999882e-01 2.675781000000000187e+00 1.323242000000000029e+00 3.432617000000000029e+00 3.061523000000000216e+00
9.863279999999999825e-01 2.690430000000000099e+00 1.336670000000000025e+00 3.444824000000000108e+00 3.074950999999999990e+00
1.000977000000000006e+00 2.709960999999999842e+00 1.352538999999999936e+00 3.461914000000000158e+00 3.090819999999999901e+00
1.015625000000000000e+00 2.720946999999999782e+00 1.363525000000000098e+00 3.474120999999999793e+00 3.100585999999999842e+00
1.030272999999999994e+00 2.739257999999999971e+00 1.373291000000000039e+00 3.481444999999999901e+00 3.101806999999999981e+00
1.042480000000000073e+00 2.749023000000000216e+00 1.383056999999999981e+00 3.493651999999999980e+00 3.120117000000000029e+00
1.052246000000000015e+00 2.760009999999999852e+00 1.387939000000000034e+00 3.515625000000000000e+00 3.120117000000000029e+00
1.060791000000000039e+00 2.772216999999999931e+00 1.392822000000000005e+00 3.510742000000000029e+00 3.129882999999999971e+00
1.069336000000000064e+00 2.778319999999999901e+00 1.391602000000000006e+00 3.524169999999999803e+00 3.129882999999999971e+00
1.079102000000000006e+00 2.788085999999999842e+00 1.391602000000000006e+00 3.521729000000000109e+00 3.125000000000000000e+00
1.080322000000000005e+00 2.791748000000000118e+00 1.391602000000000006e+00 3.530273000000000216e+00 3.131104000000000109e+00
1.088867000000000029e+00 2.800292999999999921e+00 1.391602000000000006e+00 3.540039000000000158e+00 3.133544999999999803e+00
1.090087999999999946e+00 2.807617000000000029e+00 1.391602000000000006e+00 3.540039000000000158e+00 3.149414000000000158e+00
1.093750000000000000e+00 2.810058999999999862e+00 1.381836000000000064e+00 3.541259999999999852e+00 3.149414000000000158e+00
