1.574709999999999999e-01 1.772461000000000064e+00 6.518549999999999622e-01 2.535400000000000098e+00 2.427979000000000109e+00
1.574709999999999999e-01 1.772461000000000064e+00 6.530759999999999899e-01 2.536620999999999793e+00 2.446289000000000158e+00
1.574709999999999999e-01 1.772461000000000064e+00 6.530759999999999899e-01 2.537841999999999931e+00 2.447509999999999852e+00
1.574709999999999999e-01 1.772461000000000064e+00 6.530759999999999899e-01 2.536620999999999793e+00 2.446289000000000158e+00
1.574709999999999999e-01 1.772461000000000064e+00 6.530759999999999899e-01 2.535400000000000098e+00 2.446289000000000158e+00
1.574709999999999999e-01 1.772461000000000064e+00 6.530759999999999899e-01 2.535400000000000098e+00 2.436523000000000216e+00
1.574709999999999999e-01 1.772461000000000064e+00 6.542970000000000175e-01 2.536620999999999793e+00 2.441406000000000187e+00
1.586909999999999987e-01 1.772461000000000064e+00 6.530759999999999899e-01 2.535400000000000098e+00 2.456055000000000099e+00
1.586909999999999987e-01 1.772461000000000064e+00 6.542970000000000175e-01 2.536620999999999793e+00 2.447509999999999852e+00
1.574709999999999999e-01 1.772461000000000064e+00 6.542970000000000175e-01 2.537841999999999931e+00 2.446289000000000158e+00
1.586909999999999987e-01 1.772461000000000064e+00 6.530759999999999899e-01 2.537841999999999931e+00 2.438965000000000050e+00
1.599119999999999986e-01 1.772461000000000064e+00 6.530759999999999899e-01 2.539063000000000070e+00 2.449950999999999990e+00
1.586909999999999987e-01 1.773681999999999981e+00 6.530759999999999899e-01 2.537841999999999931e+00 2.459716999999999931e+00
1.586909999999999987e-01 1.772461000000000064e+00 6.530759999999999899e-01 2.536620999999999793e+00 2.465819999999999901e+00
1.599119999999999986e-01 1.772461000000000064e+00 6.530759999999999899e-01 2.537841999999999931e+00 2.457275000000000098e+00
1.586909999999999987e-01 1.777344000000000035e+00 6.530759999999999899e-01 2.543944999999999901e+00 2.446289000000000158e+00
1.599119999999999986e-01 1.772461000000000064e+00 6.542970000000000175e-01 2.535400000000000098e+00 2.446289000000000158e+00
1.611329999999999985e-01 1.773681999999999981e+00 6.542970000000000175e-01 2.543944999999999901e+00 2.446289000000000158e+00
1.611329999999999985e-01 1.773681999999999981e+00 6.542970000000000175e-01 2.537841999999999931e+00 2.446289000000000158e+00
1.611329999999999985e-01 1.773681999999999981e+00 6.555180000000000451e-01 2.543944999999999901e+00 2.456055000000000099e+00
1.611329999999999985e-01 1.774901999999999980e+00 6.555180000000000451e-01 2.545166000000000039e+00 2.456055000000000099e+00
1.623539999999999983e-01 1.776122999999999896e+00 6.591799999999999882e-01 2.543944999999999901e+00 2.447509999999999852e+00
1.623539999999999983e-01 1.774901999999999980e+00 6.591799999999999882e-01 2.543944999999999901e+00 2.456055000000000099e+00
1.623539999999999983e-01 1.777344000000000035e+00 6.591799999999999882e-01 2.537841999999999931e+00 2.456055000000000099e+00
1.623539999999999983e-01 1.777344000000000035e+00 6.591799999999999882e-01 2.543944999999999901e+00 2.451172000000000128e+00
1.635739999999999972e-01 1.782227000000000006e+00 6.591799999999999882e-01 2.543944999999999901e+00 2.467041000000000039e+00
1.660159999999999969e-01 1.782227000000000006e+00 6.591799999999999882e-01 2.545166000000000039e+00 2.456055000000000099e+00
1.660159999999999969e-01 1.782227000000000006e+00 6.603999999999999870e-01 2.545166000000000039e+00 2.446289000000000158e+00
1.672359999999999958e-01 1.782227000000000006e+00 6.628420000000000423e-01 2.553710999999999842e+00 2.456055000000000099e+00
1.684569999999999956e-01 1.782227000000000006e+00 6.628420000000000423e-01 2.553710999999999842e+00 2.465819999999999901e+00
1.696779999999999955e-01 1.783447000000000005e+00 6.652829999999999577e-01 2.553710999999999842e+00 2.470702999999999872e+00
1.721189999999999942e-01 1.785889000000000060e+00 6.689450000000000118e-01 2.553710999999999842e+00 2.487792999999999921e+00
1.733399999999999941e-01 1.791992000000000029e+00 6.689450000000000118e-01 2.554931999999999981e+00 2.476806999999999981e+00
1.745609999999999939e-01 1.791992000000000029e+00 6.689450000000000118e-01 2.563476999999999784e+00 2.465819999999999901e+00
1.770019999999999927e-01 1.791992000000000029e+00 6.726069999999999549e-01 2.558593999999999813e+00 2.475585999999999842e+00
1.794429999999999914e-01 1.794434000000000085e+00 6.750490000000000101e-01 2.563476999999999784e+00 2.478026999999999980e+00
1.818849999999999911e-01 1.796875000000000000e+00 6.787109999999999532e-01 2.564696999999999782e+00 2.480468999999999813e+00
1.843259999999999899e-01 1.801757999999999971e+00 6.811519999999999797e-01 2.573242000000000029e+00 2.485351999999999784e+00
1.879879999999999884e-01 1.802979000000000109e+00 6.848140000000000338e-01 2.572020999999999891e+00 2.485351999999999784e+00
1.916499999999999870e-01 1.811522999999999994e+00 6.884770000000000056e-01 2.578125000000000000e+00 2.475585999999999842e+00
1.953129999999999866e-01 1.811522999999999994e+00 6.921389999999999487e-01 2.583007999999999971e+00 2.486571999999999782e+00
1.989750000000000130e-01 1.816405999999999965e+00 6.958010000000000028e-01 2.585449000000000108e+00 2.495117000000000029e+00
2.026370000000000116e-01 1.821288999999999936e+00 6.994629999999999459e-01 2.592773000000000216e+00 2.496338000000000168e+00
2.087400000000000089e-01 1.824950999999999990e+00 7.031250000000000000e-01 2.595215000000000050e+00 2.497558999999999862e+00
2.124020000000000075e-01 1.831055000000000099e+00 7.080079999999999707e-01 2.602539000000000158e+00 2.514648000000000216e+00
2.172850000000000059e-01 1.835938000000000070e+00 7.104489999999999972e-01 2.608642999999999823e+00 2.498778999999999861e+00
2.233890000000000042e-01 1.842041000000000039e+00 7.141110000000000513e-01 2.613525000000000098e+00 2.504882999999999971e+00
2.294920000000000015e-01 1.850586000000000064e+00 7.189940000000000220e-01 2.622069999999999901e+00 2.504882999999999971e+00
2.343750000000000000e-01 1.854247999999999896e+00 7.226559999999999651e-01 2.631835999999999842e+00 2.514648000000000216e+00
2.404789999999999983e-01 1.862792999999999921e+00 7.275390000000000468e-01 2.641601999999999784e+00 2.524414000000000158e+00
2.465819999999999956e-01 1.870117000000000029e+00 7.287599999999999634e-01 2.641601999999999784e+00 2.528075999999999990e+00
2.539060000000000206e-01 1.873779000000000083e+00 7.336430000000000451e-01 2.651367000000000029e+00 2.545166000000000039e+00
2.587889999999999913e-01 1.879882999999999971e+00 7.336430000000000451e-01 2.661132999999999971e+00 2.543944999999999901e+00
2.636720000000000175e-01 1.884765999999999941e+00 7.373049999999999882e-01 2.661132999999999971e+00 2.543944999999999901e+00
2.697749999999999870e-01 1.890868999999999911e+00 7.385249999999999870e-01 2.670898000000000216e+00 2.553710999999999842e+00
2.734380000000000144e-01 1.896973000000000020e+00 7.385249999999999870e-01 2.675781000000000187e+00 2.553710999999999842e+00
2.795409999999999839e-01 1.900635000000000074e+00 7.409670000000000423e-01 2.680664000000000158e+00 2.558593999999999813e+00
2.832029999999999825e-01 1.909180000000000099e+00 7.397460000000000147e-01 2.690430000000000099e+00 2.573242000000000029e+00
2.880860000000000087e-01 1.909180000000000099e+00 7.409670000000000423e-01 2.691650000000000098e+00 2.563476999999999784e+00
2.929689999999999794e-01 1.914063000000000070e+00 7.409670000000000423e-01 2.700194999999999901e+00 2.557373000000000118e+00
2.954100000000000059e-01 1.918944999999999901e+00 7.397460000000000147e-01 2.700194999999999901e+00 2.574463000000000168e+00
2.990720000000000045e-01 1.920166000000000039e+00 7.409670000000000423e-01 2.702637000000000178e+00 2.573242000000000029e+00
3.015140000000000042e-01 1.922606999999999955e+00 7.409670000000000423e-01 2.709960999999999842e+00 2.574463000000000168e+00
3.039549999999999752e-01 1.925049000000000010e+00 7.409670000000000423e-01 2.709960999999999842e+00 2.578125000000000000e+00
3.076169999999999738e-01 1.928711000000000064e+00 7.409670000000000423e-01 2.719726999999999784e+00 2.593993999999999911e+00
3.100589999999999735e-01 1.932372999999999896e+00 7.409670000000000423e-01 2.719726999999999784e+00 2.583007999999999971e+00
3.112789999999999724e-01 1.938477000000000006e+00 7.409670000000000423e-01 2.719726999999999784e+00 2.592773000000000216e+00
3.137210000000000276e-01 1.938477000000000006e+00 7.421879999999999589e-01 2.722167999999999921e+00 2.584229000000000109e+00
3.173830000000000262e-01 1.939697000000000005e+00 7.421879999999999589e-01 2.729492000000000029e+00 2.583007999999999971e+00
3.186039999999999983e-01 1.940917999999999921e+00 7.434079999999999577e-01 2.729492000000000029e+00 2.585449000000000108e+00
3.210450000000000248e-01 1.948242000000000029e+00 7.434079999999999577e-01 2.730713000000000168e+00 2.592773000000000216e+00
3.234859999999999958e-01 1.948242000000000029e+00 7.434079999999999577e-01 2.739257999999999971e+00 2.583007999999999971e+00
3.259279999999999955e-01 1.948242000000000029e+00 7.470700000000000118e-01 2.739257999999999971e+00 2.584229000000000109e+00
3.259279999999999955e-01 1.948242000000000029e+00 7.470700000000000118e-01 2.739257999999999971e+00 2.584229000000000109e+00
3.271479999999999944e-01 1.949462999999999946e+00 7.470700000000000118e-01 2.740479000000000109e+00 2.583007999999999971e+00
3.283690000000000220e-01 1.955565999999999915e+00 7.470700000000000118e-01 2.740479000000000109e+00 2.573242000000000029e+00
3.320310000000000206e-01 1.958007999999999971e+00 7.470700000000000118e-01 2.749023000000000216e+00 2.573242000000000029e+00
3.344730000000000203e-01 1.958007999999999971e+00 7.482910000000000394e-01 2.749023000000000216e+00 2.592773000000000216e+00
3.369139999999999913e-01 1.959229000000000109e+00 7.482910000000000394e-01 2.753906000000000187e+00 2.595215000000000050e+00
3.393550000000000177e-01 1.967772999999999994e+00 7.531740000000000101e-01 2.758789000000000158e+00 2.613525000000000098e+00
3.417970000000000175e-01 1.968993999999999911e+00 7.568359999999999532e-01 2.761229999999999851e+00 2.612305000000000099e+00
3.466799999999999882e-01 1.972655999999999965e+00 7.580569999999999808e-01 2.769775000000000098e+00 2.602539000000000158e+00
3.478999999999999870e-01 1.977538999999999936e+00 7.617190000000000349e-01 2.768555000000000099e+00 2.602539000000000158e+00
3.527830000000000132e-01 1.978760000000000074e+00 7.666020000000000056e-01 2.770995999999999793e+00 2.606200999999999990e+00
3.564450000000000118e-01 1.987305000000000099e+00 7.666020000000000056e-01 2.783202999999999872e+00 2.623291000000000039e+00
3.576659999999999839e-01 1.987305000000000099e+00 7.702639999999999487e-01 2.779541000000000039e+00 2.613525000000000098e+00
3.625490000000000101e-01 1.988525000000000098e+00 7.727049999999999752e-01 2.788085999999999842e+00 2.612305000000000099e+00
3.662110000000000087e-01 1.997069999999999901e+00 7.763670000000000293e-01 2.789306999999999981e+00 2.612305000000000099e+00
3.698730000000000073e-01 1.997069999999999901e+00 7.763670000000000293e-01 2.797851999999999784e+00 2.612305000000000099e+00
3.723139999999999783e-01 2.000732000000000177e+00 7.775879999999999459e-01 2.797851999999999784e+00 2.622069999999999901e+00
3.759770000000000056e-01 2.006835999999999842e+00 7.775879999999999459e-01 2.799071999999999782e+00 2.622069999999999901e+00
3.771970000000000045e-01 2.006835999999999842e+00 7.763670000000000293e-01 2.807617000000000029e+00 2.622069999999999901e+00
3.796390000000000042e-01 2.006835999999999842e+00 7.763670000000000293e-01 2.807617000000000029e+00 2.631835999999999842e+00
3.796390000000000042e-01 2.006835999999999842e+00 7.763670000000000293e-01 2.807617000000000029e+00 2.631835999999999842e+00
3.808590000000000031e-01 2.008056999999999981e+00 7.702639999999999487e-01 2.807617000000000029e+00 2.641601999999999784e+00
3.820799999999999752e-01 2.008056999999999981e+00 7.678220000000000045e-01 2.807617000000000029e+00 2.641601999999999784e+00
3.820799999999999752e-01 2.011718999999999813e+00 7.678220000000000045e-01 2.808838000000000168e+00 2.636718999999999813e+00
3.820799999999999752e-01 2.009276999999999980e+00 7.666020000000000056e-01 2.811278999999999861e+00 2.631835999999999842e+00
3.820799999999999752e-01 2.008056999999999981e+00 7.666020000000000056e-01 2.813721000000000139e+00 2.613525000000000098e+00
3.820799999999999752e-01 2.008056999999999981e+00 7.666020000000000056e-01 2.811278999999999861e+00 2.613525000000000098e+00
3.820799999999999752e-01 2.016601999999999784e+00 7.666020000000000056e-01 2.811278999999999861e+00 2.608642999999999823e+00
3.820799999999999752e-01 2.009276999999999980e+00 7.666020000000000056e-01 2.811278999999999861e+00 2.622069999999999901e+00
3.820799999999999752e-01 2.016601999999999784e+00 7.629390000000000338e-01 2.811278999999999861e+00 2.612305000000000099e+00
3.820799999999999752e-01 2.010498000000000118e+00 7.629390000000000338e-01 2.811278999999999861e+00 2.613525000000000098e+00
3.820799999999999752e-01 2.008056999999999981e+00 7.629390000000000338e-01 2.813721000000000139e+00 2.606200999999999990e+00
3.820799999999999752e-01 2.016601999999999784e+00 7.617190000000000349e-01 2.819824000000000108e+00 2.631835999999999842e+00
3.820799999999999752e-01 2.016601999999999784e+00 7.666020000000000056e-01 2.817382999999999971e+00 2.631835999999999842e+00
3.820799999999999752e-01 2.016601999999999784e+00 7.666020000000000056e-01 2.819824000000000108e+00 2.642821999999999782e+00
3.857419999999999738e-01 2.016601999999999784e+00 7.678220000000000045e-01 2.817382999999999971e+00 2.641601999999999784e+00
3.857419999999999738e-01 2.016601999999999784e+00 7.714839999999999476e-01 2.817382999999999971e+00 2.641601999999999784e+00
3.869630000000000014e-01 2.017821999999999782e+00 7.763670000000000293e-01 2.818604000000000109e+00 2.636718999999999813e+00
3.906250000000000000e-01 2.026367000000000029e+00 7.775879999999999459e-01 2.827148000000000216e+00 2.651367000000000029e+00
3.918460000000000276e-01 2.026367000000000029e+00 7.812500000000000000e-01 2.827148000000000216e+00 2.651367000000000029e+00
3.955080000000000262e-01 2.026367000000000029e+00 7.861329999999999707e-01 2.836914000000000158e+00 2.651367000000000029e+00
3.979489999999999972e-01 2.031250000000000000e+00 7.885739999999999972e-01 2.846680000000000099e+00 2.651367000000000029e+00
4.016109999999999958e-01 2.036132999999999971e+00 7.922360000000000513e-01 2.836914000000000158e+00 2.661132999999999971e+00
4.052729999999999944e-01 2.036132999999999971e+00 7.958979999999999944e-01 2.841797000000000128e+00 2.653808999999999862e+00
4.064940000000000220e-01 2.038574000000000108e+00 7.958979999999999944e-01 2.846680000000000099e+00 2.670898000000000216e+00
4.101560000000000206e-01 2.045898000000000216e+00 7.958979999999999944e-01 2.847900000000000098e+00 2.661132999999999971e+00
4.150389999999999913e-01 2.045898000000000216e+00 7.971190000000000220e-01 2.850341999999999931e+00 2.645264000000000060e+00
4.150389999999999913e-01 2.045898000000000216e+00 7.971190000000000220e-01 2.856444999999999901e+00 2.661132999999999971e+00
4.162600000000000189e-01 2.049561000000000188e+00 7.971190000000000220e-01 2.857666000000000039e+00 2.661132999999999971e+00
4.174800000000000177e-01 2.055664000000000158e+00 7.958979999999999944e-01 2.857666000000000039e+00 2.651367000000000029e+00
4.199220000000000175e-01 2.055664000000000158e+00 7.958979999999999944e-01 2.860107000000000177e+00 2.641601999999999784e+00
4.199220000000000175e-01 2.055664000000000158e+00 7.958979999999999944e-01 2.866210999999999842e+00 2.651367000000000029e+00
4.199220000000000175e-01 2.055664000000000158e+00 7.958979999999999944e-01 2.867431999999999981e+00 2.651367000000000029e+00
4.211429999999999896e-01 2.055664000000000158e+00 7.897950000000000248e-01 2.866210999999999842e+00 2.653808999999999862e+00
4.199220000000000175e-01 2.055664000000000158e+00 7.873539999999999983e-01 2.866210999999999842e+00 2.675781000000000187e+00
4.199220000000000175e-01 2.055664000000000158e+00 7.861329999999999707e-01 2.866210999999999842e+00 2.684325999999999990e+00
4.187009999999999899e-01 2.056884999999999852e+00 7.824710000000000276e-01 2.860107000000000177e+00 2.681884999999999852e+00
4.174800000000000177e-01 2.049561000000000188e+00 7.788089999999999735e-01 2.866210999999999842e+00 2.670898000000000216e+00
4.150389999999999913e-01 2.055664000000000158e+00 7.775879999999999459e-01 2.866210999999999842e+00 2.672118999999999911e+00
4.150389999999999913e-01 2.052001999999999882e+00 7.727049999999999752e-01 2.857666000000000039e+00 2.662354000000000109e+00
4.125980000000000203e-01 2.047118999999999911e+00 7.714839999999999476e-01 2.858887000000000178e+00 2.661132999999999971e+00
4.113769999999999927e-01 2.047118999999999911e+00 7.702639999999999487e-01 2.857666000000000039e+00 2.661132999999999971e+00
4.089360000000000217e-01 2.045898000000000216e+00 7.666020000000000056e-01 2.858887000000000178e+00 2.652588000000000168e+00
4.064940000000000220e-01 2.045898000000000216e+00 7.666020000000000056e-01 2.856444999999999901e+00 2.662354000000000109e+00
4.052729999999999944e-01 2.045898000000000216e+00 7.629390000000000338e-01 2.856444999999999901e+00 2.662354000000000109e+00
4.016109999999999958e-01 2.039794999999999803e+00 7.629390000000000338e-01 2.856444999999999901e+00 2.664794999999999803e+00
4.016109999999999958e-01 2.039794999999999803e+00 7.617190000000000349e-01 2.847900000000000098e+00 2.670898000000000216e+00
3.991700000000000248e-01 2.037354000000000109e+00 7.580569999999999808e-01 2.849120999999999793e+00 2.661132999999999971e+00
3.967289999999999983e-01 2.037354000000000109e+00 7.580569999999999808e-01 2.846680000000000099e+00 2.661132999999999971e+00
3.955080000000000262e-01 2.036132999999999971e+00 7.580569999999999808e-01 2.846680000000000099e+00 2.661132999999999971e+00
3.955080000000000262e-01 2.036132999999999971e+00 7.580569999999999808e-01 2.846680000000000099e+00 2.662354000000000109e+00
3.930660000000000265e-01 2.036132999999999971e+00 7.568359999999999532e-01 2.846680000000000099e+00 2.661132999999999971e+00
3.918460000000000276e-01 2.036132999999999971e+00 7.568359999999999532e-01 2.843017999999999823e+00 2.651367000000000029e+00
3.906250000000000000e-01 2.031250000000000000e+00 7.580569999999999808e-01 2.846680000000000099e+00 2.651367000000000029e+00
3.894039999999999724e-01 2.036132999999999971e+00 7.568359999999999532e-01 2.846680000000000099e+00 2.656250000000000000e+00
3.894039999999999724e-01 2.036132999999999971e+00 7.580569999999999808e-01 2.840575999999999990e+00 2.670898000000000216e+00
3.906250000000000000e-01 2.031250000000000000e+00 7.580569999999999808e-01 2.841797000000000128e+00 2.651367000000000029e+00
3.894039999999999724e-01 2.031250000000000000e+00 7.604980000000000073e-01 2.840575999999999990e+00 2.656250000000000000e+00
3.894039999999999724e-01 2.036132999999999971e+00 7.617190000000000349e-01 2.846680000000000099e+00 2.661132999999999971e+00
3.906250000000000000e-01 2.036132999999999971e+00 7.629390000000000338e-01 2.846680000000000099e+00 2.664794999999999803e+00
3.906250000000000000e-01 2.036132999999999971e+00 7.666020000000000056e-01 2.846680000000000099e+00 2.670898000000000216e+00
3.918460000000000276e-01 2.037354000000000109e+00 7.702639999999999487e-01 2.846680000000000099e+00 2.670898000000000216e+00
3.955080000000000262e-01 2.037354000000000109e+00 7.763670000000000293e-01 2.850341999999999931e+00 2.661132999999999971e+00
3.967289999999999983e-01 2.045898000000000216e+00 7.800289999999999724e-01 2.856444999999999901e+00 2.655028999999999861e+00
3.991700000000000248e-01 2.045898000000000216e+00 7.861329999999999707e-01 2.856444999999999901e+00 2.673340000000000050e+00
4.052729999999999944e-01 2.050781000000000187e+00 7.958979999999999944e-01 2.866210999999999842e+00 2.683104999999999851e+00
4.113769999999999927e-01 2.056884999999999852e+00 8.068849999999999634e-01 2.867431999999999981e+00 2.690430000000000099e+00
4.187009999999999899e-01 2.065430000000000099e+00 8.166499999999999870e-01 2.875976999999999784e+00 2.680664000000000158e+00
4.272460000000000147e-01 2.075194999999999901e+00 8.276369999999999560e-01 2.882080000000000197e+00 2.680664000000000158e+00
4.357909999999999839e-01 2.084960999999999842e+00 8.361819999999999808e-01 2.895507999999999971e+00 2.680664000000000158e+00
4.455569999999999808e-01 2.094726999999999784e+00 8.447270000000000056e-01 2.899169999999999803e+00 2.683104999999999851e+00
4.541020000000000056e-01 2.097167999999999921e+00 8.483889999999999487e-01 2.911376999999999882e+00 2.691650000000000098e+00
4.638669999999999738e-01 2.105713000000000168e+00 8.508299999999999752e-01 2.915039000000000158e+00 2.694091999999999931e+00
4.748539999999999983e-01 2.117919999999999803e+00 8.544920000000000293e-01 2.926025000000000098e+00 2.709960999999999842e+00
4.797359999999999958e-01 2.124023000000000216e+00 8.544920000000000293e-01 2.934569999999999901e+00 2.702637000000000178e+00
4.833979999999999944e-01 2.124023000000000216e+00 8.508299999999999752e-01 2.938232000000000177e+00 2.729492000000000029e+00
4.870610000000000217e-01 2.133789000000000158e+00 8.483889999999999487e-01 2.944335999999999842e+00 2.719726999999999784e+00
4.895019999999999927e-01 2.128906000000000187e+00 8.483889999999999487e-01 2.944335999999999842e+00 2.723389000000000060e+00
4.931639999999999913e-01 2.133789000000000158e+00 8.471680000000000321e-01 2.946776999999999980e+00 2.739257999999999971e+00
4.956050000000000177e-01 2.136229999999999851e+00 8.496089999999999476e-01 2.954101999999999784e+00 2.730713000000000168e+00
4.992679999999999896e-01 2.138672000000000128e+00 8.508299999999999752e-01 2.954101999999999784e+00 2.739257999999999971e+00
5.029299999999999882e-01 2.143555000000000099e+00 8.544920000000000293e-01 2.955321999999999782e+00 2.730713000000000168e+00
5.065920000000000423e-01 2.145995999999999793e+00 8.544920000000000293e-01 2.966308999999999862e+00 2.729492000000000029e+00
5.078129999999999589e-01 2.147216999999999931e+00 8.544920000000000293e-01 2.963867000000000029e+00 2.734375000000000000e+00
5.090329999999999577e-01 2.153319999999999901e+00 8.544920000000000293e-01 2.963867000000000029e+00 2.749023000000000216e+00
5.102539999999999853e-01 2.156982000000000177e+00 8.496089999999999476e-01 2.968750000000000000e+00 2.741699000000000108e+00
5.102539999999999853e-01 2.153319999999999901e+00 8.447270000000000056e-01 2.973632999999999971e+00 2.761229999999999851e+00
5.090329999999999577e-01 2.153319999999999901e+00 8.447270000000000056e-01 2.968750000000000000e+00 2.760009999999999852e+00
5.090329999999999577e-01 2.153319999999999901e+00 8.361819999999999808e-01 2.973632999999999971e+00 2.753906000000000187e+00
5.078129999999999589e-01 2.153319999999999901e+00 8.361819999999999808e-01 2.968750000000000000e+00 2.768555000000000099e+00
5.065920000000000423e-01 2.147216999999999931e+00 8.312990000000000101e-01 2.973632999999999971e+00 2.758789000000000158e+00
5.065920000000000423e-01 2.147216999999999931e+00 8.312990000000000101e-01 2.973632999999999971e+00 2.758789000000000158e+00
5.053710000000000147e-01 2.147216999999999931e+00 8.264160000000000394e-01 2.973632999999999971e+00 2.752686000000000188e+00
5.041499999999999870e-01 2.145995999999999793e+00 8.251950000000000118e-01 2.968750000000000000e+00 2.758789000000000158e+00
5.029299999999999882e-01 2.147216999999999931e+00 8.251950000000000118e-01 2.963867000000000029e+00 2.750243999999999911e+00
5.029299999999999882e-01 2.148438000000000070e+00 8.251950000000000118e-01 2.963867000000000029e+00 2.749023000000000216e+00
5.029299999999999882e-01 2.147216999999999931e+00 8.264160000000000394e-01 2.963867000000000029e+00 2.750243999999999911e+00
5.029299999999999882e-01 2.147216999999999931e+00 8.349609999999999532e-01 2.968750000000000000e+00 2.742919999999999803e+00
5.041499999999999870e-01 2.153319999999999901e+00 8.361819999999999808e-01 2.973632999999999971e+00 2.758789000000000158e+00
5.065920000000000423e-01 2.156982000000000177e+00 8.459470000000000045e-01 2.973632999999999971e+00 2.755126999999999882e+00
5.126950000000000118e-01 2.163085999999999842e+00 8.544920000000000293e-01 2.973632999999999971e+00 2.762450999999999990e+00
5.139160000000000394e-01 2.165526999999999980e+00 8.581539999999999724e-01 2.978515999999999941e+00 2.772216999999999931e+00
5.163569999999999549e-01 2.172851999999999784e+00 8.605960000000000276e-01 2.983398000000000216e+00 2.778319999999999901e+00
5.224609999999999532e-01 2.174071999999999782e+00 8.605960000000000276e-01 2.983398000000000216e+00 2.768555000000000099e+00
5.224609999999999532e-01 2.174071999999999782e+00 8.593750000000000000e-01 2.993164000000000158e+00 2.760009999999999852e+00
5.224609999999999532e-01 2.176514000000000060e+00 8.569339999999999735e-01 2.993164000000000158e+00 2.768555000000000099e+00
5.224609999999999532e-01 2.182617000000000029e+00 8.483889999999999487e-01 2.985840000000000050e+00 2.778319999999999901e+00
5.187990000000000101e-01 2.176514000000000060e+00 8.447270000000000056e-01 2.993164000000000158e+00 2.768555000000000099e+00
5.187990000000000101e-01 2.172851999999999784e+00 8.386230000000000073e-01 2.988281000000000187e+00 2.764892999999999823e+00
5.163569999999999549e-01 2.172851999999999784e+00 8.349609999999999532e-01 2.983398000000000216e+00 2.772216999999999931e+00
5.139160000000000394e-01 2.172851999999999784e+00 8.300779999999999825e-01 2.983398000000000216e+00 2.780762000000000178e+00
5.126950000000000118e-01 2.166748000000000118e+00 8.251950000000000118e-01 2.983398000000000216e+00 2.779541000000000039e+00
5.090329999999999577e-01 2.164306999999999981e+00 8.215329999999999577e-01 2.978515999999999941e+00 2.768555000000000099e+00
5.041499999999999870e-01 2.163085999999999842e+00 8.154299999999999882e-01 2.974854000000000109e+00 2.768555000000000099e+00
5.029299999999999882e-01 2.163085999999999842e+00 8.154299999999999882e-01 2.976074000000000108e+00 2.750243999999999911e+00
4.992679999999999896e-01 2.154541000000000039e+00 8.105470000000000175e-01 2.973632999999999971e+00 2.749023000000000216e+00
4.968259999999999899e-01 2.153319999999999901e+00 8.081049999999999622e-01 2.973632999999999971e+00 2.749023000000000216e+00
4.943850000000000189e-01 2.154541000000000039e+00 8.068849999999999634e-01 2.968750000000000000e+00 2.750243999999999911e+00
4.931639999999999913e-01 2.153319999999999901e+00 8.105470000000000175e-01 2.968750000000000000e+00 2.750243999999999911e+00
4.895019999999999927e-01 2.153319999999999901e+00 8.081049999999999622e-01 2.963867000000000029e+00 2.751465000000000050e+00
4.895019999999999927e-01 2.153319999999999901e+00 8.105470000000000175e-01 2.963867000000000029e+00 2.760009999999999852e+00
4.882810000000000206e-01 2.153319999999999901e+00 8.117680000000000451e-01 2.963867000000000029e+00 2.758789000000000158e+00
4.882810000000000206e-01 2.153319999999999901e+00 8.117680000000000451e-01 2.963867000000000029e+00 2.758789000000000158e+00
4.895019999999999927e-01 2.153319999999999901e+00 8.154299999999999882e-01 2.968750000000000000e+00 2.749023000000000216e+00
4.895019999999999927e-01 2.153319999999999901e+00 8.166499999999999870e-01 2.965088000000000168e+00 2.749023000000000216e+00
4.882810000000000206e-01 2.154541000000000039e+00 8.203129999999999589e-01 2.968750000000000000e+00 2.739257999999999971e+00
4.907230000000000203e-01 2.154541000000000039e+00 8.251950000000000118e-01 2.968750000000000000e+00 2.742919999999999803e+00
4.931639999999999913e-01 2.156982000000000177e+00 8.349609999999999532e-01 2.973632999999999971e+00 2.760009999999999852e+00
4.956050000000000177e-01 2.163085999999999842e+00 8.398440000000000349e-01 2.974854000000000109e+00 2.758789000000000158e+00
5.004880000000000440e-01 2.165526999999999980e+00 8.459470000000000045e-01 2.983398000000000216e+00 2.749023000000000216e+00
5.041499999999999870e-01 2.174071999999999782e+00 8.544920000000000293e-01 2.983398000000000216e+00 2.758789000000000158e+00
5.090329999999999577e-01 2.175292999999999921e+00 8.605960000000000276e-01 2.993164000000000158e+00 2.762450999999999990e+00
5.139160000000000394e-01 2.182617000000000029e+00 8.679200000000000248e-01 2.995604999999999851e+00 2.779541000000000039e+00
5.187990000000000101e-01 2.185058999999999862e+00 8.740229999999999944e-01 3.002930000000000099e+00 2.772216999999999931e+00
5.236819999999999808e-01 2.192382999999999971e+00 8.740229999999999944e-01 3.007813000000000070e+00 2.788085999999999842e+00
5.285640000000000338e-01 2.193604000000000109e+00 8.776859999999999662e-01 3.013916000000000039e+00 2.781982000000000177e+00
5.334470000000000045e-01 2.202148000000000216e+00 8.837890000000000468e-01 3.012694999999999901e+00 2.788085999999999842e+00
5.383299999999999752e-01 2.205811000000000188e+00 8.837890000000000468e-01 3.022460999999999842e+00 2.788085999999999842e+00
5.468750000000000000e-01 2.211914000000000158e+00 8.862299999999999622e-01 3.032226999999999784e+00 2.800292999999999921e+00
5.480960000000000276e-01 2.214354999999999851e+00 8.850099999999999634e-01 3.035889000000000060e+00 2.810058999999999862e+00
5.517579999999999707e-01 2.215575999999999990e+00 8.837890000000000468e-01 3.032226999999999784e+00 2.800292999999999921e+00
5.517579999999999707e-01 2.221680000000000099e+00 8.789059999999999651e-01 3.033446999999999782e+00 2.807617000000000029e+00
5.517579999999999707e-01 2.215575999999999990e+00 8.740229999999999944e-01 3.035889000000000060e+00 2.797851999999999784e+00
5.517579999999999707e-01 2.221680000000000099e+00 8.703610000000000513e-01 3.041992000000000029e+00 2.788085999999999842e+00
5.517579999999999707e-01 2.215575999999999990e+00 8.654789999999999983e-01 3.033446999999999782e+00 2.792968999999999813e+00
5.480960000000000276e-01 2.214354999999999851e+00 8.642579999999999707e-01 3.034667999999999921e+00 2.797851999999999784e+00
5.517579999999999707e-01 2.214354999999999851e+00 8.605960000000000276e-01 3.034667999999999921e+00 2.796631000000000089e+00
5.480960000000000276e-01 2.213134999999999852e+00 8.605960000000000276e-01 3.033446999999999782e+00 2.811278999999999861e+00
5.480960000000000276e-01 2.213134999999999852e+00 8.654789999999999983e-01 3.037109000000000059e+00 2.808838000000000168e+00
5.505370000000000541e-01 2.215575999999999990e+00 8.654789999999999983e-01 3.035889000000000060e+00 2.807617000000000029e+00
5.517579999999999707e-01 2.221680000000000099e+00 8.703610000000000513e-01 3.041992000000000029e+00 2.792968999999999813e+00
5.554200000000000248e-01 2.221680000000000099e+00 8.776859999999999662e-01 3.041992000000000029e+00 2.817382999999999971e+00
5.615229999999999944e-01 2.225341999999999931e+00 8.837890000000000468e-01 3.046875000000000000e+00 2.812500000000000000e+00
5.639650000000000496e-01 2.231444999999999901e+00 8.935549999999999882e-01 3.051757999999999971e+00 2.818604000000000109e+00
5.712890000000000468e-01 2.232666000000000039e+00 8.935549999999999882e-01 3.052979000000000109e+00 2.817382999999999971e+00
5.725099999999999634e-01 2.243651999999999980e+00 8.959960000000000147e-01 3.061523000000000216e+00 2.807617000000000029e+00
5.761720000000000175e-01 2.244873000000000118e+00 8.984379999999999589e-01 3.061523000000000216e+00 2.808838000000000168e+00
5.810549999999999882e-01 2.243651999999999980e+00 9.033200000000000118e-01 3.063965000000000050e+00 2.819824000000000108e+00
5.847170000000000423e-01 2.250976999999999784e+00 9.033200000000000118e-01 3.071289000000000158e+00 2.828368999999999911e+00
5.908200000000000118e-01 2.254639000000000060e+00 9.082029999999999825e-01 3.074950999999999990e+00 2.828368999999999911e+00
5.920410000000000394e-01 2.265625000000000000e+00 9.143069999999999808e-01 3.074950999999999990e+00 2.817382999999999971e+00
6.005859999999999532e-01 2.265625000000000000e+00 9.228520000000000056e-01 3.082275000000000098e+00 2.811278999999999861e+00
6.042480000000000073e-01 2.270507999999999971e+00 9.240720000000000045e-01 3.084716999999999931e+00 2.827148000000000216e+00
6.103520000000000056e-01 2.280273000000000216e+00 9.326170000000000293e-01 3.094482000000000177e+00 2.818604000000000109e+00
6.201170000000000293e-01 2.290039000000000158e+00 9.423829999999999707e-01 3.100585999999999842e+00 2.819824000000000108e+00
6.250000000000000000e-01 2.291259999999999852e+00 9.521479999999999944e-01 3.110351999999999784e+00 2.846680000000000099e+00
6.335450000000000248e-01 2.303466999999999931e+00 9.619140000000000468e-01 3.112792999999999921e+00 2.851563000000000070e+00
6.433109999999999662e-01 2.310791000000000039e+00 9.692380000000000440e-01 3.129882999999999971e+00 2.866210999999999842e+00
6.518549999999999622e-01 2.320556999999999981e+00 9.765629999999999589e-01 3.129882999999999971e+00 2.860107000000000177e+00
6.603999999999999870e-01 2.329101999999999784e+00 9.814450000000000118e-01 3.139648000000000216e+00 2.877196999999999782e+00
6.689450000000000118e-01 2.338867000000000029e+00 9.863279999999999825e-01 3.149414000000000158e+00 2.875976999999999784e+00
6.750490000000000101e-01 2.340088000000000168e+00 9.912109999999999532e-01 3.151854999999999851e+00 2.875976999999999784e+00
6.799319999999999808e-01 2.348632999999999971e+00 9.912109999999999532e-01 3.159180000000000099e+00 2.875976999999999784e+00
6.860349999999999504e-01 2.349854000000000109e+00 9.912109999999999532e-01 3.160400000000000098e+00 2.879639000000000060e+00
6.884770000000000056e-01 2.358398000000000216e+00 9.912109999999999532e-01 3.168944999999999901e+00 2.885742000000000029e+00
6.896970000000000045e-01 2.352294999999999803e+00 9.838869999999999560e-01 3.170166000000000039e+00 2.885742000000000029e+00
6.921389999999999487e-01 2.358398000000000216e+00 9.826660000000000394e-01 3.168944999999999901e+00 2.877196999999999782e+00
6.945799999999999752e-01 2.358398000000000216e+00 9.814450000000000118e-01 3.170166000000000039e+00 2.885742000000000029e+00
6.958010000000000028e-01 2.362061000000000188e+00 9.753420000000000423e-01 3.172607000000000177e+00 2.877196999999999782e+00
6.933589999999999476e-01 2.360840000000000050e+00 9.716799999999999882e-01 3.172607000000000177e+00 2.875976999999999784e+00
6.933589999999999476e-01 2.359618999999999911e+00 9.655759999999999899e-01 3.172607000000000177e+00 2.875976999999999784e+00
6.921389999999999487e-01 2.358398000000000216e+00 9.582519999999999927e-01 3.171387000000000178e+00 2.875976999999999784e+00
6.884770000000000056e-01 2.358398000000000216e+00 9.521479999999999944e-01 3.171387000000000178e+00 2.878417999999999921e+00
6.848140000000000338e-01 2.358398000000000216e+00 9.448239999999999972e-01 3.168944999999999901e+00 2.897949000000000108e+00
6.811519999999999797e-01 2.351074000000000108e+00 9.375000000000000000e-01 3.168944999999999901e+00 2.895507999999999971e+00
6.787109999999999532e-01 2.348632999999999971e+00 9.289549999999999752e-01 3.162841999999999931e+00 2.895507999999999971e+00
6.713869999999999560e-01 2.348632999999999971e+00 9.228520000000000056e-01 3.159180000000000099e+00 2.875976999999999784e+00
6.689450000000000118e-01 2.340088000000000168e+00 9.143069999999999808e-01 3.153075999999999990e+00 2.879639000000000060e+00
6.628420000000000423e-01 2.338867000000000029e+00 9.069819999999999549e-01 3.151854999999999851e+00 2.890625000000000000e+00
6.555180000000000451e-01 2.338867000000000029e+00 8.996579999999999577e-01 3.149414000000000158e+00 2.890625000000000000e+00
6.506349999999999634e-01 2.329101999999999784e+00 8.935549999999999882e-01 3.142090000000000050e+00 2.895507999999999971e+00
6.433109999999999662e-01 2.320556999999999981e+00 8.850099999999999634e-01 3.139648000000000216e+00 2.878417999999999921e+00
6.359860000000000513e-01 2.319335999999999842e+00 8.776859999999999662e-01 3.132324000000000108e+00 2.885742000000000029e+00
6.298829999999999707e-01 2.309569999999999901e+00 8.703610000000000513e-01 3.129882999999999971e+00 2.875976999999999784e+00
6.250000000000000000e-01 2.309569999999999901e+00 8.642579999999999707e-01 3.125000000000000000e+00 2.866210999999999842e+00
6.164549999999999752e-01 2.299805000000000099e+00 8.557129999999999459e-01 3.120117000000000029e+00 2.866210999999999842e+00
6.103520000000000056e-01 2.299805000000000099e+00 8.508299999999999752e-01 3.111571999999999782e+00 2.860107000000000177e+00
6.018069999999999808e-01 2.290039000000000158e+00 8.447270000000000056e-01 3.110351999999999784e+00 2.851563000000000070e+00
5.969240000000000101e-01 2.285156000000000187e+00 8.398440000000000349e-01 3.101806999999999981e+00 2.861327999999999872e+00
5.908200000000000118e-01 2.280273000000000216e+00 8.349609999999999532e-01 3.093262000000000178e+00 2.852783000000000069e+00
5.822749999999999870e-01 2.274169999999999803e+00 8.288569999999999549e-01 3.093262000000000178e+00 2.860107000000000177e+00
5.761720000000000175e-01 2.270507999999999971e+00 8.264160000000000394e-01 3.084716999999999931e+00 2.856444999999999901e+00
5.712890000000000468e-01 2.265625000000000000e+00 8.251950000000000118e-01 3.081055000000000099e+00 2.836914000000000158e+00
5.639650000000000496e-01 2.260742000000000029e+00 8.215329999999999577e-01 3.083495999999999793e+00 2.836914000000000158e+00
5.578610000000000513e-01 2.254639000000000060e+00 8.203129999999999589e-01 3.071289000000000158e+00 2.827148000000000216e+00
5.529789999999999983e-01 2.250976999999999784e+00 8.166499999999999870e-01 3.071289000000000158e+00 2.827148000000000216e+00
5.480960000000000276e-01 2.250976999999999784e+00 8.166499999999999870e-01 3.062743999999999911e+00 2.828368999999999911e+00
5.432129999999999459e-01 2.242431999999999981e+00 8.154299999999999882e-01 3.061523000000000216e+00 2.810058999999999862e+00
5.383299999999999752e-01 2.241210999999999842e+00 8.117680000000000451e-01 3.061523000000000216e+00 2.827148000000000216e+00
5.334470000000000045e-01 2.241210999999999842e+00 8.093259999999999899e-01 3.051757999999999971e+00 2.819824000000000108e+00
5.322270000000000056e-01 2.231444999999999901e+00 8.105470000000000175e-01 3.054199000000000108e+00 2.827148000000000216e+00
5.261230000000000073e-01 2.231444999999999901e+00 8.081049999999999622e-01 3.051757999999999971e+00 2.817382999999999971e+00
5.224609999999999532e-01 2.225341999999999931e+00 8.068849999999999634e-01 3.046875000000000000e+00 2.817382999999999971e+00
5.187990000000000101e-01 2.222900000000000098e+00 8.081049999999999622e-01 3.041992000000000029e+00 2.811278999999999861e+00
5.139160000000000394e-01 2.221680000000000099e+00 8.068849999999999634e-01 3.041992000000000029e+00 2.819824000000000108e+00
5.114750000000000130e-01 2.222900000000000098e+00 8.068849999999999634e-01 3.035889000000000060e+00 2.827148000000000216e+00
5.078129999999999589e-01 2.214354999999999851e+00 8.056640000000000468e-01 3.034667999999999921e+00 2.807617000000000029e+00
5.041499999999999870e-01 2.211914000000000158e+00 8.056640000000000468e-01 3.032226999999999784e+00 2.797851999999999784e+00
5.029299999999999882e-01 2.211914000000000158e+00 8.056640000000000468e-01 3.032226999999999784e+00 2.797851999999999784e+00
4.980470000000000175e-01 2.211914000000000158e+00 8.056640000000000468e-01 3.032226999999999784e+00 2.797851999999999784e+00
4.943850000000000189e-01 2.203368999999999911e+00 8.007809999999999651e-01 3.032226999999999784e+00 2.797851999999999784e+00
4.931639999999999913e-01 2.202148000000000216e+00 7.995609999999999662e-01 3.024901999999999980e+00 2.797851999999999784e+00
4.882810000000000206e-01 2.202148000000000216e+00 7.971190000000000220e-01 3.022460999999999842e+00 2.797851999999999784e+00
4.846190000000000220e-01 2.196044999999999803e+00 7.958979999999999944e-01 3.022460999999999842e+00 2.797851999999999784e+00
4.833979999999999944e-01 2.194824000000000108e+00 7.958979999999999944e-01 3.022460999999999842e+00 2.788085999999999842e+00
4.785159999999999969e-01 2.192382999999999971e+00 7.910160000000000524e-01 3.012694999999999901e+00 2.788085999999999842e+00
4.748539999999999983e-01 2.192382999999999971e+00 7.873539999999999983e-01 3.012694999999999901e+00 2.789306999999999981e+00
4.699710000000000276e-01 2.183838000000000168e+00 7.861329999999999707e-01 3.012694999999999901e+00 2.788085999999999842e+00
4.675289999999999724e-01 2.182617000000000029e+00 7.861329999999999707e-01 3.006591999999999931e+00 2.789306999999999981e+00
4.650880000000000014e-01 2.182617000000000029e+00 7.812500000000000000e-01 3.004150000000000098e+00 2.778319999999999901e+00
4.614260000000000028e-01 2.174071999999999782e+00 7.812500000000000000e-01 3.002930000000000099e+00 2.768555000000000099e+00
4.577640000000000042e-01 2.172851999999999784e+00 7.800289999999999724e-01 2.996825999999999990e+00 2.780762000000000178e+00
4.541020000000000056e-01 2.172851999999999784e+00 7.775879999999999459e-01 2.994384999999999852e+00 2.779541000000000039e+00
4.504389999999999783e-01 2.167968999999999813e+00 7.763670000000000293e-01 2.993164000000000158e+00 2.768555000000000099e+00
4.492189999999999794e-01 2.167968999999999813e+00 7.763670000000000293e-01 2.993164000000000158e+00 2.769775000000000098e+00
4.443360000000000087e-01 2.163085999999999842e+00 7.714839999999999476e-01 2.993164000000000158e+00 2.772216999999999931e+00
4.406740000000000101e-01 2.163085999999999842e+00 7.714839999999999476e-01 2.984618999999999911e+00 2.781982000000000177e+00
4.382320000000000104e-01 2.153319999999999901e+00 7.690430000000000321e-01 2.983398000000000216e+00 2.778319999999999901e+00
4.345700000000000118e-01 2.158202999999999872e+00 7.666020000000000056e-01 2.983398000000000216e+00 2.770995999999999793e+00
4.309080000000000132e-01 2.153319999999999901e+00 7.666020000000000056e-01 2.977294999999999803e+00 2.788085999999999842e+00
4.284669999999999868e-01 2.144775000000000098e+00 7.629390000000000338e-01 2.973632999999999971e+00 2.762450999999999990e+00
4.260249999999999870e-01 2.143555000000000099e+00 7.617190000000000349e-01 2.973632999999999971e+00 2.778319999999999901e+00
4.223629999999999884e-01 2.143555000000000099e+00 7.580569999999999808e-01 2.973632999999999971e+00 2.768555000000000099e+00
4.199220000000000175e-01 2.143555000000000099e+00 7.568359999999999532e-01 2.963867000000000029e+00 2.768555000000000099e+00
4.162600000000000189e-01 2.135009999999999852e+00 7.568359999999999532e-01 2.963867000000000029e+00 2.763672000000000128e+00
4.125980000000000203e-01 2.133789000000000158e+00 7.531740000000000101e-01 2.963867000000000029e+00 2.770995999999999793e+00
4.089360000000000217e-01 2.125243999999999911e+00 7.482910000000000394e-01 2.954101999999999784e+00 2.772216999999999931e+00
4.064940000000000220e-01 2.124023000000000216e+00 7.482910000000000394e-01 2.954101999999999784e+00 2.778319999999999901e+00
4.040529999999999955e-01 2.124023000000000216e+00 7.470700000000000118e-01 2.954101999999999784e+00 2.758789000000000158e+00
4.003909999999999969e-01 2.116699000000000108e+00 7.470700000000000118e-01 2.946776999999999980e+00 2.758789000000000158e+00
3.967289999999999983e-01 2.114257999999999971e+00 7.470700000000000118e-01 2.944335999999999842e+00 2.750243999999999911e+00
3.955080000000000262e-01 2.114257999999999971e+00 7.470700000000000118e-01 2.944335999999999842e+00 2.749023000000000216e+00
3.955080000000000262e-01 2.114257999999999971e+00 7.470700000000000118e-01 2.944335999999999842e+00 2.749023000000000216e+00
3.955080000000000262e-01 2.114257999999999971e+00 7.482910000000000394e-01 2.944335999999999842e+00 2.749023000000000216e+00
3.918460000000000276e-01 2.109375000000000000e+00 7.482910000000000394e-01 2.937012000000000178e+00 2.749023000000000216e+00
3.906250000000000000e-01 2.109375000000000000e+00 7.507319999999999549e-01 2.935791000000000039e+00 2.750243999999999911e+00
3.894039999999999724e-01 2.109375000000000000e+00 7.519529999999999825e-01 2.937012000000000178e+00 2.738036999999999832e+00
3.894039999999999724e-01 2.109375000000000000e+00 7.543950000000000378e-01 2.934569999999999901e+00 2.749023000000000216e+00
3.881839999999999735e-01 2.109375000000000000e+00 7.568359999999999532e-01 2.937012000000000178e+00 2.749023000000000216e+00
3.881839999999999735e-01 2.109375000000000000e+00 7.580569999999999808e-01 2.934569999999999901e+00 2.749023000000000216e+00
3.881839999999999735e-01 2.109375000000000000e+00 7.604980000000000073e-01 2.935791000000000039e+00 2.753906000000000187e+00
3.881839999999999735e-01 2.109375000000000000e+00 7.617190000000000349e-01 2.935791000000000039e+00 2.750243999999999911e+00
3.881839999999999735e-01 2.105713000000000168e+00 7.617190000000000349e-01 2.937012000000000178e+00 2.739257999999999971e+00
3.881839999999999735e-01 2.109375000000000000e+00 7.629390000000000338e-01 2.944335999999999842e+00 2.741699000000000108e+00
3.906250000000000000e-01 2.109375000000000000e+00 7.666020000000000056e-01 2.938232000000000177e+00 2.758789000000000158e+00
3.906250000000000000e-01 2.108153999999999861e+00 7.678220000000000045e-01 2.944335999999999842e+00 2.741699000000000108e+00
3.906250000000000000e-01 2.109375000000000000e+00 7.702639999999999487e-01 2.944335999999999842e+00 2.758789000000000158e+00
3.918460000000000276e-01 2.114257999999999971e+00 7.727049999999999752e-01 2.949218999999999813e+00 2.753906000000000187e+00
3.930660000000000265e-01 2.114257999999999971e+00 7.763670000000000293e-01 2.944335999999999842e+00 2.768555000000000099e+00
3.967289999999999983e-01 2.114257999999999971e+00 7.800289999999999724e-01 2.954101999999999784e+00 2.760009999999999852e+00
3.979489999999999972e-01 2.115479000000000109e+00 7.861329999999999707e-01 2.950438999999999812e+00 2.761229999999999851e+00
4.016109999999999958e-01 2.117919999999999803e+00 7.873539999999999983e-01 2.954101999999999784e+00 2.768555000000000099e+00
4.052729999999999944e-01 2.125243999999999911e+00 7.958979999999999944e-01 2.956542999999999921e+00 2.760009999999999852e+00
4.089360000000000217e-01 2.124023000000000216e+00 7.958979999999999944e-01 2.963867000000000029e+00 2.760009999999999852e+00
4.113769999999999927e-01 2.125243999999999911e+00 7.971190000000000220e-01 2.963867000000000029e+00 2.762450999999999990e+00
4.150389999999999913e-01 2.133789000000000158e+00 7.995609999999999662e-01 2.965088000000000168e+00 2.781982000000000177e+00
4.162600000000000189e-01 2.133789000000000158e+00 8.007809999999999651e-01 2.968750000000000000e+00 2.769775000000000098e+00
4.199220000000000175e-01 2.133789000000000158e+00 8.007809999999999651e-01 2.973632999999999971e+00 2.769775000000000098e+00
4.211429999999999896e-01 2.135009999999999852e+00 8.007809999999999651e-01 2.973632999999999971e+00 2.769775000000000098e+00
4.223629999999999884e-01 2.133789000000000158e+00 8.007809999999999651e-01 2.973632999999999971e+00 2.768555000000000099e+00
4.248049999999999882e-01 2.136229999999999851e+00 8.007809999999999651e-01 2.973632999999999971e+00 2.768555000000000099e+00
4.248049999999999882e-01 2.135009999999999852e+00 7.995609999999999662e-01 2.973632999999999971e+00 2.772216999999999931e+00
4.272460000000000147e-01 2.137450999999999990e+00 8.007809999999999651e-01 2.974854000000000109e+00 2.788085999999999842e+00
4.284669999999999868e-01 2.143555000000000099e+00 8.020019999999999927e-01 2.974854000000000109e+00 2.778319999999999901e+00
4.309080000000000132e-01 2.138672000000000128e+00 8.056640000000000468e-01 2.974854000000000109e+00 2.768555000000000099e+00
4.345700000000000118e-01 2.143555000000000099e+00 8.056640000000000468e-01 2.983398000000000216e+00 2.768555000000000099e+00
4.357909999999999839e-01 2.144775000000000098e+00 8.081049999999999622e-01 2.983398000000000216e+00 2.769775000000000098e+00
4.382320000000000104e-01 2.144775000000000098e+00 8.093259999999999899e-01 2.985840000000000050e+00 2.778319999999999901e+00
4.406740000000000101e-01 2.148438000000000070e+00 8.117680000000000451e-01 2.983398000000000216e+00 2.778319999999999901e+00
4.443360000000000087e-01 2.147216999999999931e+00 8.117680000000000451e-01 2.987061000000000188e+00 2.788085999999999842e+00
4.455569999999999808e-01 2.147216999999999931e+00 8.117680000000000451e-01 2.993164000000000158e+00 2.772216999999999931e+00
4.492189999999999794e-01 2.153319999999999901e+00 8.154299999999999882e-01 2.987061000000000188e+00 2.797851999999999784e+00
4.541020000000000056e-01 2.153319999999999901e+00 8.166499999999999870e-01 2.998047000000000128e+00 2.788085999999999842e+00
4.565429999999999766e-01 2.153319999999999901e+00 8.166499999999999870e-01 2.994384999999999852e+00 2.791748000000000118e+00
4.602049999999999752e-01 2.155762000000000178e+00 8.190920000000000423e-01 2.998047000000000128e+00 2.788085999999999842e+00
4.602049999999999752e-01 2.156982000000000177e+00 8.190920000000000423e-01 3.002930000000000099e+00 2.797851999999999784e+00
4.650880000000000014e-01 2.163085999999999842e+00 8.251950000000000118e-01 3.002930000000000099e+00 2.789306999999999981e+00
4.650880000000000014e-01 2.163085999999999842e+00 8.251950000000000118e-01 3.004150000000000098e+00 2.797851999999999784e+00
4.687500000000000000e-01 2.163085999999999842e+00 8.251950000000000118e-01 3.005370999999999793e+00 2.788085999999999842e+00
4.699710000000000276e-01 2.164306999999999981e+00 8.264160000000000394e-01 3.004150000000000098e+00 2.797851999999999784e+00
4.736330000000000262e-01 2.167968999999999813e+00 8.288569999999999549e-01 3.012694999999999901e+00 2.784424000000000010e+00
4.748539999999999983e-01 2.172851999999999784e+00 8.288569999999999549e-01 3.012694999999999901e+00 2.810058999999999862e+00
4.785159999999999969e-01 2.172851999999999784e+00 8.349609999999999532e-01 3.013916000000000039e+00 2.817382999999999971e+00
4.809570000000000234e-01 2.172851999999999784e+00 8.349609999999999532e-01 3.015137000000000178e+00 2.797851999999999784e+00
4.833979999999999944e-01 2.174071999999999782e+00 8.349609999999999532e-01 3.022460999999999842e+00 2.797851999999999784e+00
4.846190000000000220e-01 2.177734000000000059e+00 8.361819999999999808e-01 3.022460999999999842e+00 2.807617000000000029e+00
4.882810000000000206e-01 2.176514000000000060e+00 8.361819999999999808e-01 3.022460999999999842e+00 2.807617000000000029e+00
4.895019999999999927e-01 2.182617000000000029e+00 8.361819999999999808e-01 3.023681999999999981e+00 2.817382999999999971e+00
4.931639999999999913e-01 2.182617000000000029e+00 8.361819999999999808e-01 3.023681999999999981e+00 2.807617000000000029e+00
4.931639999999999913e-01 2.182617000000000029e+00 8.361819999999999808e-01 3.023681999999999981e+00 2.801514000000000060e+00
4.931639999999999913e-01 2.182617000000000029e+00 8.361819999999999808e-01 3.032226999999999784e+00 2.807617000000000029e+00
4.943850000000000189e-01 2.182617000000000029e+00 8.349609999999999532e-01 3.032226999999999784e+00 2.807617000000000029e+00
4.943850000000000189e-01 2.183838000000000168e+00 8.349609999999999532e-01 3.032226999999999784e+00 2.807617000000000029e+00
4.943850000000000189e-01 2.183838000000000168e+00 8.349609999999999532e-01 3.032226999999999784e+00 2.807617000000000029e+00
4.956050000000000177e-01 2.183838000000000168e+00 8.349609999999999532e-01 3.032226999999999784e+00 2.807617000000000029e+00
4.943850000000000189e-01 2.182617000000000029e+00 8.312990000000000101e-01 3.032226999999999784e+00 2.810058999999999862e+00
4.956050000000000177e-01 2.182617000000000029e+00 8.276369999999999560e-01 3.032226999999999784e+00 2.810058999999999862e+00
4.943850000000000189e-01 2.182617000000000029e+00 8.264160000000000394e-01 3.027343999999999813e+00 2.821044999999999803e+00
4.931639999999999913e-01 2.182617000000000029e+00 8.251950000000000118e-01 3.024901999999999980e+00 2.827148000000000216e+00
4.931639999999999913e-01 2.182617000000000029e+00 8.251950000000000118e-01 3.024901999999999980e+00 2.817382999999999971e+00
4.931639999999999913e-01 2.182617000000000029e+00 8.215329999999999577e-01 3.022460999999999842e+00 2.808838000000000168e+00
4.907230000000000203e-01 2.182617000000000029e+00 8.203129999999999589e-01 3.024901999999999980e+00 2.807617000000000029e+00
4.895019999999999927e-01 2.182617000000000029e+00 8.190920000000000423e-01 3.022460999999999842e+00 2.807617000000000029e+00
4.895019999999999927e-01 2.176514000000000060e+00 8.203129999999999589e-01 3.022460999999999842e+00 2.797851999999999784e+00
4.870610000000000217e-01 2.182617000000000029e+00 8.190920000000000423e-01 3.022460999999999842e+00 2.801514000000000060e+00
4.870610000000000217e-01 2.182617000000000029e+00 8.190920000000000423e-01 3.022460999999999842e+00 2.801514000000000060e+00
4.882810000000000206e-01 2.176514000000000060e+00 8.190920000000000423e-01 3.022460999999999842e+00 2.817382999999999971e+00
4.846190000000000220e-01 2.176514000000000060e+00 8.178710000000000147e-01 3.022460999999999842e+00 2.807617000000000029e+00
4.846190000000000220e-01 2.182617000000000029e+00 8.166499999999999870e-01 3.016357000000000177e+00 2.811278999999999861e+00
4.833979999999999944e-01 2.176514000000000060e+00 8.166499999999999870e-01 3.022460999999999842e+00 2.807617000000000029e+00
4.833979999999999944e-01 2.174071999999999782e+00 8.166499999999999870e-01 3.016357000000000177e+00 2.810058999999999862e+00
4.797359999999999958e-01 2.172851999999999784e+00 8.154299999999999882e-01 3.013916000000000039e+00 2.807617000000000029e+00
4.797359999999999958e-01 2.174071999999999782e+00 8.129880000000000440e-01 3.015137000000000178e+00 2.788085999999999842e+00
