1.867679999999999896e-01 1.772461000000000064e+00 6.542970000000000175e-01 2.573242000000000029e+00
1.867679999999999896e-01 1.766356999999999955e+00 6.542970000000000175e-01 2.573242000000000029e+00
1.867679999999999896e-01 1.766356999999999955e+00 6.530759999999999899e-01 2.578125000000000000e+00
1.879879999999999884e-01 1.765136999999999956e+00 6.530759999999999899e-01 2.573242000000000029e+00
1.867679999999999896e-01 1.772461000000000064e+00 6.530759999999999899e-01 2.573242000000000029e+00
1.867679999999999896e-01 1.772461000000000064e+00 6.530759999999999899e-01 2.573242000000000029e+00
1.879879999999999884e-01 1.772461000000000064e+00 6.530759999999999899e-01 2.573242000000000029e+00
1.867679999999999896e-01 1.766356999999999955e+00 6.518549999999999622e-01 2.567139000000000060e+00
1.867679999999999896e-01 1.772461000000000064e+00 6.530759999999999899e-01 2.573242000000000029e+00
1.867679999999999896e-01 1.766356999999999955e+00 6.506349999999999634e-01 2.573242000000000029e+00
1.867679999999999896e-01 1.766356999999999955e+00 6.530759999999999899e-01 2.573242000000000029e+00
1.879879999999999884e-01 1.766356999999999955e+00 6.506349999999999634e-01 2.567139000000000060e+00
1.867679999999999896e-01 1.772461000000000064e+00 6.518549999999999622e-01 2.567139000000000060e+00
1.879879999999999884e-01 1.766356999999999955e+00 6.506349999999999634e-01 2.573242000000000029e+00
1.867679999999999896e-01 1.772461000000000064e+00 6.506349999999999634e-01 2.575683999999999862e+00
1.867679999999999896e-01 1.766356999999999955e+00 6.518549999999999622e-01 2.573242000000000029e+00
1.879879999999999884e-01 1.772461000000000064e+00 6.506349999999999634e-01 2.569580000000000197e+00
1.879879999999999884e-01 1.766356999999999955e+00 6.494140000000000468e-01 2.573242000000000029e+00
1.879879999999999884e-01 1.767578000000000094e+00 6.506349999999999634e-01 2.573242000000000029e+00
1.867679999999999896e-01 1.772461000000000064e+00 6.494140000000000468e-01 2.567139000000000060e+00
1.879879999999999884e-01 1.766356999999999955e+00 6.506349999999999634e-01 2.567139000000000060e+00
1.867679999999999896e-01 1.766356999999999955e+00 6.506349999999999634e-01 2.573242000000000029e+00
1.867679999999999896e-01 1.766356999999999955e+00 6.494140000000000468e-01 2.567139000000000060e+00
1.879879999999999884e-01 1.766356999999999955e+00 6.494140000000000468e-01 2.567139000000000060e+00
1.879879999999999884e-01 1.765136999999999956e+00 6.494140000000000468e-01 2.565917999999999921e+00
1.867679999999999896e-01 1.772461000000000064e+00 6.506349999999999634e-01 2.573242000000000029e+00
1.867679999999999896e-01 1.766356999999999955e+00 6.494140000000000468e-01 2.568359000000000059e+00
1.867679999999999896e-01 1.766356999999999955e+00 6.506349999999999634e-01 2.565917999999999921e+00
1.867679999999999896e-01 1.768799000000000010e+00 6.506349999999999634e-01 2.567139000000000060e+00
1.867679999999999896e-01 1.772461000000000064e+00 6.506349999999999634e-01 2.565917999999999921e+00
1.867679999999999896e-01 1.772461000000000064e+00 6.494140000000000468e-01 2.573242000000000029e+00
1.867679999999999896e-01 1.772461000000000064e+00 6.494140000000000468e-01 2.567139000000000060e+00
1.879879999999999884e-01 1.768799000000000010e+00 6.494140000000000468e-01 2.573242000000000029e+00
1.867679999999999896e-01 1.766356999999999955e+00 6.494140000000000468e-01 2.564696999999999782e+00
1.867679999999999896e-01 1.766356999999999955e+00 6.494140000000000468e-01 2.565917999999999921e+00
1.879879999999999884e-01 1.772461000000000064e+00 6.494140000000000468e-01 2.568359000000000059e+00
1.879879999999999884e-01 1.767578000000000094e+00 6.494140000000000468e-01 2.567139000000000060e+00
1.867679999999999896e-01 1.772461000000000064e+00 6.494140000000000468e-01 2.568359000000000059e+00
1.867679999999999896e-01 1.772461000000000064e+00 6.494140000000000468e-01 2.567139000000000060e+00
1.879879999999999884e-01 1.772461000000000064e+00 6.494140000000000468e-01 2.573242000000000029e+00
1.867679999999999896e-01 1.766356999999999955e+00 6.494140000000000468e-01 2.568359000000000059e+00
1.867679999999999896e-01 1.772461000000000064e+00 6.494140000000000468e-01 2.567139000000000060e+00
1.867679999999999896e-01 1.766356999999999955e+00 6.494140000000000468e-01 2.564696999999999782e+00
1.879879999999999884e-01 1.766356999999999955e+00 6.494140000000000468e-01 2.568359000000000059e+00
1.879879999999999884e-01 1.772461000000000064e+00 6.494140000000000468e-01 2.573242000000000029e+00
1.879879999999999884e-01 1.766356999999999955e+00 6.506349999999999634e-01 2.567139000000000060e+00
1.879879999999999884e-01 1.772461000000000064e+00 6.494140000000000468e-01 2.567139000000000060e+00
1.867679999999999896e-01 1.772461000000000064e+00 6.494140000000000468e-01 2.564696999999999782e+00
1.879879999999999884e-01 1.767578000000000094e+00 6.494140000000000468e-01 2.564696999999999782e+00
1.867679999999999896e-01 1.772461000000000064e+00 6.506349999999999634e-01 2.573242000000000029e+00
1.879879999999999884e-01 1.772461000000000064e+00 6.506349999999999634e-01 2.573242000000000029e+00
1.867679999999999896e-01 1.767578000000000094e+00 6.506349999999999634e-01 2.567139000000000060e+00
1.879879999999999884e-01 1.772461000000000064e+00 6.506349999999999634e-01 2.567139000000000060e+00
1.892089999999999883e-01 1.772461000000000064e+00 6.506349999999999634e-01 2.573242000000000029e+00
1.892089999999999883e-01 1.772461000000000064e+00 6.530759999999999899e-01 2.573242000000000029e+00
1.904299999999999882e-01 1.774901999999999980e+00 6.603999999999999870e-01 2.573242000000000029e+00
1.953129999999999866e-01 1.785889000000000060e+00 6.799319999999999808e-01 2.578125000000000000e+00
2.050780000000000103e-01 1.804199000000000108e+00 7.080079999999999707e-01 2.593993999999999911e+00
2.197270000000000056e-01 1.832275000000000098e+00 7.385249999999999870e-01 2.603759999999999852e+00
2.368159999999999987e-01 1.861572000000000005e+00 7.727049999999999752e-01 2.625732000000000177e+00
2.600100000000000189e-01 1.899413999999999936e+00 8.056640000000000468e-01 2.661132999999999971e+00
2.880860000000000087e-01 1.938477000000000006e+00 8.447270000000000056e-01 2.690430000000000099e+00
3.271479999999999944e-01 1.987305000000000099e+00 9.033200000000000118e-01 2.739257999999999971e+00
3.796390000000000042e-01 2.047118999999999911e+00 9.875490000000000101e-01 2.797851999999999784e+00
4.492189999999999794e-01 2.124023000000000216e+00 1.075439000000000034e+00 2.875976999999999784e+00
5.261230000000000073e-01 2.202148000000000216e+00 1.152344000000000035e+00 2.957764000000000060e+00
6.005859999999999532e-01 2.270507999999999971e+00 1.209716999999999931e+00 3.032226999999999784e+00
6.689450000000000118e-01 2.332764000000000060e+00 1.250000000000000000e+00 3.100585999999999842e+00
7.275390000000000468e-01 2.380370999999999793e+00 1.274413999999999936e+00 3.151854999999999851e+00
7.763670000000000293e-01 2.426757999999999971e+00 1.293944999999999901e+00 3.188476999999999784e+00
8.154299999999999882e-01 2.456055000000000099e+00 1.303711000000000064e+00 3.228759999999999852e+00
8.447270000000000056e-01 2.485351999999999784e+00 1.313477000000000006e+00 3.250732000000000177e+00
8.679200000000000248e-01 2.504882999999999971e+00 1.306151999999999980e+00 3.272705000000000197e+00
8.850099999999999634e-01 2.524414000000000158e+00 1.296386999999999956e+00 3.295898000000000216e+00
8.947749999999999870e-01 2.539063000000000070e+00 1.289063000000000070e+00 3.305664000000000158e+00
9.057619999999999560e-01 2.543944999999999901e+00 1.274413999999999936e+00 3.315430000000000099e+00
9.130859999999999532e-01 2.554931999999999981e+00 1.264647999999999994e+00 3.325194999999999901e+00
9.143069999999999808e-01 2.553710999999999842e+00 1.248779000000000083e+00 3.325194999999999901e+00
9.143069999999999808e-01 2.562256000000000089e+00 1.230469000000000035e+00 3.327637000000000178e+00
9.143069999999999808e-01 2.556151999999999980e+00 1.215819999999999901e+00 3.328857000000000177e+00
9.130859999999999532e-01 2.554931999999999981e+00 1.196288999999999936e+00 3.327637000000000178e+00
9.057619999999999560e-01 2.553710999999999842e+00 1.176757999999999971e+00 3.326416000000000039e+00
9.033200000000000118e-01 2.553710999999999842e+00 1.157227000000000006e+00 3.325194999999999901e+00
8.947749999999999870e-01 2.543944999999999901e+00 1.137694999999999901e+00 3.325194999999999901e+00
8.886720000000000175e-01 2.535400000000000098e+00 1.120605000000000073e+00 3.316650000000000098e+00
8.837890000000000468e-01 2.534180000000000099e+00 1.108397999999999994e+00 3.315430000000000099e+00
8.752440000000000220e-01 2.525634999999999852e+00 1.090087999999999946e+00 3.308104999999999851e+00
8.691410000000000524e-01 2.524414000000000158e+00 1.079102000000000006e+00 3.305664000000000158e+00
8.630370000000000541e-01 2.514648000000000216e+00 1.060791000000000039e+00 3.297118999999999911e+00
8.544920000000000293e-01 2.504882999999999971e+00 1.046143000000000045e+00 3.295898000000000216e+00
8.459470000000000045e-01 2.496338000000000168e+00 1.030272999999999994e+00 3.286132999999999971e+00
8.349609999999999532e-01 2.486571999999999782e+00 1.015625000000000000e+00 3.281250000000000000e+00
8.251950000000000118e-01 2.485351999999999784e+00 1.000977000000000006e+00 3.276367000000000029e+00
8.166499999999999870e-01 2.469482000000000177e+00 9.912109999999999532e-01 3.266601999999999784e+00
8.081049999999999622e-01 2.465819999999999901e+00 9.814450000000000118e-01 3.266601999999999784e+00
8.007809999999999651e-01 2.456055000000000099e+00 9.728999999999999870e-01 3.256835999999999842e+00
7.922360000000000513e-01 2.447509999999999852e+00 9.631349999999999634e-01 3.247069999999999901e+00
7.861329999999999707e-01 2.440186000000000188e+00 9.558109999999999662e-01 3.239745999999999793e+00
7.775879999999999459e-01 2.436523000000000216e+00 9.521479999999999944e-01 3.237305000000000099e+00
7.678220000000000045e-01 2.429199000000000108e+00 9.448239999999999972e-01 3.228759999999999852e+00
7.617190000000000349e-01 2.426757999999999971e+00 9.423829999999999707e-01 3.227539000000000158e+00
7.568359999999999532e-01 2.421875000000000000e+00 9.338379999999999459e-01 3.220215000000000050e+00
7.482910000000000394e-01 2.410889000000000060e+00 9.289549999999999752e-01 3.217773000000000216e+00
7.409670000000000423e-01 2.408446999999999782e+00 9.228520000000000056e-01 3.210449000000000108e+00
7.336430000000000451e-01 2.398681999999999981e+00 9.179690000000000349e-01 3.208007999999999971e+00
7.275390000000000468e-01 2.397460999999999842e+00 9.143069999999999808e-01 3.200683999999999862e+00
7.214359999999999662e-01 2.388916000000000039e+00 9.130859999999999532e-01 3.199463000000000168e+00
7.141110000000000513e-01 2.387694999999999901e+00 9.094240000000000101e-01 3.189696999999999782e+00
7.092289999999999983e-01 2.381591999999999931e+00 9.094240000000000101e-01 3.188476999999999784e+00
7.031250000000000000e-01 2.377930000000000099e+00 9.069819999999999549e-01 3.188476999999999784e+00
6.982420000000000293e-01 2.377930000000000099e+00 9.045410000000000394e-01 3.178710999999999842e+00
6.933589999999999476e-01 2.369384999999999852e+00 9.033200000000000118e-01 3.178710999999999842e+00
6.884770000000000056e-01 2.368164000000000158e+00 9.033200000000000118e-01 3.178710999999999842e+00
6.823730000000000073e-01 2.368164000000000158e+00 8.972170000000000423e-01 3.168944999999999901e+00
6.787109999999999532e-01 2.359618999999999911e+00 8.972170000000000423e-01 3.168944999999999901e+00
6.713869999999999560e-01 2.358398000000000216e+00 8.935549999999999882e-01 3.162841999999999931e+00
6.689450000000000118e-01 2.349854000000000109e+00 8.935549999999999882e-01 3.159180000000000099e+00
6.603999999999999870e-01 2.348632999999999971e+00 8.850099999999999634e-01 3.159180000000000099e+00
6.542970000000000175e-01 2.343750000000000000e+00 8.801269999999999927e-01 3.153075999999999990e+00
6.494140000000000468e-01 2.338867000000000029e+00 8.752440000000000220e-01 3.149414000000000158e+00
6.433109999999999662e-01 2.330321999999999782e+00 8.740229999999999944e-01 3.149414000000000158e+00
6.396479999999999944e-01 2.329101999999999784e+00 8.679200000000000248e-01 3.139648000000000216e+00
6.311039999999999983e-01 2.324218999999999813e+00 8.642579999999999707e-01 3.139648000000000216e+00
6.250000000000000000e-01 2.319335999999999842e+00 8.593750000000000000e-01 3.131104000000000109e+00
6.201170000000000293e-01 2.319335999999999842e+00 8.581539999999999724e-01 3.129882999999999971e+00
6.140139999999999487e-01 2.313232000000000177e+00 8.544920000000000293e-01 3.129882999999999971e+00
6.103520000000000056e-01 2.309569999999999901e+00 8.544920000000000293e-01 3.120117000000000029e+00
6.054690000000000349e-01 2.303466999999999931e+00 8.544920000000000293e-01 3.120117000000000029e+00
6.005859999999999532e-01 2.302245999999999793e+00 8.544920000000000293e-01 3.114014000000000060e+00
6.005859999999999532e-01 2.302245999999999793e+00 8.544920000000000293e-01 3.114014000000000060e+00
5.969240000000000101e-01 2.299805000000000099e+00 8.544920000000000293e-01 3.111571999999999782e+00
5.920410000000000394e-01 2.299805000000000099e+00 8.508299999999999752e-01 3.114014000000000060e+00
5.908200000000000118e-01 2.293700999999999990e+00 8.496089999999999476e-01 3.110351999999999784e+00
5.847170000000000423e-01 2.290039000000000158e+00 8.483889999999999487e-01 3.110351999999999784e+00
5.810549999999999882e-01 2.290039000000000158e+00 8.471680000000000321e-01 3.103026999999999980e+00
5.810549999999999882e-01 2.290039000000000158e+00 8.471680000000000321e-01 3.101806999999999981e+00
5.761720000000000175e-01 2.290039000000000158e+00 8.483889999999999487e-01 3.100585999999999842e+00
5.725099999999999634e-01 2.285156000000000187e+00 8.508299999999999752e-01 3.100585999999999842e+00
5.712890000000000468e-01 2.280273000000000216e+00 8.483889999999999487e-01 3.092041000000000039e+00
5.676269999999999927e-01 2.281493999999999911e+00 8.483889999999999487e-01 3.093262000000000178e+00
5.651859999999999662e-01 2.280273000000000216e+00 8.459470000000000045e-01 3.092041000000000039e+00
5.627440000000000220e-01 2.280273000000000216e+00 8.447270000000000056e-01 3.090819999999999901e+00
5.578610000000000513e-01 2.272949000000000108e+00 8.410640000000000338e-01 3.093262000000000178e+00
5.554200000000000248e-01 2.270507999999999971e+00 8.361819999999999808e-01 3.090819999999999901e+00
5.517579999999999707e-01 2.270507999999999971e+00 8.349609999999999532e-01 3.083495999999999793e+00
5.480960000000000276e-01 2.265625000000000000e+00 8.312990000000000101e-01 3.083495999999999793e+00
5.444339999999999735e-01 2.263183999999999862e+00 8.276369999999999560e-01 3.081055000000000099e+00
5.419920000000000293e-01 2.260742000000000029e+00 8.251950000000000118e-01 3.077392999999999823e+00
5.371089999999999476e-01 2.253417999999999921e+00 8.203129999999999589e-01 3.071289000000000158e+00
5.334470000000000045e-01 2.250976999999999784e+00 8.178710000000000147e-01 3.071289000000000158e+00
5.285640000000000338e-01 2.250976999999999784e+00 8.154299999999999882e-01 3.071289000000000158e+00
5.236819999999999808e-01 2.243651999999999980e+00 8.105470000000000175e-01 3.061523000000000216e+00
5.224609999999999532e-01 2.241210999999999842e+00 8.068849999999999634e-01 3.061523000000000216e+00
5.163569999999999549e-01 2.235107000000000177e+00 8.056640000000000468e-01 3.061523000000000216e+00
5.126950000000000118e-01 2.231444999999999901e+00 8.007809999999999651e-01 3.054199000000000108e+00
5.090329999999999577e-01 2.225341999999999931e+00 7.971190000000000220e-01 3.054199000000000108e+00
5.041499999999999870e-01 2.224120999999999793e+00 7.958979999999999944e-01 3.051757999999999971e+00
4.992679999999999896e-01 2.221680000000000099e+00 7.922360000000000513e-01 3.044433999999999862e+00
4.956050000000000177e-01 2.215575999999999990e+00 7.885739999999999972e-01 3.041992000000000029e+00
4.931639999999999913e-01 2.213134999999999852e+00 7.873539999999999983e-01 3.041992000000000029e+00
4.882810000000000206e-01 2.208251999999999882e+00 7.861329999999999707e-01 3.037109000000000059e+00
4.846190000000000220e-01 2.208251999999999882e+00 7.861329999999999707e-01 3.034667999999999921e+00
4.809570000000000234e-01 2.203368999999999911e+00 7.861329999999999707e-01 3.032226999999999784e+00
4.772950000000000248e-01 2.202148000000000216e+00 7.861329999999999707e-01 3.032226999999999784e+00
4.748539999999999983e-01 2.202148000000000216e+00 7.861329999999999707e-01 3.024901999999999980e+00
4.736330000000000262e-01 2.197265999999999941e+00 7.861329999999999707e-01 3.022460999999999842e+00
4.687500000000000000e-01 2.192382999999999971e+00 7.824710000000000276e-01 3.024901999999999980e+00
4.663089999999999735e-01 2.192382999999999971e+00 7.824710000000000276e-01 3.022460999999999842e+00
4.650880000000000014e-01 2.192382999999999971e+00 7.812500000000000000e-01 3.015137000000000178e+00
4.602049999999999752e-01 2.186278999999999861e+00 7.800289999999999724e-01 3.012694999999999901e+00
4.577640000000000042e-01 2.183838000000000168e+00 7.775879999999999459e-01 3.012694999999999901e+00
4.541020000000000056e-01 2.176514000000000060e+00 7.763670000000000293e-01 3.012694999999999901e+00
4.504389999999999783e-01 2.176514000000000060e+00 7.714839999999999476e-01 3.002930000000000099e+00
4.467769999999999797e-01 2.172851999999999784e+00 7.690430000000000321e-01 3.005370999999999793e+00
4.443360000000000087e-01 2.172851999999999784e+00 7.666020000000000056e-01 2.998047000000000128e+00
4.394529999999999825e-01 2.164306999999999981e+00 7.629390000000000338e-01 2.993164000000000158e+00
4.345700000000000118e-01 2.163085999999999842e+00 7.604980000000000073e-01 2.993164000000000158e+00
4.296880000000000144e-01 2.163085999999999842e+00 7.580569999999999808e-01 2.993164000000000158e+00
4.272460000000000147e-01 2.154541000000000039e+00 7.568359999999999532e-01 2.988281000000000187e+00
4.248049999999999882e-01 2.153319999999999901e+00 7.531740000000000101e-01 2.983398000000000216e+00
4.199220000000000175e-01 2.153319999999999901e+00 7.531740000000000101e-01 2.983398000000000216e+00
4.162600000000000189e-01 2.144775000000000098e+00 7.519529999999999825e-01 2.976074000000000108e+00
4.150389999999999913e-01 2.143555000000000099e+00 7.519529999999999825e-01 2.974854000000000109e+00
4.101560000000000206e-01 2.137450999999999990e+00 7.482910000000000394e-01 2.973632999999999971e+00
4.064940000000000220e-01 2.135009999999999852e+00 7.482910000000000394e-01 2.973632999999999971e+00
4.040529999999999955e-01 2.133789000000000158e+00 7.470700000000000118e-01 2.963867000000000029e+00
4.003909999999999969e-01 2.133789000000000158e+00 7.470700000000000118e-01 2.963867000000000029e+00
3.967289999999999983e-01 2.126465000000000050e+00 7.470700000000000118e-01 2.963867000000000029e+00
3.955080000000000262e-01 2.125243999999999911e+00 7.421879999999999589e-01 2.957764000000000060e+00
3.918460000000000276e-01 2.124023000000000216e+00 7.421879999999999589e-01 2.956542999999999921e+00
3.894039999999999724e-01 2.117919999999999803e+00 7.421879999999999589e-01 2.954101999999999784e+00
3.869630000000000014e-01 2.115479000000000109e+00 7.409670000000000423e-01 2.954101999999999784e+00
3.857419999999999738e-01 2.115479000000000109e+00 7.421879999999999589e-01 2.954101999999999784e+00
3.857419999999999738e-01 2.115479000000000109e+00 7.482910000000000394e-01 2.946776999999999980e+00
3.869630000000000014e-01 2.124023000000000216e+00 7.678220000000000045e-01 2.949218999999999813e+00
3.955080000000000262e-01 2.143555000000000099e+00 8.056640000000000468e-01 2.956542999999999921e+00
4.113769999999999927e-01 2.174071999999999782e+00 8.581539999999999724e-01 2.973632999999999971e+00
4.406740000000000101e-01 2.231444999999999901e+00 9.326170000000000293e-01 3.002930000000000099e+00
4.846190000000000220e-01 2.299805000000000099e+00 1.016845999999999917e+00 3.041992000000000029e+00
5.419920000000000293e-01 2.359618999999999911e+00 1.098632999999999971e+00 3.089599999999999902e+00
6.054690000000000349e-01 2.416992000000000029e+00 1.166992000000000029e+00 3.150634999999999852e+00
6.652829999999999577e-01 2.465819999999999901e+00 1.215819999999999901e+00 3.203125000000000000e+00
7.226559999999999651e-01 2.514648000000000216e+00 1.254882999999999971e+00 3.247069999999999901e+00
7.714839999999999476e-01 2.545166000000000039e+00 1.275635000000000074e+00 3.286132999999999971e+00
8.117680000000000451e-01 2.573242000000000029e+00 1.293944999999999901e+00 3.315430000000000099e+00
8.483889999999999487e-01 2.602539000000000158e+00 1.304931999999999981e+00 3.337401999999999980e+00
8.752440000000000220e-01 2.622069999999999901e+00 1.313477000000000006e+00 3.364257999999999971e+00
8.972170000000000423e-01 2.634276999999999980e+00 1.313477000000000006e+00 3.375243999999999911e+00
9.143069999999999808e-01 2.645264000000000060e+00 1.303711000000000064e+00 3.387450999999999990e+00
9.277339999999999476e-01 2.656250000000000000e+00 1.293944999999999901e+00 3.398438000000000070e+00
9.362789999999999724e-01 2.653808999999999862e+00 1.278075999999999990e+00 3.403319999999999901e+00
9.387210000000000276e-01 2.656250000000000000e+00 1.264647999999999994e+00 3.408202999999999872e+00
9.423829999999999707e-01 2.656250000000000000e+00 1.246337999999999946e+00 3.413085999999999842e+00
9.423829999999999707e-01 2.656250000000000000e+00 1.230469000000000035e+00 3.405762000000000178e+00
9.362789999999999724e-01 2.651367000000000029e+00 1.215819999999999901e+00 3.413085999999999842e+00
9.350589999999999735e-01 2.645264000000000060e+00 1.196288999999999936e+00 3.406982000000000177e+00
9.289549999999999752e-01 2.641601999999999784e+00 1.176757999999999971e+00 3.403319999999999901e+00
9.228520000000000056e-01 2.636718999999999813e+00 1.157227000000000006e+00 3.397216999999999931e+00
9.179690000000000349e-01 2.634276999999999980e+00 1.140136999999999956e+00 3.393555000000000099e+00
9.130859999999999532e-01 2.622069999999999901e+00 1.123046999999999906e+00 3.393555000000000099e+00
9.033200000000000118e-01 2.613525000000000098e+00 1.108397999999999994e+00 3.383789000000000158e+00
8.947749999999999870e-01 2.612305000000000099e+00 1.088867000000000029e+00 3.383789000000000158e+00
8.850099999999999634e-01 2.602539000000000158e+00 1.070556999999999981e+00 3.374023000000000216e+00
8.752440000000000220e-01 2.592773000000000216e+00 1.053466999999999931e+00 3.365479000000000109e+00
8.691410000000000524e-01 2.583007999999999971e+00 1.040038999999999936e+00 3.364257999999999971e+00
8.569339999999999735e-01 2.573242000000000029e+00 1.025390999999999941e+00 3.354492000000000029e+00
8.459470000000000045e-01 2.564696999999999782e+00 1.010742000000000029e+00 3.347167999999999921e+00
8.386230000000000073e-01 2.553710999999999842e+00 9.973140000000000338e-01 3.336181999999999981e+00
8.264160000000000394e-01 2.545166000000000039e+00 9.826660000000000394e-01 3.328857000000000177e+00
8.166499999999999870e-01 2.536620999999999793e+00 9.716799999999999882e-01 3.325194999999999901e+00
8.068849999999999634e-01 2.528075999999999990e+00 9.582519999999999927e-01 3.315430000000000099e+00
7.958979999999999944e-01 2.518311000000000188e+00 9.436039999999999983e-01 3.306884999999999852e+00
7.861329999999999707e-01 2.506104000000000109e+00 9.338379999999999459e-01 3.305664000000000158e+00
7.763670000000000293e-01 2.496338000000000168e+00 9.228520000000000056e-01 3.291015999999999941e+00
7.666020000000000056e-01 2.485351999999999784e+00 9.130859999999999532e-01 3.286132999999999971e+00
7.531740000000000101e-01 2.475585999999999842e+00 9.033200000000000118e-01 3.276367000000000029e+00
7.434079999999999577e-01 2.465819999999999901e+00 8.935549999999999882e-01 3.266601999999999784e+00
7.312009999999999899e-01 2.457275000000000098e+00 8.850099999999999634e-01 3.259276999999999980e+00
7.226559999999999651e-01 2.446289000000000158e+00 8.813480000000000203e-01 3.249512000000000178e+00
7.128910000000000524e-01 2.446289000000000158e+00 8.789059999999999651e-01 3.247069999999999901e+00
7.080079999999999707e-01 2.436523000000000216e+00 8.789059999999999651e-01 3.238525000000000098e+00
6.982420000000000293e-01 2.427979000000000109e+00 8.776859999999999662e-01 3.237305000000000099e+00
6.909180000000000321e-01 2.426757999999999971e+00 8.789059999999999651e-01 3.232422000000000128e+00
6.848140000000000338e-01 2.421875000000000000e+00 8.789059999999999651e-01 3.227539000000000158e+00
6.787109999999999532e-01 2.416992000000000029e+00 8.789059999999999651e-01 3.218993999999999911e+00
6.738279999999999825e-01 2.418213000000000168e+00 8.837890000000000468e-01 3.211669999999999803e+00
6.689450000000000118e-01 2.408446999999999782e+00 8.850099999999999634e-01 3.217773000000000216e+00
6.652829999999999577e-01 2.407226999999999784e+00 8.886720000000000175e-01 3.211669999999999803e+00
6.628420000000000423e-01 2.407226999999999784e+00 8.935549999999999882e-01 3.209229000000000109e+00
6.603999999999999870e-01 2.407226999999999784e+00 8.947749999999999870e-01 3.208007999999999971e+00
6.555180000000000451e-01 2.401123000000000118e+00 8.947749999999999870e-01 3.208007999999999971e+00
6.530759999999999899e-01 2.398681999999999981e+00 8.935549999999999882e-01 3.208007999999999971e+00
6.494140000000000468e-01 2.398681999999999981e+00 8.935549999999999882e-01 3.208007999999999971e+00
6.445309999999999651e-01 2.397460999999999842e+00 8.862299999999999622e-01 3.208007999999999971e+00
6.408690000000000220e-01 2.388916000000000039e+00 8.837890000000000468e-01 3.198242000000000029e+00
6.359860000000000513e-01 2.387694999999999901e+00 8.837890000000000468e-01 3.203125000000000000e+00
6.298829999999999707e-01 2.387694999999999901e+00 8.752440000000000220e-01 3.198242000000000029e+00
6.262210000000000276e-01 2.377930000000000099e+00 8.752440000000000220e-01 3.188476999999999784e+00
6.213379999999999459e-01 2.377930000000000099e+00 8.740229999999999944e-01 3.188476999999999784e+00
6.201170000000000293e-01 2.370604999999999851e+00 8.703610000000000513e-01 3.188476999999999784e+00
6.152339999999999476e-01 2.373047000000000128e+00 8.679200000000000248e-01 3.188476999999999784e+00
6.103520000000000056e-01 2.368164000000000158e+00 8.654789999999999983e-01 3.178710999999999842e+00
6.054690000000000349e-01 2.362061000000000188e+00 8.642579999999999707e-01 3.183593999999999813e+00
6.018069999999999808e-01 2.358398000000000216e+00 8.642579999999999707e-01 3.170166000000000039e+00
6.005859999999999532e-01 2.358398000000000216e+00 8.642579999999999707e-01 3.168944999999999901e+00
5.957029999999999825e-01 2.358398000000000216e+00 8.642579999999999707e-01 3.168944999999999901e+00
5.920410000000000394e-01 2.352294999999999803e+00 8.642579999999999707e-01 3.168944999999999901e+00
5.908200000000000118e-01 2.351074000000000108e+00 8.642579999999999707e-01 3.168944999999999901e+00
5.908200000000000118e-01 2.348632999999999971e+00 8.654789999999999983e-01 3.168944999999999901e+00
5.859379999999999589e-01 2.348632999999999971e+00 8.654789999999999983e-01 3.162841999999999931e+00
5.834960000000000147e-01 2.348632999999999971e+00 8.654789999999999983e-01 3.162841999999999931e+00
5.822749999999999870e-01 2.348632999999999971e+00 8.642579999999999707e-01 3.161620999999999793e+00
5.810549999999999882e-01 2.343750000000000000e+00 8.605960000000000276e-01 3.159180000000000099e+00
5.773930000000000451e-01 2.343750000000000000e+00 8.557129999999999459e-01 3.159180000000000099e+00
5.712890000000000468e-01 2.338867000000000029e+00 8.508299999999999752e-01 3.151854999999999851e+00
5.688480000000000203e-01 2.332764000000000060e+00 8.459470000000000045e-01 3.153075999999999990e+00
5.627440000000000220e-01 2.329101999999999784e+00 8.410640000000000338e-01 3.149414000000000158e+00
5.615229999999999944e-01 2.322998000000000118e+00 8.361819999999999808e-01 3.149414000000000158e+00
5.529789999999999983e-01 2.320556999999999981e+00 8.300779999999999825e-01 3.140868999999999911e+00
5.480960000000000276e-01 2.319335999999999842e+00 8.264160000000000394e-01 3.139648000000000216e+00
5.432129999999999459e-01 2.309569999999999901e+00 8.215329999999999577e-01 3.132324000000000108e+00
5.383299999999999752e-01 2.302245999999999793e+00 8.166499999999999870e-01 3.129882999999999971e+00
5.334470000000000045e-01 2.299805000000000099e+00 8.154299999999999882e-01 3.125000000000000000e+00
5.273440000000000349e-01 2.293700999999999990e+00 8.081049999999999622e-01 3.120117000000000029e+00
5.224609999999999532e-01 2.290039000000000158e+00 8.056640000000000468e-01 3.112792999999999921e+00
5.163569999999999549e-01 2.285156000000000187e+00 8.007809999999999651e-01 3.111571999999999782e+00
5.126950000000000118e-01 2.281493999999999911e+00 7.971190000000000220e-01 3.110351999999999784e+00
5.065920000000000423e-01 2.272949000000000108e+00 7.958979999999999944e-01 3.101806999999999981e+00
5.029299999999999882e-01 2.270507999999999971e+00 7.910160000000000524e-01 3.105468999999999813e+00
5.029299999999999882e-01 2.270507999999999971e+00 7.910160000000000524e-01 3.105468999999999813e+00
4.968259999999999899e-01 2.265625000000000000e+00 7.897950000000000248e-01 3.094482000000000177e+00
4.931639999999999913e-01 2.260742000000000029e+00 7.873539999999999983e-01 3.090819999999999901e+00
4.870610000000000217e-01 2.260742000000000029e+00 7.861329999999999707e-01 3.090819999999999901e+00
4.833979999999999944e-01 2.253417999999999921e+00 7.861329999999999707e-01 3.082275000000000098e+00
4.797359999999999958e-01 2.250976999999999784e+00 7.861329999999999707e-01 3.081055000000000099e+00
4.748539999999999983e-01 2.250976999999999784e+00 7.812500000000000000e-01 3.081055000000000099e+00
4.711910000000000265e-01 2.242431999999999981e+00 7.812500000000000000e-01 3.072509999999999852e+00
4.687500000000000000e-01 2.241210999999999842e+00 7.812500000000000000e-01 3.071289000000000158e+00
4.638669999999999738e-01 2.241210999999999842e+00 7.775879999999999459e-01 3.071289000000000158e+00
4.602049999999999752e-01 2.232666000000000039e+00 7.763670000000000293e-01 3.063965000000000050e+00
4.565429999999999766e-01 2.231444999999999901e+00 7.763670000000000293e-01 3.061523000000000216e+00
4.541020000000000056e-01 2.231444999999999901e+00 7.763670000000000293e-01 3.063965000000000050e+00
4.504389999999999783e-01 2.222900000000000098e+00 7.763670000000000293e-01 3.055419999999999803e+00
4.467769999999999797e-01 2.222900000000000098e+00 7.727049999999999752e-01 3.054199000000000108e+00
4.455569999999999808e-01 2.221680000000000099e+00 7.714839999999999476e-01 3.054199000000000108e+00
4.418949999999999823e-01 2.221680000000000099e+00 7.702639999999999487e-01 3.051757999999999971e+00
4.382320000000000104e-01 2.211914000000000158e+00 7.690430000000000321e-01 3.051757999999999971e+00
4.357909999999999839e-01 2.211914000000000158e+00 7.678220000000000045e-01 3.051757999999999971e+00
4.321289999999999853e-01 2.211914000000000158e+00 7.690430000000000321e-01 3.041992000000000029e+00
4.296880000000000144e-01 2.207031000000000187e+00 7.666020000000000056e-01 3.041992000000000029e+00
4.284669999999999868e-01 2.203368999999999911e+00 7.678220000000000045e-01 3.041992000000000029e+00
4.260249999999999870e-01 2.202148000000000216e+00 7.666020000000000056e-01 3.035889000000000060e+00
4.235840000000000161e-01 2.197265999999999941e+00 7.666020000000000056e-01 3.032226999999999784e+00
4.174800000000000177e-01 2.192382999999999971e+00 7.629390000000000338e-01 3.026123000000000118e+00
4.150389999999999913e-01 2.192382999999999971e+00 7.617190000000000349e-01 3.032226999999999784e+00
4.125980000000000203e-01 2.192382999999999971e+00 7.580569999999999808e-01 3.023681999999999981e+00
4.101560000000000206e-01 2.183838000000000168e+00 7.568359999999999532e-01 3.022460999999999842e+00
4.064940000000000220e-01 2.182617000000000029e+00 7.568359999999999532e-01 3.022460999999999842e+00
4.052729999999999944e-01 2.182617000000000029e+00 7.531740000000000101e-01 3.013916000000000039e+00
4.016109999999999958e-01 2.175292999999999921e+00 7.507319999999999549e-01 3.013916000000000039e+00
3.967289999999999983e-01 2.172851999999999784e+00 7.482910000000000394e-01 3.012694999999999901e+00
3.955080000000000262e-01 2.172851999999999784e+00 7.470700000000000118e-01 3.012694999999999901e+00
3.918460000000000276e-01 2.165526999999999980e+00 7.470700000000000118e-01 3.004150000000000098e+00
3.881839999999999735e-01 2.163085999999999842e+00 7.434079999999999577e-01 3.002930000000000099e+00
3.857419999999999738e-01 2.163085999999999842e+00 7.421879999999999589e-01 3.002930000000000099e+00
3.820799999999999752e-01 2.154541000000000039e+00 7.409670000000000423e-01 2.994384999999999852e+00
3.796390000000000042e-01 2.153319999999999901e+00 7.409670000000000423e-01 2.993164000000000158e+00
3.771970000000000045e-01 2.147216999999999931e+00 7.385249999999999870e-01 2.994384999999999852e+00
3.759770000000000056e-01 2.145995999999999793e+00 7.373049999999999882e-01 2.987061000000000188e+00
3.710939999999999794e-01 2.143555000000000099e+00 7.373049999999999882e-01 2.985840000000000050e+00
3.674319999999999808e-01 2.137450999999999990e+00 7.373049999999999882e-01 2.984618999999999911e+00
3.662110000000000087e-01 2.136229999999999851e+00 7.336430000000000451e-01 2.983398000000000216e+00
3.625490000000000101e-01 2.143555000000000099e+00 7.324220000000000175e-01 2.983398000000000216e+00
3.601070000000000104e-01 2.133789000000000158e+00 7.312009999999999899e-01 2.977294999999999803e+00
3.576659999999999839e-01 2.133789000000000158e+00 7.299799999999999622e-01 2.973632999999999971e+00
3.564450000000000118e-01 2.126465000000000050e+00 7.312009999999999899e-01 2.973632999999999971e+00
3.527830000000000132e-01 2.125243999999999911e+00 7.287599999999999634e-01 2.973632999999999971e+00
3.503419999999999868e-01 2.124023000000000216e+00 7.287599999999999634e-01 2.968750000000000000e+00
3.491210000000000147e-01 2.124023000000000216e+00 7.287599999999999634e-01 2.968750000000000000e+00
3.466799999999999882e-01 2.119140999999999941e+00 7.275390000000000468e-01 2.963867000000000029e+00
3.466799999999999882e-01 2.119140999999999941e+00 7.275390000000000468e-01 2.963867000000000029e+00
3.430179999999999896e-01 2.114257999999999971e+00 7.275390000000000468e-01 2.957764000000000060e+00
3.430179999999999896e-01 2.114257999999999971e+00 7.287599999999999634e-01 2.963867000000000029e+00
3.405759999999999899e-01 2.114257999999999971e+00 7.275390000000000468e-01 2.954101999999999784e+00
3.381350000000000189e-01 2.114257999999999971e+00 7.275390000000000468e-01 2.958984000000000059e+00
3.369139999999999913e-01 2.109375000000000000e+00 7.275390000000000468e-01 2.954101999999999784e+00
3.344730000000000203e-01 2.104492000000000029e+00 7.275390000000000468e-01 2.954101999999999784e+00
3.332519999999999927e-01 2.104492000000000029e+00 7.275390000000000468e-01 2.946776999999999980e+00
3.320310000000000206e-01 2.104492000000000029e+00 7.275390000000000468e-01 2.945556999999999981e+00
3.320310000000000206e-01 2.104492000000000029e+00 7.275390000000000468e-01 2.944335999999999842e+00
3.295899999999999941e-01 2.104492000000000029e+00 7.275390000000000468e-01 2.944335999999999842e+00
3.283690000000000220e-01 2.095946999999999782e+00 7.275390000000000468e-01 2.944335999999999842e+00
3.283690000000000220e-01 2.094726999999999784e+00 7.275390000000000468e-01 2.944335999999999842e+00
3.271479999999999944e-01 2.094726999999999784e+00 7.275390000000000468e-01 2.944335999999999842e+00
3.259279999999999955e-01 2.094726999999999784e+00 7.275390000000000468e-01 2.944335999999999842e+00
3.247070000000000234e-01 2.089843999999999813e+00 7.275390000000000468e-01 2.937012000000000178e+00
3.234859999999999958e-01 2.089843999999999813e+00 7.275390000000000468e-01 2.937012000000000178e+00
3.234859999999999958e-01 2.087401999999999980e+00 7.275390000000000468e-01 2.935791000000000039e+00
3.222659999999999969e-01 2.084960999999999842e+00 7.275390000000000468e-01 2.935791000000000039e+00
3.210450000000000248e-01 2.089843999999999813e+00 7.275390000000000468e-01 2.934569999999999901e+00
3.210450000000000248e-01 2.084960999999999842e+00 7.275390000000000468e-01 2.934569999999999901e+00
3.186039999999999983e-01 2.084960999999999842e+00 7.238769999999999927e-01 2.934569999999999901e+00
3.186039999999999983e-01 2.081299000000000010e+00 7.238769999999999927e-01 2.934569999999999901e+00
3.173830000000000262e-01 2.078857000000000177e+00 7.238769999999999927e-01 2.928466999999999931e+00
3.173830000000000262e-01 2.076416000000000039e+00 7.238769999999999927e-01 2.926025000000000098e+00
3.173830000000000262e-01 2.075194999999999901e+00 7.189940000000000220e-01 2.926025000000000098e+00
3.137210000000000276e-01 2.075194999999999901e+00 7.189940000000000220e-01 2.924805000000000099e+00
3.137210000000000276e-01 2.075194999999999901e+00 7.189940000000000220e-01 2.924805000000000099e+00
3.125000000000000000e-01 2.075194999999999901e+00 7.189940000000000220e-01 2.924805000000000099e+00
3.100589999999999735e-01 2.066650000000000098e+00 7.177729999999999944e-01 2.917479999999999851e+00
3.088380000000000014e-01 2.065430000000000099e+00 7.177729999999999944e-01 2.916259999999999852e+00
3.076169999999999738e-01 2.065430000000000099e+00 7.141110000000000513e-01 2.915039000000000158e+00
3.063960000000000017e-01 2.065430000000000099e+00 7.141110000000000513e-01 2.915039000000000158e+00
3.039549999999999752e-01 2.056884999999999852e+00 7.128910000000000524e-01 2.915039000000000158e+00
3.027340000000000031e-01 2.055664000000000158e+00 7.116700000000000248e-01 2.915039000000000158e+00
3.015140000000000042e-01 2.055664000000000158e+00 7.116700000000000248e-01 2.907715000000000050e+00
2.990720000000000045e-01 2.050781000000000187e+00 7.092289999999999983e-01 2.905273000000000216e+00
2.978520000000000056e-01 2.050781000000000187e+00 7.092289999999999983e-01 2.905273000000000216e+00
2.978520000000000056e-01 2.049561000000000188e+00 7.080079999999999707e-01 2.905273000000000216e+00
2.954100000000000059e-01 2.047118999999999911e+00 7.080079999999999707e-01 2.899169999999999803e+00
2.941889999999999783e-01 2.047118999999999911e+00 7.080079999999999707e-01 2.896729000000000109e+00
2.929689999999999794e-01 2.045898000000000216e+00 7.080079999999999707e-01 2.896729000000000109e+00
2.929689999999999794e-01 2.042235999999999940e+00 7.092289999999999983e-01 2.895507999999999971e+00
2.917480000000000073e-01 2.038574000000000108e+00 7.080079999999999707e-01 2.895507999999999971e+00
2.905269999999999797e-01 2.037354000000000109e+00 7.080079999999999707e-01 2.895507999999999971e+00
2.893069999999999808e-01 2.036132999999999971e+00 7.080079999999999707e-01 2.890625000000000000e+00
2.880860000000000087e-01 2.036132999999999971e+00 7.043460000000000276e-01 2.888183999999999862e+00
2.880860000000000087e-01 2.036132999999999971e+00 7.043460000000000276e-01 2.885742000000000029e+00
2.880860000000000087e-01 2.036132999999999971e+00 7.043460000000000276e-01 2.885742000000000029e+00
2.844240000000000101e-01 2.028808999999999862e+00 7.043460000000000276e-01 2.885742000000000029e+00
2.844240000000000101e-01 2.031250000000000000e+00 7.043460000000000276e-01 2.885742000000000029e+00
2.844240000000000101e-01 2.031250000000000000e+00 7.043460000000000276e-01 2.878417999999999921e+00
2.832029999999999825e-01 2.028808999999999862e+00 7.031250000000000000e-01 2.885742000000000029e+00
2.832029999999999825e-01 2.026367000000000029e+00 7.043460000000000276e-01 2.879639000000000060e+00
2.819820000000000104e-01 2.026367000000000029e+00 7.043460000000000276e-01 2.875976999999999784e+00
2.819820000000000104e-01 2.026367000000000029e+00 7.080079999999999707e-01 2.875976999999999784e+00
2.795409999999999839e-01 2.026367000000000029e+00 7.043460000000000276e-01 2.877196999999999782e+00
2.795409999999999839e-01 2.020264000000000060e+00 7.043460000000000276e-01 2.875976999999999784e+00
2.795409999999999839e-01 2.017821999999999782e+00 7.043460000000000276e-01 2.875976999999999784e+00
2.795409999999999839e-01 2.019042999999999921e+00 7.043460000000000276e-01 2.875976999999999784e+00
2.783200000000000118e-01 2.016601999999999784e+00 7.043460000000000276e-01 2.875976999999999784e+00
2.783200000000000118e-01 2.016601999999999784e+00 7.043460000000000276e-01 2.875976999999999784e+00
2.783200000000000118e-01 2.016601999999999784e+00 7.043460000000000276e-01 2.867431999999999981e+00
2.783200000000000118e-01 2.016601999999999784e+00 7.043460000000000276e-01 2.866210999999999842e+00
2.783200000000000118e-01 2.016601999999999784e+00 7.043460000000000276e-01 2.866210999999999842e+00
2.783200000000000118e-01 2.016601999999999784e+00 7.043460000000000276e-01 2.866210999999999842e+00
2.783200000000000118e-01 2.016601999999999784e+00 7.043460000000000276e-01 2.867431999999999981e+00
2.783200000000000118e-01 2.010498000000000118e+00 7.043460000000000276e-01 2.866210999999999842e+00
2.758789999999999853e-01 2.008056999999999981e+00 7.080079999999999707e-01 2.866210999999999842e+00
2.758789999999999853e-01 2.009276999999999980e+00 7.043460000000000276e-01 2.866210999999999842e+00
2.758789999999999853e-01 2.009276999999999980e+00 7.043460000000000276e-01 2.866210999999999842e+00
2.758789999999999853e-01 2.008056999999999981e+00 7.031250000000000000e-01 2.866210999999999842e+00
2.746580000000000132e-01 2.006835999999999842e+00 7.043460000000000276e-01 2.866210999999999842e+00
2.758789999999999853e-01 2.006835999999999842e+00 7.043460000000000276e-01 2.858887000000000178e+00
2.758789999999999853e-01 2.006835999999999842e+00 7.043460000000000276e-01 2.857666000000000039e+00
2.746580000000000132e-01 2.006835999999999842e+00 7.043460000000000276e-01 2.857666000000000039e+00
2.746580000000000132e-01 2.006835999999999842e+00 7.043460000000000276e-01 2.858887000000000178e+00
2.758789999999999853e-01 2.006835999999999842e+00 7.043460000000000276e-01 2.857666000000000039e+00
2.746580000000000132e-01 2.006835999999999842e+00 7.080079999999999707e-01 2.856444999999999901e+00
2.758789999999999853e-01 2.006835999999999842e+00 7.080079999999999707e-01 2.857666000000000039e+00
2.783200000000000118e-01 2.006835999999999842e+00 7.092289999999999983e-01 2.856444999999999901e+00
2.783200000000000118e-01 2.006835999999999842e+00 7.104489999999999972e-01 2.856444999999999901e+00
2.783200000000000118e-01 2.008056999999999981e+00 7.128910000000000524e-01 2.856444999999999901e+00
2.795409999999999839e-01 2.006835999999999842e+00 7.128910000000000524e-01 2.856444999999999901e+00
2.807620000000000116e-01 2.006835999999999842e+00 7.141110000000000513e-01 2.857666000000000039e+00
2.819820000000000104e-01 2.006835999999999842e+00 7.141110000000000513e-01 2.856444999999999901e+00
