1.647949999999999970e-01 1.766356999999999955e+00 6.506349999999999634e-01 2.543944999999999901e+00
1.660159999999999969e-01 1.765136999999999956e+00 6.506349999999999634e-01 2.543944999999999901e+00
1.660159999999999969e-01 1.767578000000000094e+00 6.506349999999999634e-01 2.543944999999999901e+00
1.660159999999999969e-01 1.772461000000000064e+00 6.518549999999999622e-01 2.543944999999999901e+00
1.660159999999999969e-01 1.772461000000000064e+00 6.518549999999999622e-01 2.548827999999999872e+00
1.672359999999999958e-01 1.772461000000000064e+00 6.530759999999999899e-01 2.543944999999999901e+00
1.672359999999999958e-01 1.772461000000000064e+00 6.542970000000000175e-01 2.543944999999999901e+00
1.672359999999999958e-01 1.772461000000000064e+00 6.555180000000000451e-01 2.543944999999999901e+00
1.684569999999999956e-01 1.772461000000000064e+00 6.591799999999999882e-01 2.547607000000000177e+00
1.708979999999999944e-01 1.777344000000000035e+00 6.591799999999999882e-01 2.547607000000000177e+00
1.708979999999999944e-01 1.776122999999999896e+00 6.603999999999999870e-01 2.553710999999999842e+00
1.721189999999999942e-01 1.774901999999999980e+00 6.603999999999999870e-01 2.553710999999999842e+00
1.733399999999999941e-01 1.782227000000000006e+00 6.628420000000000423e-01 2.553710999999999842e+00
1.757809999999999928e-01 1.778564000000000034e+00 6.652829999999999577e-01 2.553710999999999842e+00
1.782229999999999925e-01 1.782227000000000006e+00 6.689450000000000118e-01 2.554931999999999981e+00
1.794429999999999914e-01 1.784667999999999921e+00 6.689450000000000118e-01 2.563476999999999784e+00
1.806639999999999913e-01 1.785889000000000060e+00 6.689450000000000118e-01 2.563476999999999784e+00
1.818849999999999911e-01 1.785889000000000060e+00 6.701660000000000394e-01 2.563476999999999784e+00
1.843259999999999899e-01 1.791992000000000029e+00 6.701660000000000394e-01 2.567139000000000060e+00
1.867679999999999896e-01 1.791992000000000029e+00 6.726069999999999549e-01 2.573242000000000029e+00
1.879879999999999884e-01 1.793212999999999946e+00 6.738279999999999825e-01 2.573242000000000029e+00
1.892089999999999883e-01 1.796875000000000000e+00 6.726069999999999549e-01 2.573242000000000029e+00
1.916499999999999870e-01 1.796875000000000000e+00 6.738279999999999825e-01 2.573242000000000029e+00
1.928709999999999869e-01 1.798095999999999917e+00 6.750490000000000101e-01 2.578125000000000000e+00
1.940919999999999868e-01 1.801757999999999971e+00 6.750490000000000101e-01 2.578125000000000000e+00
1.953129999999999866e-01 1.804199000000000108e+00 6.787109999999999532e-01 2.583007999999999971e+00
1.953129999999999866e-01 1.804199000000000108e+00 6.750490000000000101e-01 2.583007999999999971e+00
1.977540000000000131e-01 1.802979000000000109e+00 6.750490000000000101e-01 2.583007999999999971e+00
1.989750000000000130e-01 1.804199000000000108e+00 6.750490000000000101e-01 2.583007999999999971e+00
2.001950000000000118e-01 1.805420000000000025e+00 6.750490000000000101e-01 2.584229000000000109e+00
2.001950000000000118e-01 1.811522999999999994e+00 6.738279999999999825e-01 2.587890999999999941e+00
2.014160000000000117e-01 1.811522999999999994e+00 6.750490000000000101e-01 2.585449000000000108e+00
2.014160000000000117e-01 1.811522999999999994e+00 6.738279999999999825e-01 2.589110999999999940e+00
2.026370000000000116e-01 1.811522999999999994e+00 6.738279999999999825e-01 2.592773000000000216e+00
2.026370000000000116e-01 1.811522999999999994e+00 6.726069999999999549e-01 2.592773000000000216e+00
2.038570000000000104e-01 1.811522999999999994e+00 6.726069999999999549e-01 2.592773000000000216e+00
2.050780000000000103e-01 1.813965000000000050e+00 6.738279999999999825e-01 2.592773000000000216e+00
2.062990000000000101e-01 1.811522999999999994e+00 6.726069999999999549e-01 2.593993999999999911e+00
2.062990000000000101e-01 1.812743999999999911e+00 6.750490000000000101e-01 2.597656000000000187e+00
2.062990000000000101e-01 1.812743999999999911e+00 6.750490000000000101e-01 2.595215000000000050e+00
2.075200000000000100e-01 1.813965000000000050e+00 6.750490000000000101e-01 2.602539000000000158e+00
2.099610000000000087e-01 1.817627000000000104e+00 6.787109999999999532e-01 2.602539000000000158e+00
2.099610000000000087e-01 1.821288999999999936e+00 6.799319999999999808e-01 2.602539000000000158e+00
2.111820000000000086e-01 1.821288999999999936e+00 6.787109999999999532e-01 2.602539000000000158e+00
2.124020000000000075e-01 1.821288999999999936e+00 6.787109999999999532e-01 2.602539000000000158e+00
2.136230000000000073e-01 1.823730000000000073e+00 6.799319999999999808e-01 2.602539000000000158e+00
2.148440000000000072e-01 1.822510000000000074e+00 6.811519999999999797e-01 2.612305000000000099e+00
2.160640000000000061e-01 1.826171999999999906e+00 6.811519999999999797e-01 2.612305000000000099e+00
2.172850000000000059e-01 1.824950999999999990e+00 6.884770000000000056e-01 2.612305000000000099e+00
2.197270000000000056e-01 1.831055000000000099e+00 6.848140000000000338e-01 2.614745999999999793e+00
2.209470000000000045e-01 1.832275000000000098e+00 6.884770000000000056e-01 2.613525000000000098e+00
2.221680000000000044e-01 1.834716999999999931e+00 6.896970000000000045e-01 2.613525000000000098e+00
2.258300000000000030e-01 1.835938000000000070e+00 6.921389999999999487e-01 2.622069999999999901e+00
2.270510000000000028e-01 1.840819999999999901e+00 6.945799999999999752e-01 2.622069999999999901e+00
2.294920000000000015e-01 1.844481999999999955e+00 6.982420000000000293e-01 2.622069999999999901e+00
2.319340000000000013e-01 1.850586000000000064e+00 6.982420000000000293e-01 2.624512000000000178e+00
2.343750000000000000e-01 1.851806999999999981e+00 6.994629999999999459e-01 2.634276999999999980e+00
2.355959999999999999e-01 1.853026999999999980e+00 6.994629999999999459e-01 2.631835999999999842e+00
2.380369999999999986e-01 1.854247999999999896e+00 7.031250000000000000e-01 2.636718999999999813e+00
2.404789999999999983e-01 1.860352000000000006e+00 7.031250000000000000e-01 2.641601999999999784e+00
2.416989999999999972e-01 1.860352000000000006e+00 7.031250000000000000e-01 2.641601999999999784e+00
2.441409999999999969e-01 1.861572000000000005e+00 7.043460000000000276e-01 2.641601999999999784e+00
2.453609999999999958e-01 1.865234000000000059e+00 7.043460000000000276e-01 2.645264000000000060e+00
2.490229999999999944e-01 1.870117000000000029e+00 7.043460000000000276e-01 2.651367000000000029e+00
2.502440000000000220e-01 1.870117000000000029e+00 7.043460000000000276e-01 2.651367000000000029e+00
2.526860000000000217e-01 1.871337999999999946e+00 7.080079999999999707e-01 2.656250000000000000e+00
2.539060000000000206e-01 1.875000000000000000e+00 7.080079999999999707e-01 2.661132999999999971e+00
2.563480000000000203e-01 1.879882999999999971e+00 7.080079999999999707e-01 2.661132999999999971e+00
2.587889999999999913e-01 1.879882999999999971e+00 7.080079999999999707e-01 2.661132999999999971e+00
2.587889999999999913e-01 1.879882999999999971e+00 7.080079999999999707e-01 2.661132999999999971e+00
2.600100000000000189e-01 1.882324000000000108e+00 7.092289999999999983e-01 2.662354000000000109e+00
2.636720000000000175e-01 1.883545000000000025e+00 7.092289999999999983e-01 2.663574000000000108e+00
2.648929999999999896e-01 1.889647999999999994e+00 7.116700000000000248e-01 2.670898000000000216e+00
2.661129999999999884e-01 1.889647999999999994e+00 7.116700000000000248e-01 2.670898000000000216e+00
2.661129999999999884e-01 1.889647999999999994e+00 7.116700000000000248e-01 2.670898000000000216e+00
2.697749999999999870e-01 1.893310999999999966e+00 7.128910000000000524e-01 2.680664000000000158e+00
2.722169999999999868e-01 1.899413999999999936e+00 7.177729999999999944e-01 2.680664000000000158e+00
2.734380000000000144e-01 1.899413999999999936e+00 7.177729999999999944e-01 2.680664000000000158e+00
2.746580000000000132e-01 1.900635000000000074e+00 7.177729999999999944e-01 2.680664000000000158e+00
2.783200000000000118e-01 1.901855000000000073e+00 7.189940000000000220e-01 2.684325999999999990e+00
2.795409999999999839e-01 1.904296999999999906e+00 7.189940000000000220e-01 2.690430000000000099e+00
2.819820000000000104e-01 1.909180000000000099e+00 7.214359999999999662e-01 2.690430000000000099e+00
2.844240000000000101e-01 1.911621000000000015e+00 7.275390000000000468e-01 2.700194999999999901e+00
2.880860000000000087e-01 1.912841999999999931e+00 7.275390000000000468e-01 2.700194999999999901e+00
2.893069999999999808e-01 1.918944999999999901e+00 7.275390000000000468e-01 2.700194999999999901e+00
2.893069999999999808e-01 1.918944999999999901e+00 7.275390000000000468e-01 2.700194999999999901e+00
2.917480000000000073e-01 1.918944999999999901e+00 7.275390000000000468e-01 2.701416000000000039e+00
2.929689999999999794e-01 1.918944999999999901e+00 7.275390000000000468e-01 2.702637000000000178e+00
2.941889999999999783e-01 1.918944999999999901e+00 7.275390000000000468e-01 2.703857000000000177e+00
2.954100000000000059e-01 1.921386999999999956e+00 7.275390000000000468e-01 2.709960999999999842e+00
2.978520000000000056e-01 1.928711000000000064e+00 7.275390000000000468e-01 2.709960999999999842e+00
2.978520000000000056e-01 1.928711000000000064e+00 7.275390000000000468e-01 2.709960999999999842e+00
2.990720000000000045e-01 1.928711000000000064e+00 7.275390000000000468e-01 2.711181999999999981e+00
3.002929999999999766e-01 1.928711000000000064e+00 7.275390000000000468e-01 2.719726999999999784e+00
3.015140000000000042e-01 1.929931999999999981e+00 7.287599999999999634e-01 2.719726999999999784e+00
3.039549999999999752e-01 1.932372999999999896e+00 7.312009999999999899e-01 2.719726999999999784e+00
3.076169999999999738e-01 1.938477000000000006e+00 7.373049999999999882e-01 2.723389000000000060e+00
3.088380000000000014e-01 1.948242000000000029e+00 7.409670000000000423e-01 2.729492000000000029e+00
3.137210000000000276e-01 1.948242000000000029e+00 7.482910000000000394e-01 2.739257999999999971e+00
3.186039999999999983e-01 1.958007999999999971e+00 7.617190000000000349e-01 2.739257999999999971e+00
3.295899999999999941e-01 1.972655999999999965e+00 7.824710000000000276e-01 2.751465000000000050e+00
3.417970000000000175e-01 1.988525000000000098e+00 8.056640000000000468e-01 2.768555000000000099e+00
3.576659999999999839e-01 2.011718999999999813e+00 8.288569999999999549e-01 2.779541000000000039e+00
3.771970000000000045e-01 2.036132999999999971e+00 8.569339999999999735e-01 2.807617000000000029e+00
4.003909999999999969e-01 2.066650000000000098e+00 8.850099999999999634e-01 2.828368999999999911e+00
4.260249999999999870e-01 2.104492000000000029e+00 9.155269999999999797e-01 2.857666000000000039e+00
4.565429999999999766e-01 2.143555000000000099e+00 9.521479999999999944e-01 2.895507999999999971e+00
4.882810000000000206e-01 2.182617000000000029e+00 9.912109999999999532e-01 2.924805000000000099e+00
5.249019999999999797e-01 2.221680000000000099e+00 1.030272999999999994e+00 2.963867000000000029e+00
5.627440000000000220e-01 2.260742000000000029e+00 1.069336000000000064e+00 3.002930000000000099e+00
6.054690000000000349e-01 2.299805000000000099e+00 1.108397999999999994e+00 3.041992000000000029e+00
6.408690000000000220e-01 2.338867000000000029e+00 1.147461000000000064e+00 3.081055000000000099e+00
6.811519999999999797e-01 2.379150000000000098e+00 1.176757999999999971e+00 3.121338000000000168e+00
7.189940000000000220e-01 2.416992000000000029e+00 1.209716999999999931e+00 3.159180000000000099e+00
7.568359999999999532e-01 2.448729999999999851e+00 1.245117000000000029e+00 3.198242000000000029e+00
8.251950000000000118e-01 2.524414000000000158e+00 1.295166000000000039e+00 3.256835999999999842e+00
8.557129999999999459e-01 2.553710999999999842e+00 1.319579999999999975e+00 3.286132999999999971e+00
8.850099999999999634e-01 2.578125000000000000e+00 1.342772999999999994e+00 3.306884999999999852e+00
9.130859999999999532e-01 2.603759999999999852e+00 1.357421999999999906e+00 3.334960999999999842e+00
9.362789999999999724e-01 2.631835999999999842e+00 1.372069999999999901e+00 3.354492000000000029e+00
9.582519999999999927e-01 2.651367000000000029e+00 1.376953000000000094e+00 3.374023000000000216e+00
9.728999999999999870e-01 2.661132999999999971e+00 1.373291000000000039e+00 3.387450999999999990e+00
9.960940000000000349e-01 2.685547000000000128e+00 1.372069999999999901e+00 3.413085999999999842e+00
1.004639000000000060e+00 2.694091999999999931e+00 1.372069999999999901e+00 3.422851999999999784e+00
1.011962999999999946e+00 2.703857000000000177e+00 1.367188000000000070e+00 3.432617000000000029e+00
1.016845999999999917e+00 2.709960999999999842e+00 1.362305000000000099e+00 3.432617000000000029e+00
1.020507999999999971e+00 2.711181999999999981e+00 1.343993999999999911e+00 3.436278999999999861e+00
1.020507999999999971e+00 2.712401999999999980e+00 1.333007999999999971e+00 3.436278999999999861e+00
1.020507999999999971e+00 2.709960999999999842e+00 1.308594000000000035e+00 3.442382999999999971e+00
1.014404000000000083e+00 2.709960999999999842e+00 1.293944999999999901e+00 3.436278999999999861e+00
1.010742000000000029e+00 2.700194999999999901e+00 1.274413999999999936e+00 3.432617000000000029e+00
1.010742000000000029e+00 2.700194999999999901e+00 1.274413999999999936e+00 3.432617000000000029e+00
1.003417999999999921e+00 2.700194999999999901e+00 1.256104000000000109e+00 3.432617000000000029e+00
1.003417999999999921e+00 2.700194999999999901e+00 1.256104000000000109e+00 3.432617000000000029e+00
9.973140000000000338e-01 2.694091999999999931e+00 1.237792999999999921e+00 3.432617000000000029e+00
9.912109999999999532e-01 2.690430000000000099e+00 1.219481999999999955e+00 3.424071999999999782e+00
9.826660000000000394e-01 2.683104999999999851e+00 1.206055000000000099e+00 3.422851999999999784e+00
9.753420000000000423e-01 2.680664000000000158e+00 1.187743999999999911e+00 3.415526999999999980e+00
9.716799999999999882e-01 2.670898000000000216e+00 1.176757999999999971e+00 3.413085999999999842e+00
9.619140000000000468e-01 2.670898000000000216e+00 1.166992000000000029e+00 3.413085999999999842e+00
9.558109999999999662e-01 2.661132999999999971e+00 1.157227000000000006e+00 3.403319999999999901e+00
9.521479999999999944e-01 2.661132999999999971e+00 1.147461000000000064e+00 3.403319999999999901e+00
9.423829999999999707e-01 2.653808999999999862e+00 1.137694999999999901e+00 3.404541000000000039e+00
9.362789999999999724e-01 2.651367000000000029e+00 1.127930000000000099e+00 3.393555000000000099e+00
9.326170000000000293e-01 2.641601999999999784e+00 1.118163999999999936e+00 3.393555000000000099e+00
9.228520000000000056e-01 2.631835999999999842e+00 1.108397999999999994e+00 3.383789000000000158e+00
9.143069999999999808e-01 2.625732000000000177e+00 1.094970999999999917e+00 3.378906000000000187e+00
9.069819999999999549e-01 2.622069999999999901e+00 1.088867000000000029e+00 3.374023000000000216e+00
8.984379999999999589e-01 2.612305000000000099e+00 1.074219000000000035e+00 3.367919999999999803e+00
8.898930000000000451e-01 2.604979999999999851e+00 1.062011999999999956e+00 3.364257999999999971e+00
8.837890000000000468e-01 2.597656000000000187e+00 1.053466999999999931e+00 3.356933999999999862e+00
8.752440000000000220e-01 2.592773000000000216e+00 1.044921999999999906e+00 3.354492000000000029e+00
8.666989999999999972e-01 2.583007999999999971e+00 1.040038999999999936e+00 3.345946999999999782e+00
8.593750000000000000e-01 2.583007999999999971e+00 1.031493999999999911e+00 3.344726999999999784e+00
8.544920000000000293e-01 2.573242000000000029e+00 1.025390999999999941e+00 3.336181999999999981e+00
8.447270000000000056e-01 2.565917999999999921e+00 1.020507999999999971e+00 3.334960999999999842e+00
8.361819999999999808e-01 2.557373000000000118e+00 1.011962999999999946e+00 3.327637000000000178e+00
8.288569999999999549e-01 2.553710999999999842e+00 1.004639000000000060e+00 3.325194999999999901e+00
8.215329999999999577e-01 2.547607000000000177e+00 1.000977000000000006e+00 3.317870999999999793e+00
8.154299999999999882e-01 2.543944999999999901e+00 9.924319999999999808e-01 3.315430000000000099e+00
8.068849999999999634e-01 2.537841999999999931e+00 9.924319999999999808e-01 3.308104999999999851e+00
8.007809999999999651e-01 2.534180000000000099e+00 9.912109999999999532e-01 3.305664000000000158e+00
7.971190000000000220e-01 2.534180000000000099e+00 9.912109999999999532e-01 3.305664000000000158e+00
7.910160000000000524e-01 2.534180000000000099e+00 9.912109999999999532e-01 3.305664000000000158e+00
7.812500000000000000e-01 2.524414000000000158e+00 9.912109999999999532e-01 3.289794999999999803e+00
7.763670000000000293e-01 2.517090000000000050e+00 9.863279999999999825e-01 3.295898000000000216e+00
7.714839999999999476e-01 2.514648000000000216e+00 9.826660000000000394e-01 3.295898000000000216e+00
7.666020000000000056e-01 2.509765999999999941e+00 9.814450000000000118e-01 3.286132999999999971e+00
7.617190000000000349e-01 2.506104000000000109e+00 9.765629999999999589e-01 3.291015999999999941e+00
7.568359999999999532e-01 2.504882999999999971e+00 9.716799999999999882e-01 3.286132999999999971e+00
7.482910000000000394e-01 2.496338000000000168e+00 9.655759999999999899e-01 3.276367000000000029e+00
7.470700000000000118e-01 2.492675999999999892e+00 9.619140000000000468e-01 3.276367000000000029e+00
7.373049999999999882e-01 2.485351999999999784e+00 9.521479999999999944e-01 3.266601999999999784e+00
7.287599999999999634e-01 2.480468999999999813e+00 9.436039999999999983e-01 3.266601999999999784e+00
7.226559999999999651e-01 2.475585999999999842e+00 9.375000000000000000e-01 3.266601999999999784e+00
7.141110000000000513e-01 2.467041000000000039e+00 9.289549999999999752e-01 3.261718999999999813e+00
7.080079999999999707e-01 2.457275000000000098e+00 9.228520000000000056e-01 3.247069999999999901e+00
6.982420000000000293e-01 2.456055000000000099e+00 9.130859999999999532e-01 3.239745999999999793e+00
6.909180000000000321e-01 2.446289000000000158e+00 9.033200000000000118e-01 3.237305000000000099e+00
6.799319999999999808e-01 2.436523000000000216e+00 8.935549999999999882e-01 3.229979999999999851e+00
6.738279999999999825e-01 2.430419999999999803e+00 8.850099999999999634e-01 3.227539000000000158e+00
6.640629999999999589e-01 2.421875000000000000e+00 8.776859999999999662e-01 3.217773000000000216e+00
6.591799999999999882e-01 2.416992000000000029e+00 8.703610000000000513e-01 3.210449000000000108e+00
6.481930000000000192e-01 2.407226999999999784e+00 8.642579999999999707e-01 3.209229000000000109e+00
6.396479999999999944e-01 2.397460999999999842e+00 8.569339999999999735e-01 3.198242000000000029e+00
6.298829999999999707e-01 2.388916000000000039e+00 8.508299999999999752e-01 3.189696999999999782e+00
6.213379999999999459e-01 2.379150000000000098e+00 8.447270000000000056e-01 3.188476999999999784e+00
6.127930000000000321e-01 2.377930000000000099e+00 8.386230000000000073e-01 3.178710999999999842e+00
6.054690000000000349e-01 2.368164000000000158e+00 8.349609999999999532e-01 3.171387000000000178e+00
5.981450000000000378e-01 2.359618999999999911e+00 8.288569999999999549e-01 3.164063000000000070e+00
5.908200000000000118e-01 2.354735999999999940e+00 8.251950000000000118e-01 3.160400000000000098e+00
5.822749999999999870e-01 2.348632999999999971e+00 8.190920000000000423e-01 3.159180000000000099e+00
5.725099999999999634e-01 2.348632999999999971e+00 8.154299999999999882e-01 3.149414000000000158e+00
5.725099999999999634e-01 2.348632999999999971e+00 8.154299999999999882e-01 3.149414000000000158e+00
5.664059999999999651e-01 2.338867000000000029e+00 8.154299999999999882e-01 3.139648000000000216e+00
5.578610000000000513e-01 2.329101999999999784e+00 8.081049999999999622e-01 3.139648000000000216e+00
5.578610000000000513e-01 2.329101999999999784e+00 8.081049999999999622e-01 3.139648000000000216e+00
5.517579999999999707e-01 2.322998000000000118e+00 8.056640000000000468e-01 3.131104000000000109e+00
5.444339999999999735e-01 2.319335999999999842e+00 8.007809999999999651e-01 3.129882999999999971e+00
5.371089999999999476e-01 2.309569999999999901e+00 7.971190000000000220e-01 3.125000000000000000e+00
5.322270000000000056e-01 2.312012000000000178e+00 7.958979999999999944e-01 3.120117000000000029e+00
5.236819999999999808e-01 2.299805000000000099e+00 7.922360000000000513e-01 3.110351999999999784e+00
5.175779999999999825e-01 2.299805000000000099e+00 7.897950000000000248e-01 3.110351999999999784e+00
5.126950000000000118e-01 2.291259999999999852e+00 7.873539999999999983e-01 3.100585999999999842e+00
5.053710000000000147e-01 2.290039000000000158e+00 7.861329999999999707e-01 3.100585999999999842e+00
4.992679999999999896e-01 2.280273000000000216e+00 7.861329999999999707e-01 3.090819999999999901e+00
4.895019999999999927e-01 2.270507999999999971e+00 7.824710000000000276e-01 3.083495999999999793e+00
4.833979999999999944e-01 2.270507999999999971e+00 7.812500000000000000e-01 3.085938000000000070e+00
4.772950000000000248e-01 2.270507999999999971e+00 7.800289999999999724e-01 3.074950999999999990e+00
4.736330000000000262e-01 2.260742000000000029e+00 7.788089999999999735e-01 3.071289000000000158e+00
4.687500000000000000e-01 2.260742000000000029e+00 7.775879999999999459e-01 3.071289000000000158e+00
4.638669999999999738e-01 2.252196999999999782e+00 7.763670000000000293e-01 3.071289000000000158e+00
4.589840000000000031e-01 2.252196999999999782e+00 7.763670000000000293e-01 3.061523000000000216e+00
4.541020000000000056e-01 2.250976999999999784e+00 7.714839999999999476e-01 3.061523000000000216e+00
4.504389999999999783e-01 2.241210999999999842e+00 7.714839999999999476e-01 3.061523000000000216e+00
4.455569999999999808e-01 2.241210999999999842e+00 7.702639999999999487e-01 3.052979000000000109e+00
4.431149999999999811e-01 2.233887000000000178e+00 7.678220000000000045e-01 3.051757999999999971e+00
4.357909999999999839e-01 2.232666000000000039e+00 7.666020000000000056e-01 3.046875000000000000e+00
4.345700000000000118e-01 2.231444999999999901e+00 7.666020000000000056e-01 3.041992000000000029e+00
4.296880000000000144e-01 2.231444999999999901e+00 7.666020000000000056e-01 3.035889000000000060e+00
4.260249999999999870e-01 2.224120999999999793e+00 7.666020000000000056e-01 3.041992000000000029e+00
4.223629999999999884e-01 2.221680000000000099e+00 7.666020000000000056e-01 3.041992000000000029e+00
4.199220000000000175e-01 2.222900000000000098e+00 7.629390000000000338e-01 3.032226999999999784e+00
4.150389999999999913e-01 2.213134999999999852e+00 7.629390000000000338e-01 3.032226999999999784e+00
4.150389999999999913e-01 2.211914000000000158e+00 7.617190000000000349e-01 3.027343999999999813e+00
4.101560000000000206e-01 2.213134999999999852e+00 7.617190000000000349e-01 3.027343999999999813e+00
4.064940000000000220e-01 2.211914000000000158e+00 7.617190000000000349e-01 3.023681999999999981e+00
4.040529999999999955e-01 2.204590000000000050e+00 7.592769999999999797e-01 3.022460999999999842e+00
4.016109999999999958e-01 2.202148000000000216e+00 7.604980000000000073e-01 3.022460999999999842e+00
3.979489999999999972e-01 2.202148000000000216e+00 7.604980000000000073e-01 3.015137000000000178e+00
3.955080000000000262e-01 2.196044999999999803e+00 7.580569999999999808e-01 3.012694999999999901e+00
3.930660000000000265e-01 2.193604000000000109e+00 7.580569999999999808e-01 3.012694999999999901e+00
3.930660000000000265e-01 2.193604000000000109e+00 7.580569999999999808e-01 3.012694999999999901e+00
3.918460000000000276e-01 2.192382999999999971e+00 7.580569999999999808e-01 3.012694999999999901e+00
3.894039999999999724e-01 2.192382999999999971e+00 7.568359999999999532e-01 3.006591999999999931e+00
3.869630000000000014e-01 2.183838000000000168e+00 7.568359999999999532e-01 3.006591999999999931e+00
3.857419999999999738e-01 2.185058999999999862e+00 7.568359999999999532e-01 3.004150000000000098e+00
3.820799999999999752e-01 2.183838000000000168e+00 7.568359999999999532e-01 3.002930000000000099e+00
3.820799999999999752e-01 2.182617000000000029e+00 7.568359999999999532e-01 3.002930000000000099e+00
3.771970000000000045e-01 2.176514000000000060e+00 7.519529999999999825e-01 2.994384999999999852e+00
3.759770000000000056e-01 2.174071999999999782e+00 7.519529999999999825e-01 2.994384999999999852e+00
3.735350000000000059e-01 2.172851999999999784e+00 7.519529999999999825e-01 2.993164000000000158e+00
3.710939999999999794e-01 2.170409999999999950e+00 7.507319999999999549e-01 2.993164000000000158e+00
3.698730000000000073e-01 2.167968999999999813e+00 7.507319999999999549e-01 2.993164000000000158e+00
3.674319999999999808e-01 2.166748000000000118e+00 7.507319999999999549e-01 2.988281000000000187e+00
3.662110000000000087e-01 2.163085999999999842e+00 7.507319999999999549e-01 2.983398000000000216e+00
3.662110000000000087e-01 2.163085999999999842e+00 7.507319999999999549e-01 2.983398000000000216e+00
3.625490000000000101e-01 2.163085999999999842e+00 7.507319999999999549e-01 2.983398000000000216e+00
3.625490000000000101e-01 2.159424000000000010e+00 7.495119999999999560e-01 2.983398000000000216e+00
3.613279999999999825e-01 2.156982000000000177e+00 7.507319999999999549e-01 2.983398000000000216e+00
3.601070000000000104e-01 2.163085999999999842e+00 7.519529999999999825e-01 2.976074000000000108e+00
3.601070000000000104e-01 2.155762000000000178e+00 7.531740000000000101e-01 2.976074000000000108e+00
3.601070000000000104e-01 2.155762000000000178e+00 7.531740000000000101e-01 2.976074000000000108e+00
3.601070000000000104e-01 2.153319999999999901e+00 7.568359999999999532e-01 2.973632999999999971e+00
3.588870000000000116e-01 2.154541000000000039e+00 7.568359999999999532e-01 2.976074000000000108e+00
3.576659999999999839e-01 2.153319999999999901e+00 7.568359999999999532e-01 2.973632999999999971e+00
3.576659999999999839e-01 2.153319999999999901e+00 7.568359999999999532e-01 2.973632999999999971e+00
3.576659999999999839e-01 2.153319999999999901e+00 7.580569999999999808e-01 2.973632999999999971e+00
3.576659999999999839e-01 2.153319999999999901e+00 7.568359999999999532e-01 2.973632999999999971e+00
3.576659999999999839e-01 2.153319999999999901e+00 7.568359999999999532e-01 2.973632999999999971e+00
3.576659999999999839e-01 2.153319999999999901e+00 7.580569999999999808e-01 2.973632999999999971e+00
3.576659999999999839e-01 2.153319999999999901e+00 7.580569999999999808e-01 2.973632999999999971e+00
3.576659999999999839e-01 2.153319999999999901e+00 7.580569999999999808e-01 2.973632999999999971e+00
3.576659999999999839e-01 2.153319999999999901e+00 7.580569999999999808e-01 2.973632999999999971e+00
3.576659999999999839e-01 2.153319999999999901e+00 7.617190000000000349e-01 2.973632999999999971e+00
3.601070000000000104e-01 2.147216999999999931e+00 7.629390000000000338e-01 2.973632999999999971e+00
3.601070000000000104e-01 2.153319999999999901e+00 7.666020000000000056e-01 2.973632999999999971e+00
3.625490000000000101e-01 2.153319999999999901e+00 7.666020000000000056e-01 2.973632999999999971e+00
3.625490000000000101e-01 2.153319999999999901e+00 7.666020000000000056e-01 2.973632999999999971e+00
3.625490000000000101e-01 2.154541000000000039e+00 7.666020000000000056e-01 2.973632999999999971e+00
3.637699999999999823e-01 2.153319999999999901e+00 7.678220000000000045e-01 2.973632999999999971e+00
3.662110000000000087e-01 2.153319999999999901e+00 7.678220000000000045e-01 2.973632999999999971e+00
3.662110000000000087e-01 2.153319999999999901e+00 7.666020000000000056e-01 2.973632999999999971e+00
3.662110000000000087e-01 2.153319999999999901e+00 7.678220000000000045e-01 2.973632999999999971e+00
3.662110000000000087e-01 2.153319999999999901e+00 7.666020000000000056e-01 2.968750000000000000e+00
3.662110000000000087e-01 2.153319999999999901e+00 7.666020000000000056e-01 2.973632999999999971e+00
3.674319999999999808e-01 2.147216999999999931e+00 7.666020000000000056e-01 2.973632999999999971e+00
3.674319999999999808e-01 2.144775000000000098e+00 7.666020000000000056e-01 2.973632999999999971e+00
3.674319999999999808e-01 2.143555000000000099e+00 7.666020000000000056e-01 2.973632999999999971e+00
3.674319999999999808e-01 2.144775000000000098e+00 7.641599999999999504e-01 2.974854000000000109e+00
3.662110000000000087e-01 2.143555000000000099e+00 7.666020000000000056e-01 2.968750000000000000e+00
3.674319999999999808e-01 2.143555000000000099e+00 7.629390000000000338e-01 2.968750000000000000e+00
3.662110000000000087e-01 2.143555000000000099e+00 7.617190000000000349e-01 2.968750000000000000e+00
3.662110000000000087e-01 2.143555000000000099e+00 7.617190000000000349e-01 2.963867000000000029e+00
3.662110000000000087e-01 2.135009999999999852e+00 7.580569999999999808e-01 2.963867000000000029e+00
3.637699999999999823e-01 2.136229999999999851e+00 7.580569999999999808e-01 2.963867000000000029e+00
3.625490000000000101e-01 2.135009999999999852e+00 7.580569999999999808e-01 2.963867000000000029e+00
3.625490000000000101e-01 2.133789000000000158e+00 7.568359999999999532e-01 2.968750000000000000e+00
3.625490000000000101e-01 2.133789000000000158e+00 7.568359999999999532e-01 2.963867000000000029e+00
3.613279999999999825e-01 2.133789000000000158e+00 7.568359999999999532e-01 2.957764000000000060e+00
3.613279999999999825e-01 2.133789000000000158e+00 7.568359999999999532e-01 2.955321999999999782e+00
3.601070000000000104e-01 2.133789000000000158e+00 7.568359999999999532e-01 2.955321999999999782e+00
3.601070000000000104e-01 2.126465000000000050e+00 7.568359999999999532e-01 2.954101999999999784e+00
3.588870000000000116e-01 2.125243999999999911e+00 7.568359999999999532e-01 2.954101999999999784e+00
3.588870000000000116e-01 2.125243999999999911e+00 7.568359999999999532e-01 2.954101999999999784e+00
3.576659999999999839e-01 2.124023000000000216e+00 7.568359999999999532e-01 2.954101999999999784e+00
3.576659999999999839e-01 2.124023000000000216e+00 7.531740000000000101e-01 2.954101999999999784e+00
3.576659999999999839e-01 2.124023000000000216e+00 7.531740000000000101e-01 2.954101999999999784e+00
3.564450000000000118e-01 2.124023000000000216e+00 7.519529999999999825e-01 2.954101999999999784e+00
3.564450000000000118e-01 2.117919999999999803e+00 7.519529999999999825e-01 2.954101999999999784e+00
3.564450000000000118e-01 2.116699000000000108e+00 7.507319999999999549e-01 2.944335999999999842e+00
3.564450000000000118e-01 2.116699000000000108e+00 7.519529999999999825e-01 2.944335999999999842e+00
3.564450000000000118e-01 2.114257999999999971e+00 7.531740000000000101e-01 2.944335999999999842e+00
3.552250000000000130e-01 2.114257999999999971e+00 7.519529999999999825e-01 2.945556999999999981e+00
3.564450000000000118e-01 2.114257999999999971e+00 7.531740000000000101e-01 2.944335999999999842e+00
3.527830000000000132e-01 2.114257999999999971e+00 7.531740000000000101e-01 2.944335999999999842e+00
3.527830000000000132e-01 2.114257999999999971e+00 7.531740000000000101e-01 2.944335999999999842e+00
3.527830000000000132e-01 2.114257999999999971e+00 7.531740000000000101e-01 2.944335999999999842e+00
3.527830000000000132e-01 2.114257999999999971e+00 7.568359999999999532e-01 2.945556999999999981e+00
3.540039999999999853e-01 2.114257999999999971e+00 7.568359999999999532e-01 2.944335999999999842e+00
3.527830000000000132e-01 2.114257999999999971e+00 7.568359999999999532e-01 2.940674000000000010e+00
3.540039999999999853e-01 2.109375000000000000e+00 7.568359999999999532e-01 2.944335999999999842e+00
3.540039999999999853e-01 2.114257999999999971e+00 7.568359999999999532e-01 2.940674000000000010e+00
3.564450000000000118e-01 2.109375000000000000e+00 7.580569999999999808e-01 2.944335999999999842e+00
3.564450000000000118e-01 2.109375000000000000e+00 7.580569999999999808e-01 2.944335999999999842e+00
3.564450000000000118e-01 2.114257999999999971e+00 7.580569999999999808e-01 2.938232000000000177e+00
3.564450000000000118e-01 2.114257999999999971e+00 7.580569999999999808e-01 2.949218999999999813e+00
3.564450000000000118e-01 2.114257999999999971e+00 7.580569999999999808e-01 2.944335999999999842e+00
3.564450000000000118e-01 2.114257999999999971e+00 7.580569999999999808e-01 2.944335999999999842e+00
3.564450000000000118e-01 2.109375000000000000e+00 7.604980000000000073e-01 2.938232000000000177e+00
3.576659999999999839e-01 2.114257999999999971e+00 7.629390000000000338e-01 2.944335999999999842e+00
3.576659999999999839e-01 2.114257999999999971e+00 7.666020000000000056e-01 2.944335999999999842e+00
3.601070000000000104e-01 2.114257999999999971e+00 7.666020000000000056e-01 2.946776999999999980e+00
3.613279999999999825e-01 2.114257999999999971e+00 7.714839999999999476e-01 2.944335999999999842e+00
3.662110000000000087e-01 2.119140999999999941e+00 7.800289999999999724e-01 2.944335999999999842e+00
3.710939999999999794e-01 2.125243999999999911e+00 7.958979999999999944e-01 2.954101999999999784e+00
3.796390000000000042e-01 2.136229999999999851e+00 8.154299999999999882e-01 2.963867000000000029e+00
3.906250000000000000e-01 2.155762000000000178e+00 8.361819999999999808e-01 2.973632999999999971e+00
4.064940000000000220e-01 2.167968999999999813e+00 8.642579999999999707e-01 2.983398000000000216e+00
4.260249999999999870e-01 2.192382999999999971e+00 8.935549999999999882e-01 3.002930000000000099e+00
4.479980000000000073e-01 2.221680000000000099e+00 9.326170000000000293e-01 3.022460999999999842e+00
4.748539999999999983e-01 2.250976999999999784e+00 9.655759999999999899e-01 3.041992000000000029e+00
5.065920000000000423e-01 2.281493999999999911e+00 1.003417999999999921e+00 3.071289000000000158e+00
5.383299999999999752e-01 2.319335999999999842e+00 1.036377000000000104e+00 3.100585999999999842e+00
5.676269999999999927e-01 2.343750000000000000e+00 1.054688000000000070e+00 3.129882999999999971e+00
5.932619999999999560e-01 2.368164000000000158e+00 1.063231999999999955e+00 3.145751999999999882e+00
6.164549999999999752e-01 2.381591999999999931e+00 1.069336000000000064e+00 3.160400000000000098e+00
6.347660000000000524e-01 2.398681999999999981e+00 1.072997999999999896e+00 3.178710999999999842e+00
6.506349999999999634e-01 2.407226999999999784e+00 1.074219000000000035e+00 3.189696999999999782e+00
6.689450000000000118e-01 2.416992000000000029e+00 1.080322000000000005e+00 3.203125000000000000e+00
6.848140000000000338e-01 2.430419999999999803e+00 1.099854000000000109e+00 3.217773000000000216e+00
7.080079999999999707e-01 2.456055000000000099e+00 1.131591999999999931e+00 3.229979999999999851e+00
7.348630000000000440e-01 2.485351999999999784e+00 1.171875000000000000e+00 3.250732000000000177e+00
7.666020000000000056e-01 2.514648000000000216e+00 1.208496000000000015e+00 3.276367000000000029e+00
7.958979999999999944e-01 2.537841999999999931e+00 1.241454999999999975e+00 3.295898000000000216e+00
8.215329999999999577e-01 2.564696999999999782e+00 1.264647999999999994e+00 3.325194999999999901e+00
8.471680000000000321e-01 2.586669999999999803e+00 1.275635000000000074e+00 3.344726999999999784e+00
8.691410000000000524e-01 2.602539000000000158e+00 1.284180000000000099e+00 3.359375000000000000e+00
8.850099999999999634e-01 2.622069999999999901e+00 1.293944999999999901e+00 3.374023000000000216e+00
9.045410000000000394e-01 2.637938999999999812e+00 1.304931999999999981e+00 3.387450999999999990e+00
9.265139999999999487e-01 2.661132999999999971e+00 1.325684000000000085e+00 3.403319999999999901e+00
9.460450000000000248e-01 2.674561000000000188e+00 1.352538999999999936e+00 3.422851999999999784e+00
9.716799999999999882e-01 2.700194999999999901e+00 1.372069999999999901e+00 3.436278999999999861e+00
9.912109999999999532e-01 2.719726999999999784e+00 1.396484000000000059e+00 3.452148000000000216e+00
9.912109999999999532e-01 2.719726999999999784e+00 1.396484000000000059e+00 3.452148000000000216e+00
1.015625000000000000e+00 2.739257999999999971e+00 1.414795000000000025e+00 3.471680000000000099e+00
1.035155999999999965e+00 2.758789000000000158e+00 1.425780999999999965e+00 3.485107000000000177e+00
1.051025000000000098e+00 2.770995999999999793e+00 1.434325999999999990e+00 3.500976999999999784e+00
1.065674000000000010e+00 2.788085999999999842e+00 1.435546999999999906e+00 3.515625000000000000e+00
1.079102000000000006e+00 2.797851999999999784e+00 1.430663999999999936e+00 3.520507999999999971e+00
1.085204999999999975e+00 2.797851999999999784e+00 1.422118999999999911e+00 3.524169999999999803e+00
1.088867000000000029e+00 2.807617000000000029e+00 1.411132999999999971e+00 3.530273000000000216e+00
1.090087999999999946e+00 2.808838000000000168e+00 1.401367000000000029e+00 3.531493999999999911e+00
1.090087999999999946e+00 2.807617000000000029e+00 1.383056999999999981e+00 3.540039000000000158e+00
1.093750000000000000e+00 2.807617000000000029e+00 1.373291000000000039e+00 3.540039000000000158e+00
1.088867000000000029e+00 2.807617000000000029e+00 1.362305000000000099e+00 3.540039000000000158e+00
1.088867000000000029e+00 2.801514000000000060e+00 1.347655999999999965e+00 3.540039000000000158e+00
1.081542999999999921e+00 2.797851999999999784e+00 1.333007999999999971e+00 3.540039000000000158e+00
1.079102000000000006e+00 2.797851999999999784e+00 1.313477000000000006e+00 3.530273000000000216e+00
1.070556999999999981e+00 2.788085999999999842e+00 1.293944999999999901e+00 3.530273000000000216e+00
1.060791000000000039e+00 2.779541000000000039e+00 1.274413999999999936e+00 3.535156000000000187e+00
1.051025000000000098e+00 2.769775000000000098e+00 1.254882999999999971e+00 3.520507999999999971e+00
1.043700999999999990e+00 2.760009999999999852e+00 1.235352000000000006e+00 3.520507999999999971e+00
1.035155999999999965e+00 2.758789000000000158e+00 1.215819999999999901e+00 3.510742000000000029e+00
1.021729000000000109e+00 2.749023000000000216e+00 1.196288999999999936e+00 3.500976999999999784e+00
1.013184000000000085e+00 2.739257999999999971e+00 1.177979000000000109e+00 3.494873000000000118e+00
1.002197000000000005e+00 2.730713000000000168e+00 1.158447000000000005e+00 3.491210999999999842e+00
9.924319999999999808e-01 2.719726999999999784e+00 1.141356999999999955e+00 3.481444999999999901e+00
9.814450000000000118e-01 2.709960999999999842e+00 1.124268000000000045e+00 3.474120999999999793e+00
9.716799999999999882e-01 2.694091999999999931e+00 1.108397999999999994e+00 3.465575999999999990e+00
9.570309999999999651e-01 2.684325999999999990e+00 1.090087999999999946e+00 3.461914000000000158e+00
9.460450000000000248e-01 2.674561000000000188e+00 1.074219000000000035e+00 3.452148000000000216e+00
9.338379999999999459e-01 2.663574000000000108e+00 1.059569999999999901e+00 3.444824000000000108e+00
9.228520000000000056e-01 2.656250000000000000e+00 1.044921999999999906e+00 3.435058999999999862e+00
9.094240000000000101e-01 2.642821999999999782e+00 1.031493999999999911e+00 3.426514000000000060e+00
8.959960000000000147e-01 2.633056999999999981e+00 1.020507999999999971e+00 3.422851999999999784e+00
8.837890000000000468e-01 2.623291000000000039e+00 1.010742000000000029e+00 3.413085999999999842e+00
8.740229999999999944e-01 2.614745999999999793e+00 1.002197000000000005e+00 3.403319999999999901e+00
8.642579999999999707e-01 2.612305000000000099e+00 9.960940000000000349e-01 3.397216999999999931e+00
8.544920000000000293e-01 2.604979999999999851e+00 9.912109999999999532e-01 3.393555000000000099e+00
8.447270000000000056e-01 2.592773000000000216e+00 9.814450000000000118e-01 3.387450999999999990e+00
8.349609999999999532e-01 2.584229000000000109e+00 9.765629999999999589e-01 3.383789000000000158e+00
8.349609999999999532e-01 2.584229000000000109e+00 9.765629999999999589e-01 3.383789000000000158e+00
8.251950000000000118e-01 2.578125000000000000e+00 9.728999999999999870e-01 3.374023000000000216e+00
8.154299999999999882e-01 2.573242000000000029e+00 9.655759999999999899e-01 3.364257999999999971e+00
8.056640000000000468e-01 2.564696999999999782e+00 9.631349999999999634e-01 3.364257999999999971e+00
7.971190000000000220e-01 2.557373000000000118e+00 9.619140000000000468e-01 3.354492000000000029e+00
7.885739999999999972e-01 2.553710999999999842e+00 9.570309999999999651e-01 3.348389000000000060e+00
7.812500000000000000e-01 2.545166000000000039e+00 9.521479999999999944e-01 3.344726999999999784e+00
7.727049999999999752e-01 2.543944999999999901e+00 9.484860000000000513e-01 3.338623000000000118e+00
7.666020000000000056e-01 2.534180000000000099e+00 9.423829999999999707e-01 3.334960999999999842e+00
7.568359999999999532e-01 2.525634999999999852e+00 9.375000000000000000e-01 3.334960999999999842e+00
7.470700000000000118e-01 2.524414000000000158e+00 9.326170000000000293e-01 3.325194999999999901e+00
7.397460000000000147e-01 2.517090000000000050e+00 9.265139999999999487e-01 3.316650000000000098e+00
7.312009999999999899e-01 2.507324000000000108e+00 9.228520000000000056e-01 3.315430000000000099e+00
7.226559999999999651e-01 2.504882999999999971e+00 9.179690000000000349e-01 3.308104999999999851e+00
7.177729999999999944e-01 2.495117000000000029e+00 9.143069999999999808e-01 3.305664000000000158e+00
7.080079999999999707e-01 2.489014000000000060e+00 9.094240000000000101e-01 3.300781000000000187e+00
6.982420000000000293e-01 2.485351999999999784e+00 9.033200000000000118e-01 3.295898000000000216e+00
6.896970000000000045e-01 2.476806999999999981e+00 8.996579999999999577e-01 3.286132999999999971e+00
6.835940000000000349e-01 2.476806999999999981e+00 8.935549999999999882e-01 3.280028999999999861e+00
6.750490000000000101e-01 2.465819999999999901e+00 8.886720000000000175e-01 3.276367000000000029e+00
6.665039999999999853e-01 2.457275000000000098e+00 8.837890000000000468e-01 3.276367000000000029e+00
6.591799999999999882e-01 2.456055000000000099e+00 8.776859999999999662e-01 3.266601999999999784e+00
6.494140000000000468e-01 2.446289000000000158e+00 8.703610000000000513e-01 3.266601999999999784e+00
6.408690000000000220e-01 2.440186000000000188e+00 8.654789999999999983e-01 3.256835999999999842e+00
6.335450000000000248e-01 2.436523000000000216e+00 8.642579999999999707e-01 3.250732000000000177e+00
6.262210000000000276e-01 2.427979000000000109e+00 8.557129999999999459e-01 3.248291000000000039e+00
6.201170000000000293e-01 2.421875000000000000e+00 8.508299999999999752e-01 3.240966999999999931e+00
6.103520000000000056e-01 2.416992000000000029e+00 8.459470000000000045e-01 3.237305000000000099e+00
6.018069999999999808e-01 2.408446999999999782e+00 8.447270000000000056e-01 3.227539000000000158e+00
5.957029999999999825e-01 2.402343999999999813e+00 8.398440000000000349e-01 3.227539000000000158e+00
5.871579999999999577e-01 2.402343999999999813e+00 8.361819999999999808e-01 3.227539000000000158e+00
5.810549999999999882e-01 2.388916000000000039e+00 8.312990000000000101e-01 3.211669999999999803e+00
5.761720000000000175e-01 2.387694999999999901e+00 8.264160000000000394e-01 3.210449000000000108e+00
5.664059999999999651e-01 2.379150000000000098e+00 8.251950000000000118e-01 3.210449000000000108e+00
