1.770019999999999927e-01 1.762694999999999901e+00 6.494140000000000468e-01 2.563476999999999784e+00 2.504882999999999971e+00
1.770019999999999927e-01 1.762694999999999901e+00 6.494140000000000468e-01 2.563476999999999784e+00 2.489014000000000060e+00
1.770019999999999927e-01 1.762694999999999901e+00 6.494140000000000468e-01 2.563476999999999784e+00 2.496338000000000168e+00
1.770019999999999927e-01 1.762694999999999901e+00 6.469730000000000203e-01 2.563476999999999784e+00 2.487792999999999921e+00
1.770019999999999927e-01 1.762694999999999901e+00 6.494140000000000468e-01 2.563476999999999784e+00 2.496338000000000168e+00
1.770019999999999927e-01 1.762694999999999901e+00 6.494140000000000468e-01 2.563476999999999784e+00 2.486571999999999782e+00
1.757809999999999928e-01 1.762694999999999901e+00 6.494140000000000468e-01 2.563476999999999784e+00 2.485351999999999784e+00
1.757809999999999928e-01 1.762694999999999901e+00 6.457519999999999927e-01 2.563476999999999784e+00 2.486571999999999782e+00
1.757809999999999928e-01 1.762694999999999901e+00 6.457519999999999927e-01 2.557373000000000118e+00 2.476806999999999981e+00
1.770019999999999927e-01 1.762694999999999901e+00 6.457519999999999927e-01 2.563476999999999784e+00 2.475585999999999842e+00
1.757809999999999928e-01 1.762694999999999901e+00 6.469730000000000203e-01 2.563476999999999784e+00 2.475585999999999842e+00
1.757809999999999928e-01 1.762694999999999901e+00 6.457519999999999927e-01 2.563476999999999784e+00 2.485351999999999784e+00
1.757809999999999928e-01 1.762694999999999901e+00 6.457519999999999927e-01 2.563476999999999784e+00 2.485351999999999784e+00
1.757809999999999928e-01 1.762694999999999901e+00 6.457519999999999927e-01 2.563476999999999784e+00 2.485351999999999784e+00
1.757809999999999928e-01 1.762694999999999901e+00 6.457519999999999927e-01 2.563476999999999784e+00 2.485351999999999784e+00
1.757809999999999928e-01 1.762694999999999901e+00 6.457519999999999927e-01 2.558593999999999813e+00 2.486571999999999782e+00
1.757809999999999928e-01 1.762694999999999901e+00 6.457519999999999927e-01 2.559813999999999812e+00 2.476806999999999981e+00
1.757809999999999928e-01 1.762694999999999901e+00 6.457519999999999927e-01 2.556151999999999980e+00 2.475585999999999842e+00
1.757809999999999928e-01 1.762694999999999901e+00 6.457519999999999927e-01 2.563476999999999784e+00 2.476806999999999981e+00
1.757809999999999928e-01 1.762694999999999901e+00 6.445309999999999651e-01 2.556151999999999980e+00 2.476806999999999981e+00
1.745609999999999939e-01 1.762694999999999901e+00 6.457519999999999927e-01 2.563476999999999784e+00 2.480468999999999813e+00
1.745609999999999939e-01 1.762694999999999901e+00 6.445309999999999651e-01 2.563476999999999784e+00 2.489014000000000060e+00
1.757809999999999928e-01 1.762694999999999901e+00 6.457519999999999927e-01 2.554931999999999981e+00 2.495117000000000029e+00
1.745609999999999939e-01 1.757813000000000070e+00 6.445309999999999651e-01 2.554931999999999981e+00 2.465819999999999901e+00
1.745609999999999939e-01 1.756591999999999931e+00 6.445309999999999651e-01 2.558593999999999813e+00 2.465819999999999901e+00
1.745609999999999939e-01 1.756591999999999931e+00 6.457519999999999927e-01 2.554931999999999981e+00 2.467041000000000039e+00
1.745609999999999939e-01 1.757813000000000070e+00 6.457519999999999927e-01 2.556151999999999980e+00 2.465819999999999901e+00
1.745609999999999939e-01 1.756591999999999931e+00 6.457519999999999927e-01 2.558593999999999813e+00 2.469482000000000177e+00
1.745609999999999939e-01 1.760253999999999985e+00 6.457519999999999927e-01 2.554931999999999981e+00 2.485351999999999784e+00
1.745609999999999939e-01 1.756591999999999931e+00 6.457519999999999927e-01 2.553710999999999842e+00 2.475585999999999842e+00
1.745609999999999939e-01 1.756591999999999931e+00 6.445309999999999651e-01 2.553710999999999842e+00 2.475585999999999842e+00
1.745609999999999939e-01 1.756591999999999931e+00 6.445309999999999651e-01 2.554931999999999981e+00 2.469482000000000177e+00
1.745609999999999939e-01 1.756591999999999931e+00 6.445309999999999651e-01 2.553710999999999842e+00 2.480468999999999813e+00
1.733399999999999941e-01 1.757813000000000070e+00 6.445309999999999651e-01 2.553710999999999842e+00 2.486571999999999782e+00
1.733399999999999941e-01 1.757813000000000070e+00 6.445309999999999651e-01 2.553710999999999842e+00 2.479248000000000118e+00
1.733399999999999941e-01 1.757813000000000070e+00 6.445309999999999651e-01 2.553710999999999842e+00 2.495117000000000029e+00
1.733399999999999941e-01 1.755371000000000015e+00 6.445309999999999651e-01 2.554931999999999981e+00 2.475585999999999842e+00
1.733399999999999941e-01 1.755371000000000015e+00 6.445309999999999651e-01 2.553710999999999842e+00 2.465819999999999901e+00
1.745609999999999939e-01 1.754150000000000098e+00 6.433109999999999662e-01 2.553710999999999842e+00 2.475585999999999842e+00
1.733399999999999941e-01 1.755371000000000015e+00 6.433109999999999662e-01 2.553710999999999842e+00 2.480468999999999813e+00
1.733399999999999941e-01 1.755371000000000015e+00 6.445309999999999651e-01 2.558593999999999813e+00 2.485351999999999784e+00
1.733399999999999941e-01 1.755371000000000015e+00 6.445309999999999651e-01 2.553710999999999842e+00 2.479248000000000118e+00
1.721189999999999942e-01 1.754150000000000098e+00 6.445309999999999651e-01 2.553710999999999842e+00 2.486571999999999782e+00
1.721189999999999942e-01 1.754150000000000098e+00 6.457519999999999927e-01 2.553710999999999842e+00 2.485351999999999784e+00
1.733399999999999941e-01 1.754150000000000098e+00 6.445309999999999651e-01 2.553710999999999842e+00 2.478026999999999980e+00
1.721189999999999942e-01 1.752930000000000099e+00 6.445309999999999651e-01 2.554931999999999981e+00 2.485351999999999784e+00
1.721189999999999942e-01 1.754150000000000098e+00 6.445309999999999651e-01 2.553710999999999842e+00 2.467041000000000039e+00
1.721189999999999942e-01 1.754150000000000098e+00 6.457519999999999927e-01 2.553710999999999842e+00 2.475585999999999842e+00
1.733399999999999941e-01 1.754150000000000098e+00 6.457519999999999927e-01 2.553710999999999842e+00 2.475585999999999842e+00
1.733399999999999941e-01 1.755371000000000015e+00 6.457519999999999927e-01 2.553710999999999842e+00 2.476806999999999981e+00
1.745609999999999939e-01 1.754150000000000098e+00 6.469730000000000203e-01 2.553710999999999842e+00 2.475585999999999842e+00
1.745609999999999939e-01 1.762694999999999901e+00 6.494140000000000468e-01 2.553710999999999842e+00 2.469482000000000177e+00
1.757809999999999928e-01 1.762694999999999901e+00 6.506349999999999634e-01 2.554931999999999981e+00 2.485351999999999784e+00
1.770019999999999927e-01 1.762694999999999901e+00 6.530759999999999899e-01 2.554931999999999981e+00 2.467041000000000039e+00
1.782229999999999925e-01 1.762694999999999901e+00 6.579589999999999606e-01 2.557373000000000118e+00 2.459716999999999931e+00
1.806639999999999913e-01 1.766356999999999955e+00 6.616210000000000147e-01 2.563476999999999784e+00 2.475585999999999842e+00
1.843259999999999899e-01 1.772461000000000064e+00 6.689450000000000118e-01 2.563476999999999784e+00 2.479248000000000118e+00
1.892089999999999883e-01 1.777344000000000035e+00 6.738279999999999825e-01 2.573242000000000029e+00 2.495117000000000029e+00
1.953129999999999866e-01 1.785889000000000060e+00 6.884770000000000056e-01 2.583007999999999971e+00 2.495117000000000029e+00
2.026370000000000116e-01 1.801757999999999971e+00 7.080079999999999707e-01 2.592773000000000216e+00 2.495117000000000029e+00
2.197270000000000056e-01 1.821288999999999936e+00 7.470700000000000118e-01 2.612305000000000099e+00 2.504882999999999971e+00
2.490229999999999944e-01 1.860352000000000006e+00 8.190920000000000423e-01 2.645264000000000060e+00 2.524414000000000158e+00
2.978520000000000056e-01 1.920166000000000039e+00 9.130859999999999532e-01 2.714843999999999813e+00 2.545166000000000039e+00
3.576659999999999839e-01 1.990966999999999931e+00 1.000977000000000006e+00 2.788085999999999842e+00 2.597656000000000187e+00
4.296880000000000144e-01 2.070313000000000070e+00 1.070556999999999981e+00 2.875976999999999784e+00 2.662354000000000109e+00
4.992679999999999896e-01 2.136229999999999851e+00 1.124268000000000045e+00 2.949218999999999813e+00 2.701416000000000039e+00
5.639650000000000496e-01 2.203368999999999911e+00 1.166992000000000029e+00 3.012694999999999901e+00 2.749023000000000216e+00
6.213379999999999459e-01 2.254639000000000060e+00 1.196288999999999936e+00 3.071289000000000158e+00 2.788085999999999842e+00
6.689450000000000118e-01 2.301025000000000098e+00 1.215819999999999901e+00 3.120117000000000029e+00 2.817382999999999971e+00
7.092289999999999983e-01 2.338867000000000029e+00 1.225586000000000064e+00 3.149414000000000158e+00 2.836914000000000158e+00
7.421879999999999589e-01 2.368164000000000158e+00 1.235352000000000006e+00 3.182373000000000118e+00 2.856444999999999901e+00
7.702639999999999487e-01 2.392577999999999872e+00 1.230469000000000035e+00 3.208007999999999971e+00 2.866210999999999842e+00
7.897950000000000248e-01 2.409667999999999921e+00 1.225586000000000064e+00 3.227539000000000158e+00 2.885742000000000029e+00
8.056640000000000468e-01 2.426757999999999971e+00 1.215819999999999901e+00 3.239745999999999793e+00 2.905273000000000216e+00
8.166499999999999870e-01 2.436523000000000216e+00 1.206055000000000099e+00 3.247069999999999901e+00 2.915039000000000158e+00
8.251950000000000118e-01 2.446289000000000158e+00 1.190185999999999966e+00 3.256835999999999842e+00 2.924805000000000099e+00
8.264160000000000394e-01 2.447509999999999852e+00 1.176757999999999971e+00 3.267821999999999782e+00 2.918700999999999990e+00
8.288569999999999549e-01 2.447509999999999852e+00 1.159667999999999921e+00 3.266601999999999784e+00 2.927245999999999793e+00
8.264160000000000394e-01 2.448729999999999851e+00 1.147461000000000064e+00 3.266601999999999784e+00 2.944335999999999842e+00
8.264160000000000394e-01 2.449950999999999990e+00 1.127930000000000099e+00 3.266601999999999784e+00 2.934569999999999901e+00
8.251950000000000118e-01 2.446289000000000158e+00 1.114502000000000104e+00 3.271484000000000059e+00 2.935791000000000039e+00
8.251950000000000118e-01 2.446289000000000158e+00 1.102295000000000025e+00 3.266601999999999784e+00 2.934569999999999901e+00
8.190920000000000423e-01 2.447509999999999852e+00 1.093750000000000000e+00 3.261718999999999813e+00 2.934569999999999901e+00
8.166499999999999870e-01 2.446289000000000158e+00 1.082764000000000060e+00 3.261718999999999813e+00 2.934569999999999901e+00
8.154299999999999882e-01 2.446289000000000158e+00 1.074219000000000035e+00 3.258056999999999981e+00 2.926025000000000098e+00
8.105470000000000175e-01 2.446289000000000158e+00 1.069336000000000064e+00 3.250732000000000177e+00 2.910156000000000187e+00
8.081049999999999622e-01 2.447509999999999852e+00 1.065674000000000010e+00 3.256835999999999842e+00 2.926025000000000098e+00
8.081049999999999622e-01 2.446289000000000158e+00 1.065674000000000010e+00 3.256835999999999842e+00 2.929688000000000070e+00
8.068849999999999634e-01 2.446289000000000158e+00 1.060791000000000039e+00 3.256835999999999842e+00 2.946776999999999980e+00
8.056640000000000468e-01 2.448729999999999851e+00 1.059569999999999901e+00 3.256835999999999842e+00 2.947998000000000118e+00
8.056640000000000468e-01 2.446289000000000158e+00 1.052246000000000015e+00 3.256835999999999842e+00 2.954101999999999784e+00
8.007809999999999651e-01 2.446289000000000158e+00 1.044921999999999906e+00 3.256835999999999842e+00 2.938232000000000177e+00
7.958979999999999944e-01 2.437743999999999911e+00 1.035155999999999965e+00 3.250732000000000177e+00 2.934569999999999901e+00
7.910160000000000524e-01 2.436523000000000216e+00 1.021729000000000109e+00 3.248291000000000039e+00 2.915039000000000158e+00
7.861329999999999707e-01 2.427979000000000109e+00 1.011962999999999946e+00 3.248291000000000039e+00 2.906493999999999911e+00
7.861329999999999707e-01 2.427979000000000109e+00 1.011962999999999946e+00 3.248291000000000039e+00 2.906493999999999911e+00
7.800289999999999724e-01 2.426757999999999971e+00 1.002197000000000005e+00 3.239745999999999793e+00 2.910156000000000187e+00
7.763670000000000293e-01 2.421875000000000000e+00 9.924319999999999808e-01 3.237305000000000099e+00 2.929688000000000070e+00
7.666020000000000056e-01 2.416992000000000029e+00 9.826660000000000394e-01 3.237305000000000099e+00 2.935791000000000039e+00
7.592769999999999797e-01 2.410889000000000060e+00 9.741210000000000147e-01 3.231200999999999990e+00 2.915039000000000158e+00
7.519529999999999825e-01 2.407226999999999784e+00 9.631349999999999634e-01 3.227539000000000158e+00 2.899169999999999803e+00
7.470700000000000118e-01 2.397460999999999842e+00 9.533690000000000220e-01 3.217773000000000216e+00 2.919922000000000128e+00
7.373049999999999882e-01 2.391357000000000177e+00 9.436039999999999983e-01 3.210449000000000108e+00 2.924805000000000099e+00
7.287599999999999634e-01 2.387694999999999901e+00 9.338379999999999459e-01 3.208007999999999971e+00 2.915039000000000158e+00
7.226559999999999651e-01 2.379150000000000098e+00 9.265139999999999487e-01 3.203125000000000000e+00 2.905273000000000216e+00
7.141110000000000513e-01 2.371825999999999990e+00 9.179690000000000349e-01 3.190917999999999921e+00 2.896729000000000109e+00
7.080079999999999707e-01 2.368164000000000158e+00 9.130859999999999532e-01 3.188476999999999784e+00 2.895507999999999971e+00
7.006839999999999735e-01 2.358398000000000216e+00 9.045410000000000394e-01 3.181151999999999980e+00 2.890625000000000000e+00
6.933589999999999476e-01 2.351074000000000108e+00 8.984379999999999589e-01 3.183593999999999813e+00 2.895507999999999971e+00
6.884770000000000056e-01 2.348632999999999971e+00 8.935549999999999882e-01 3.168944999999999901e+00 2.879639000000000060e+00
6.799319999999999808e-01 2.340088000000000168e+00 8.874509999999999899e-01 3.171387000000000178e+00 2.895507999999999971e+00
6.738279999999999825e-01 2.335205000000000197e+00 8.837890000000000468e-01 3.159180000000000099e+00 2.877196999999999782e+00
6.652829999999999577e-01 2.329101999999999784e+00 8.752440000000000220e-01 3.159180000000000099e+00 2.875976999999999784e+00
6.591799999999999882e-01 2.320556999999999981e+00 8.703610000000000513e-01 3.149414000000000158e+00 2.867431999999999981e+00
6.506349999999999634e-01 2.319335999999999842e+00 8.642579999999999707e-01 3.142090000000000050e+00 2.867431999999999981e+00
6.433109999999999662e-01 2.310791000000000039e+00 8.593750000000000000e-01 3.139648000000000216e+00 2.850341999999999931e+00
6.347660000000000524e-01 2.303466999999999931e+00 8.544920000000000293e-01 3.132324000000000108e+00 2.866210999999999842e+00
6.262210000000000276e-01 2.299805000000000099e+00 8.483889999999999487e-01 3.129882999999999971e+00 2.856444999999999901e+00
6.201170000000000293e-01 2.291259999999999852e+00 8.447270000000000056e-01 3.125000000000000000e+00 2.847900000000000098e+00
6.127930000000000321e-01 2.290039000000000158e+00 8.398440000000000349e-01 3.114014000000000060e+00 2.846680000000000099e+00
6.054690000000000349e-01 2.281493999999999911e+00 8.361819999999999808e-01 3.110351999999999784e+00 2.836914000000000158e+00
6.005859999999999532e-01 2.280273000000000216e+00 8.349609999999999532e-01 3.110351999999999784e+00 2.830811000000000188e+00
5.920410000000000394e-01 2.275390999999999941e+00 8.264160000000000394e-01 3.101806999999999981e+00 2.846680000000000099e+00
5.847170000000000423e-01 2.268066000000000138e+00 8.264160000000000394e-01 3.094482000000000177e+00 2.827148000000000216e+00
5.786130000000000440e-01 2.265625000000000000e+00 8.251950000000000118e-01 3.093262000000000178e+00 2.817382999999999971e+00
5.725099999999999634e-01 2.260742000000000029e+00 8.203129999999999589e-01 3.090819999999999901e+00 2.817382999999999971e+00
5.664059999999999651e-01 2.252196999999999782e+00 8.166499999999999870e-01 3.081055000000000099e+00 2.821044999999999803e+00
5.590819999999999679e-01 2.246093999999999813e+00 8.154299999999999882e-01 3.076172000000000128e+00 2.828368999999999911e+00
5.529789999999999983e-01 2.242431999999999981e+00 8.105470000000000175e-01 3.072509999999999852e+00 2.817382999999999971e+00
5.480960000000000276e-01 2.241210999999999842e+00 8.093259999999999899e-01 3.071289000000000158e+00 2.807617000000000029e+00
5.432129999999999459e-01 2.231444999999999901e+00 8.068849999999999634e-01 3.061523000000000216e+00 2.811278999999999861e+00
5.358889999999999487e-01 2.231444999999999901e+00 8.056640000000000468e-01 3.061523000000000216e+00 2.817382999999999971e+00
5.322270000000000056e-01 2.224120999999999793e+00 8.032230000000000203e-01 3.061523000000000216e+00 2.811278999999999861e+00
5.273440000000000349e-01 2.221680000000000099e+00 8.007809999999999651e-01 3.051757999999999971e+00 2.817382999999999971e+00
5.224609999999999532e-01 2.215575999999999990e+00 7.971190000000000220e-01 3.051757999999999971e+00 2.808838000000000168e+00
5.175779999999999825e-01 2.213134999999999852e+00 7.958979999999999944e-01 3.043213000000000168e+00 2.801514000000000060e+00
5.126950000000000118e-01 2.211914000000000158e+00 7.958979999999999944e-01 3.041992000000000029e+00 2.801514000000000060e+00
5.090329999999999577e-01 2.211914000000000158e+00 7.958979999999999944e-01 3.046875000000000000e+00 2.807617000000000029e+00
5.053710000000000147e-01 2.202148000000000216e+00 7.922360000000000513e-01 3.037109000000000059e+00 2.807617000000000029e+00
5.029299999999999882e-01 2.202148000000000216e+00 7.910160000000000524e-01 3.032226999999999784e+00 2.791748000000000118e+00
4.968259999999999899e-01 2.194824000000000108e+00 7.897950000000000248e-01 3.034667999999999921e+00 2.808838000000000168e+00
4.931639999999999913e-01 2.193604000000000109e+00 7.873539999999999983e-01 3.032226999999999784e+00 2.797851999999999784e+00
4.882810000000000206e-01 2.192382999999999971e+00 7.861329999999999707e-01 3.022460999999999842e+00 2.788085999999999842e+00
4.846190000000000220e-01 2.186278999999999861e+00 7.861329999999999707e-01 3.022460999999999842e+00 2.789306999999999981e+00
4.833979999999999944e-01 2.183838000000000168e+00 7.824710000000000276e-01 3.022460999999999842e+00 2.789306999999999981e+00
4.772950000000000248e-01 2.185058999999999862e+00 7.812500000000000000e-01 3.015137000000000178e+00 2.788085999999999842e+00
4.736330000000000262e-01 2.177734000000000059e+00 7.812500000000000000e-01 3.012694999999999901e+00 2.778319999999999901e+00
4.699710000000000276e-01 2.174071999999999782e+00 7.800289999999999724e-01 3.005370999999999793e+00 2.781982000000000177e+00
4.663089999999999735e-01 2.172851999999999784e+00 7.775879999999999459e-01 3.006591999999999931e+00 2.797851999999999784e+00
4.638669999999999738e-01 2.172851999999999784e+00 7.775879999999999459e-01 3.002930000000000099e+00 2.772216999999999931e+00
4.602049999999999752e-01 2.172851999999999784e+00 7.763670000000000293e-01 3.002930000000000099e+00 2.788085999999999842e+00
4.553220000000000045e-01 2.163085999999999842e+00 7.763670000000000293e-01 2.994384999999999852e+00 2.779541000000000039e+00
4.541020000000000056e-01 2.163085999999999842e+00 7.714839999999999476e-01 2.994384999999999852e+00 2.762450999999999990e+00
4.492189999999999794e-01 2.154541000000000039e+00 7.690430000000000321e-01 2.993164000000000158e+00 2.762450999999999990e+00
4.455569999999999808e-01 2.153319999999999901e+00 7.666020000000000056e-01 2.993164000000000158e+00 2.779541000000000039e+00
4.406740000000000101e-01 2.153319999999999901e+00 7.666020000000000056e-01 2.988281000000000187e+00 2.769775000000000098e+00
4.382320000000000104e-01 2.145995999999999793e+00 7.629390000000000338e-01 2.983398000000000216e+00 2.769775000000000098e+00
4.345700000000000118e-01 2.143555000000000099e+00 7.617190000000000349e-01 2.977294999999999803e+00 2.769775000000000098e+00
4.309080000000000132e-01 2.143555000000000099e+00 7.580569999999999808e-01 2.974854000000000109e+00 2.758789000000000158e+00
4.272460000000000147e-01 2.137450999999999990e+00 7.568359999999999532e-01 2.973632999999999971e+00 2.750243999999999911e+00
4.248049999999999882e-01 2.133789000000000158e+00 7.531740000000000101e-01 2.976074000000000108e+00 2.758789000000000158e+00
4.199220000000000175e-01 2.128906000000000187e+00 7.507319999999999549e-01 2.968750000000000000e+00 2.758789000000000158e+00
4.162600000000000189e-01 2.126465000000000050e+00 7.482910000000000394e-01 2.963867000000000029e+00 2.758789000000000158e+00
4.113769999999999927e-01 2.124023000000000216e+00 7.470700000000000118e-01 2.957764000000000060e+00 2.758789000000000158e+00
4.089360000000000217e-01 2.115479000000000109e+00 7.470700000000000118e-01 2.957764000000000060e+00 2.739257999999999971e+00
4.052729999999999944e-01 2.114257999999999971e+00 7.421879999999999589e-01 2.954101999999999784e+00 2.734375000000000000e+00
4.016109999999999958e-01 2.114257999999999971e+00 7.409670000000000423e-01 2.954101999999999784e+00 2.758789000000000158e+00
3.979489999999999972e-01 2.109375000000000000e+00 7.397460000000000147e-01 2.954101999999999784e+00 2.753906000000000187e+00
3.955080000000000262e-01 2.105713000000000168e+00 7.397460000000000147e-01 2.945556999999999981e+00 2.760009999999999852e+00
3.918460000000000276e-01 2.104492000000000029e+00 7.373049999999999882e-01 2.944335999999999842e+00 2.739257999999999971e+00
3.906250000000000000e-01 2.104492000000000029e+00 7.373049999999999882e-01 2.944335999999999842e+00 2.739257999999999971e+00
3.869630000000000014e-01 2.095946999999999782e+00 7.373049999999999882e-01 2.934569999999999901e+00 2.739257999999999971e+00
3.833010000000000028e-01 2.097167999999999921e+00 7.336430000000000451e-01 2.934569999999999901e+00 2.740479000000000109e+00
3.808590000000000031e-01 2.094726999999999784e+00 7.324220000000000175e-01 2.934569999999999901e+00 2.739257999999999971e+00
3.784179999999999766e-01 2.087401999999999980e+00 7.324220000000000175e-01 2.927245999999999793e+00 2.739257999999999971e+00
3.759770000000000056e-01 2.084960999999999842e+00 7.324220000000000175e-01 2.924805000000000099e+00 2.739257999999999971e+00
3.784179999999999766e-01 2.094726999999999784e+00 7.531740000000000101e-01 2.934569999999999901e+00 2.739257999999999971e+00
3.955080000000000262e-01 2.124023000000000216e+00 8.166499999999999870e-01 2.944335999999999842e+00 2.739257999999999971e+00
4.272460000000000147e-01 2.174071999999999782e+00 9.179690000000000349e-01 2.983398000000000216e+00 2.758789000000000158e+00
4.760739999999999972e-01 2.241210999999999842e+00 1.011962999999999946e+00 3.022460999999999842e+00 2.784424000000000010e+00
5.322270000000000056e-01 2.299805000000000099e+00 1.079102000000000006e+00 3.081055000000000099e+00 2.827148000000000216e+00
5.810549999999999882e-01 2.351074000000000108e+00 1.121825999999999990e+00 3.125000000000000000e+00 2.850341999999999931e+00
6.262210000000000276e-01 2.397460999999999842e+00 1.148681999999999981e+00 3.160400000000000098e+00 2.895507999999999971e+00
6.640629999999999589e-01 2.426757999999999971e+00 1.162109000000000059e+00 3.198242000000000029e+00 2.895507999999999971e+00
6.982420000000000293e-01 2.447509999999999852e+00 1.166992000000000029e+00 3.222656000000000187e+00 2.915039000000000158e+00
7.214359999999999662e-01 2.465819999999999901e+00 1.170654000000000083e+00 3.238525000000000098e+00 2.934569999999999901e+00
7.421879999999999589e-01 2.485351999999999784e+00 1.168212999999999946e+00 3.256835999999999842e+00 2.934569999999999901e+00
7.580569999999999808e-01 2.489014000000000060e+00 1.159667999999999921e+00 3.269042999999999921e+00 2.945556999999999981e+00
7.690430000000000321e-01 2.495117000000000029e+00 1.152344000000000035e+00 3.276367000000000029e+00 2.954101999999999784e+00
7.775879999999999459e-01 2.497558999999999862e+00 1.137694999999999901e+00 3.286132999999999971e+00 2.957764000000000060e+00
7.812500000000000000e-01 2.497558999999999862e+00 1.123046999999999906e+00 3.286132999999999971e+00 2.973632999999999971e+00
7.861329999999999707e-01 2.497558999999999862e+00 1.109618999999999911e+00 3.286132999999999971e+00 2.974854000000000109e+00
7.861329999999999707e-01 2.495117000000000029e+00 1.093750000000000000e+00 3.286132999999999971e+00 2.973632999999999971e+00
7.824710000000000276e-01 2.495117000000000029e+00 1.079102000000000006e+00 3.286132999999999971e+00 2.966308999999999862e+00
7.812500000000000000e-01 2.487792999999999921e+00 1.064453000000000094e+00 3.286132999999999971e+00 2.977294999999999803e+00
7.775879999999999459e-01 2.485351999999999784e+00 1.051025000000000098e+00 3.286132999999999971e+00 2.984618999999999911e+00
7.763670000000000293e-01 2.485351999999999784e+00 1.040038999999999936e+00 3.281250000000000000e+00 2.973632999999999971e+00
7.714839999999999476e-01 2.475585999999999842e+00 1.030272999999999994e+00 3.276367000000000029e+00 2.968750000000000000e+00
7.666020000000000056e-01 2.475585999999999842e+00 1.016845999999999917e+00 3.270264000000000060e+00 2.985840000000000050e+00
7.617190000000000349e-01 2.465819999999999901e+00 1.010742000000000029e+00 3.267821999999999782e+00 2.973632999999999971e+00
7.568359999999999532e-01 2.457275000000000098e+00 9.960940000000000349e-01 3.266601999999999784e+00 2.954101999999999784e+00
7.495119999999999560e-01 2.449950999999999990e+00 9.851069999999999549e-01 3.256835999999999842e+00 2.956542999999999921e+00
7.434079999999999577e-01 2.447509999999999852e+00 9.753420000000000423e-01 3.256835999999999842e+00 2.967528999999999861e+00
7.373049999999999882e-01 2.441406000000000187e+00 9.631349999999999634e-01 3.250732000000000177e+00 2.973632999999999971e+00
7.312009999999999899e-01 2.436523000000000216e+00 9.533690000000000220e-01 3.247069999999999901e+00 2.949218999999999813e+00
7.238769999999999927e-01 2.426757999999999971e+00 9.436039999999999983e-01 3.237305000000000099e+00 2.957764000000000060e+00
7.177729999999999944e-01 2.421875000000000000e+00 9.338379999999999459e-01 3.231200999999999990e+00 2.968750000000000000e+00
7.092289999999999983e-01 2.412109000000000059e+00 9.240720000000000045e-01 3.227539000000000158e+00 2.954101999999999784e+00
7.031250000000000000e-01 2.407226999999999784e+00 9.143069999999999808e-01 3.220215000000000050e+00 2.944335999999999842e+00
6.945799999999999752e-01 2.401123000000000118e+00 9.057619999999999560e-01 3.216553000000000218e+00 2.938232000000000177e+00
6.884770000000000056e-01 2.388916000000000039e+00 8.972170000000000423e-01 3.210449000000000108e+00 2.935791000000000039e+00
6.787109999999999532e-01 2.382813000000000070e+00 8.898930000000000451e-01 3.208007999999999971e+00 2.926025000000000098e+00
6.701660000000000394e-01 2.377930000000000099e+00 8.837890000000000468e-01 3.198242000000000029e+00 2.926025000000000098e+00
6.640629999999999589e-01 2.369384999999999852e+00 8.740229999999999944e-01 3.190917999999999921e+00 2.915039000000000158e+00
6.591799999999999882e-01 2.368164000000000158e+00 8.679200000000000248e-01 3.188476999999999784e+00 2.917479999999999851e+00
6.494140000000000468e-01 2.358398000000000216e+00 8.605960000000000276e-01 3.179931999999999981e+00 2.926025000000000098e+00
6.408690000000000220e-01 2.348632999999999971e+00 8.544920000000000293e-01 3.178710999999999842e+00 2.896729000000000109e+00
6.311039999999999983e-01 2.340088000000000168e+00 8.471680000000000321e-01 3.168944999999999901e+00 2.895507999999999971e+00
6.250000000000000000e-01 2.331542999999999921e+00 8.422849999999999504e-01 3.159180000000000099e+00 2.889403999999999861e+00
6.164549999999999752e-01 2.329101999999999784e+00 8.349609999999999532e-01 3.159180000000000099e+00 2.899169999999999803e+00
6.103520000000000056e-01 2.319335999999999842e+00 8.264160000000000394e-01 3.149414000000000158e+00 2.906493999999999911e+00
6.005859999999999532e-01 2.310791000000000039e+00 8.251950000000000118e-01 3.142090000000000050e+00 2.895507999999999971e+00
5.920410000000000394e-01 2.303466999999999931e+00 8.178710000000000147e-01 3.139648000000000216e+00 2.885742000000000029e+00
5.859379999999999589e-01 2.299805000000000099e+00 8.154299999999999882e-01 3.129882999999999971e+00 2.878417999999999921e+00
5.786130000000000440e-01 2.290039000000000158e+00 8.081049999999999622e-01 3.122558999999999862e+00 2.879639000000000060e+00
5.712890000000000468e-01 2.281493999999999911e+00 8.056640000000000468e-01 3.120117000000000029e+00 2.885742000000000029e+00
5.627440000000000220e-01 2.280273000000000216e+00 8.007809999999999651e-01 3.110351999999999784e+00 2.867431999999999981e+00
5.554200000000000248e-01 2.270507999999999971e+00 7.971190000000000220e-01 3.110351999999999784e+00 2.866210999999999842e+00
5.480960000000000276e-01 2.265625000000000000e+00 7.958979999999999944e-01 3.100585999999999842e+00 2.858887000000000178e+00
5.432129999999999459e-01 2.260742000000000029e+00 7.897950000000000248e-01 3.090819999999999901e+00 2.871093999999999813e+00
5.358889999999999487e-01 2.252196999999999782e+00 7.861329999999999707e-01 3.090819999999999901e+00 2.866210999999999842e+00
5.285640000000000338e-01 2.250976999999999784e+00 7.812500000000000000e-01 3.082275000000000098e+00 2.857666000000000039e+00
5.224609999999999532e-01 2.241210999999999842e+00 7.775879999999999459e-01 3.081055000000000099e+00 2.839354999999999851e+00
5.139160000000000394e-01 2.233887000000000178e+00 7.763670000000000293e-01 3.073729999999999851e+00 2.847900000000000098e+00
5.090329999999999577e-01 2.231444999999999901e+00 7.727049999999999752e-01 3.071289000000000158e+00 2.846680000000000099e+00
5.029299999999999882e-01 2.222900000000000098e+00 7.690430000000000321e-01 3.062743999999999911e+00 2.846680000000000099e+00
4.943850000000000189e-01 2.221680000000000099e+00 7.666020000000000056e-01 3.054199000000000108e+00 2.827148000000000216e+00
4.895019999999999927e-01 2.213134999999999852e+00 7.666020000000000056e-01 3.051757999999999971e+00 2.827148000000000216e+00
4.833979999999999944e-01 2.207031000000000187e+00 7.617190000000000349e-01 3.051757999999999971e+00 2.821044999999999803e+00
4.772950000000000248e-01 2.202148000000000216e+00 7.580569999999999808e-01 3.041992000000000029e+00 2.836914000000000158e+00
4.736330000000000262e-01 2.202148000000000216e+00 7.580569999999999808e-01 3.035889000000000060e+00 2.829590000000000050e+00
4.663089999999999735e-01 2.192382999999999971e+00 7.568359999999999532e-01 3.033446999999999782e+00 2.827148000000000216e+00
4.638669999999999738e-01 2.192382999999999971e+00 7.531740000000000101e-01 3.032226999999999784e+00 2.807617000000000029e+00
4.553220000000000045e-01 2.182617000000000029e+00 7.507319999999999549e-01 3.027343999999999813e+00 2.807617000000000029e+00
4.492189999999999794e-01 2.182617000000000029e+00 7.482910000000000394e-01 3.022460999999999842e+00 2.811278999999999861e+00
4.455569999999999808e-01 2.174071999999999782e+00 7.482910000000000394e-01 3.016357000000000177e+00 2.823485999999999940e+00
4.406740000000000101e-01 2.172851999999999784e+00 7.470700000000000118e-01 3.012694999999999901e+00 2.807617000000000029e+00
4.357909999999999839e-01 2.172851999999999784e+00 7.470700000000000118e-01 3.006591999999999931e+00 2.808838000000000168e+00
4.309080000000000132e-01 2.163085999999999842e+00 7.470700000000000118e-01 3.004150000000000098e+00 2.797851999999999784e+00
4.284669999999999868e-01 2.163085999999999842e+00 7.470700000000000118e-01 3.002930000000000099e+00 2.779541000000000039e+00
4.248049999999999882e-01 2.155762000000000178e+00 7.434079999999999577e-01 3.002930000000000099e+00 2.788085999999999842e+00
4.187009999999999899e-01 2.155762000000000178e+00 7.434079999999999577e-01 2.996825999999999990e+00 2.800292999999999921e+00
4.162600000000000189e-01 2.153319999999999901e+00 7.434079999999999577e-01 2.993164000000000158e+00 2.789306999999999981e+00
4.138180000000000192e-01 2.147216999999999931e+00 7.470700000000000118e-01 2.990723000000000020e+00 2.788085999999999842e+00
4.101560000000000206e-01 2.144775000000000098e+00 7.470700000000000118e-01 2.988281000000000187e+00 2.788085999999999842e+00
4.064940000000000220e-01 2.143555000000000099e+00 7.470700000000000118e-01 2.984618999999999911e+00 2.789306999999999981e+00
4.052729999999999944e-01 2.143555000000000099e+00 7.470700000000000118e-01 2.983398000000000216e+00 2.772216999999999931e+00
4.016109999999999958e-01 2.141112999999999822e+00 7.434079999999999577e-01 2.977294999999999803e+00 2.797851999999999784e+00
3.979489999999999972e-01 2.136229999999999851e+00 7.421879999999999589e-01 2.983398000000000216e+00 2.772216999999999931e+00
3.955080000000000262e-01 2.133789000000000158e+00 7.421879999999999589e-01 2.974854000000000109e+00 2.791748000000000118e+00
3.918460000000000276e-01 2.133789000000000158e+00 7.409670000000000423e-01 2.973632999999999971e+00 2.781982000000000177e+00
3.894039999999999724e-01 2.128906000000000187e+00 7.373049999999999882e-01 2.973632999999999971e+00 2.788085999999999842e+00
3.869630000000000014e-01 2.124023000000000216e+00 7.360839999999999606e-01 2.966308999999999862e+00 2.788085999999999842e+00
3.820799999999999752e-01 2.124023000000000216e+00 7.324220000000000175e-01 2.966308999999999862e+00 2.779541000000000039e+00
3.796390000000000042e-01 2.116699000000000108e+00 7.299799999999999622e-01 2.963867000000000029e+00 2.768555000000000099e+00
3.759770000000000056e-01 2.114257999999999971e+00 7.275390000000000468e-01 2.956542999999999921e+00 2.768555000000000099e+00
3.710939999999999794e-01 2.109375000000000000e+00 7.238769999999999927e-01 2.954101999999999784e+00 2.768555000000000099e+00
3.674319999999999808e-01 2.104492000000000029e+00 7.214359999999999662e-01 2.956542999999999921e+00 2.768555000000000099e+00
3.625490000000000101e-01 2.104492000000000029e+00 7.189940000000000220e-01 2.954101999999999784e+00 2.762450999999999990e+00
3.601070000000000104e-01 2.094726999999999784e+00 7.177729999999999944e-01 2.944335999999999842e+00 2.768555000000000099e+00
3.564450000000000118e-01 2.094726999999999784e+00 7.116700000000000248e-01 2.944335999999999842e+00 2.762450999999999990e+00
3.527830000000000132e-01 2.089843999999999813e+00 7.092289999999999983e-01 2.934569999999999901e+00 2.768555000000000099e+00
3.478999999999999870e-01 2.084960999999999842e+00 7.092289999999999983e-01 2.934569999999999901e+00 2.757568000000000019e+00
3.454590000000000161e-01 2.084960999999999842e+00 7.080079999999999707e-01 2.928466999999999931e+00 2.769775000000000098e+00
3.405759999999999899e-01 2.077637000000000178e+00 7.031250000000000000e-01 2.924805000000000099e+00 2.740479000000000109e+00
3.369139999999999913e-01 2.075194999999999901e+00 6.994629999999999459e-01 2.926025000000000098e+00 2.749023000000000216e+00
3.332519999999999927e-01 2.069091999999999931e+00 6.994629999999999459e-01 2.916259999999999852e+00 2.739257999999999971e+00
3.283690000000000220e-01 2.065430000000000099e+00 6.982420000000000293e-01 2.915039000000000158e+00 2.729492000000000029e+00
3.259279999999999955e-01 2.059325999999999990e+00 6.945799999999999752e-01 2.907715000000000050e+00 2.734375000000000000e+00
3.222659999999999969e-01 2.055664000000000158e+00 6.921389999999999487e-01 2.905273000000000216e+00 2.740479000000000109e+00
3.186039999999999983e-01 2.055664000000000158e+00 6.921389999999999487e-01 2.900390999999999941e+00 2.739257999999999971e+00
3.137210000000000276e-01 2.047118999999999911e+00 6.896970000000000045e-01 2.905273000000000216e+00 2.734375000000000000e+00
3.112789999999999724e-01 2.045898000000000216e+00 6.884770000000000056e-01 2.895507999999999971e+00 2.739257999999999971e+00
3.076169999999999738e-01 2.039794999999999803e+00 6.884770000000000056e-01 2.895507999999999971e+00 2.729492000000000029e+00
3.039549999999999752e-01 2.036132999999999971e+00 6.848140000000000338e-01 2.890625000000000000e+00 2.729492000000000029e+00
3.002929999999999766e-01 2.036132999999999971e+00 6.835940000000000349e-01 2.885742000000000029e+00 2.719726999999999784e+00
2.978520000000000056e-01 2.031250000000000000e+00 6.823730000000000073e-01 2.888183999999999862e+00 2.729492000000000029e+00
2.929689999999999794e-01 2.030028999999999861e+00 6.799319999999999808e-01 2.875976999999999784e+00 2.719726999999999784e+00
2.893069999999999808e-01 2.026367000000000029e+00 6.799319999999999808e-01 2.880859000000000059e+00 2.709960999999999842e+00
2.880860000000000087e-01 2.017821999999999782e+00 6.787109999999999532e-01 2.868651999999999980e+00 2.709960999999999842e+00
2.844240000000000101e-01 2.016601999999999784e+00 6.787109999999999532e-01 2.866210999999999842e+00 2.705077999999999872e+00
2.819820000000000104e-01 2.011718999999999813e+00 6.787109999999999532e-01 2.867431999999999981e+00 2.720946999999999782e+00
2.783200000000000118e-01 2.006835999999999842e+00 6.750490000000000101e-01 2.866210999999999842e+00 2.701416000000000039e+00
2.758789999999999853e-01 2.008056999999999981e+00 6.738279999999999825e-01 2.866210999999999842e+00 2.700194999999999901e+00
2.734380000000000144e-01 2.006835999999999842e+00 6.738279999999999825e-01 2.856444999999999901e+00 2.690430000000000099e+00
2.709960000000000147e-01 1.999511999999999956e+00 6.726069999999999549e-01 2.856444999999999901e+00 2.691650000000000098e+00
2.685549999999999882e-01 1.997069999999999901e+00 6.701660000000000394e-01 2.851563000000000070e+00 2.700194999999999901e+00
2.648929999999999896e-01 1.997069999999999901e+00 6.701660000000000394e-01 2.847900000000000098e+00 2.703857000000000177e+00
2.624509999999999899e-01 1.990966999999999931e+00 6.701660000000000394e-01 2.846680000000000099e+00 2.700194999999999901e+00
2.600100000000000189e-01 1.987305000000000099e+00 6.701660000000000394e-01 2.840575999999999990e+00 2.702637000000000178e+00
2.587889999999999913e-01 1.987305000000000099e+00 6.689450000000000118e-01 2.838134999999999852e+00 2.692870999999999793e+00
2.551269999999999927e-01 1.987305000000000099e+00 6.689450000000000118e-01 2.836914000000000158e+00 2.690430000000000099e+00
2.539060000000000206e-01 1.979980000000000073e+00 6.689450000000000118e-01 2.836914000000000158e+00 2.684325999999999990e+00
2.502440000000000220e-01 1.977538999999999936e+00 6.701660000000000394e-01 2.836914000000000158e+00 2.700194999999999901e+00
2.490229999999999944e-01 1.977538999999999936e+00 6.689450000000000118e-01 2.836914000000000158e+00 2.690430000000000099e+00
2.478029999999999955e-01 1.977538999999999936e+00 6.689450000000000118e-01 2.827148000000000216e+00 2.681884999999999852e+00
2.453609999999999958e-01 1.976318000000000019e+00 6.689450000000000118e-01 2.827148000000000216e+00 2.681884999999999852e+00
2.441409999999999969e-01 1.972655999999999965e+00 6.689450000000000118e-01 2.827148000000000216e+00 2.681884999999999852e+00
2.416989999999999972e-01 1.967772999999999994e+00 6.689450000000000118e-01 2.821044999999999803e+00 2.690430000000000099e+00
2.404789999999999983e-01 1.967772999999999994e+00 6.652829999999999577e-01 2.819824000000000108e+00 2.670898000000000216e+00
2.392579999999999985e-01 1.962890999999999941e+00 6.689450000000000118e-01 2.817382999999999971e+00 2.670898000000000216e+00
2.368159999999999987e-01 1.961670000000000025e+00 6.689450000000000118e-01 2.817382999999999971e+00 2.670898000000000216e+00
2.355959999999999999e-01 1.959229000000000109e+00 6.689450000000000118e-01 2.817382999999999971e+00 2.675781000000000187e+00
2.343750000000000000e-01 1.958007999999999971e+00 6.689450000000000118e-01 2.811278999999999861e+00 2.690430000000000099e+00
2.331540000000000001e-01 1.958007999999999971e+00 6.689450000000000118e-01 2.811278999999999861e+00 2.674561000000000188e+00
2.319340000000000013e-01 1.958007999999999971e+00 6.689450000000000118e-01 2.807617000000000029e+00 2.670898000000000216e+00
2.307130000000000014e-01 1.953125000000000000e+00 6.652829999999999577e-01 2.807617000000000029e+00 2.670898000000000216e+00
2.294920000000000015e-01 1.953125000000000000e+00 6.689450000000000118e-01 2.807617000000000029e+00 2.664794999999999803e+00
2.294920000000000015e-01 1.950684000000000085e+00 6.652829999999999577e-01 2.807617000000000029e+00 2.675781000000000187e+00
2.270510000000000028e-01 1.948242000000000029e+00 6.652829999999999577e-01 2.807617000000000029e+00 2.680664000000000158e+00
2.270510000000000028e-01 1.948242000000000029e+00 6.689450000000000118e-01 2.807617000000000029e+00 2.670898000000000216e+00
2.246090000000000031e-01 1.948242000000000029e+00 6.652829999999999577e-01 2.800292999999999921e+00 2.670898000000000216e+00
2.246090000000000031e-01 1.943359000000000059e+00 6.652829999999999577e-01 2.799071999999999782e+00 2.678223000000000020e+00
2.233890000000000042e-01 1.940917999999999921e+00 6.652829999999999577e-01 2.797851999999999784e+00 2.664794999999999803e+00
2.221680000000000044e-01 1.940917999999999921e+00 6.652829999999999577e-01 2.797851999999999784e+00 2.672118999999999911e+00
2.221680000000000044e-01 1.938477000000000006e+00 6.652829999999999577e-01 2.797851999999999784e+00 2.673340000000000050e+00
2.209470000000000045e-01 1.938477000000000006e+00 6.652829999999999577e-01 2.797851999999999784e+00 2.670898000000000216e+00
2.197270000000000056e-01 1.938477000000000006e+00 6.652829999999999577e-01 2.797851999999999784e+00 2.670898000000000216e+00
2.197270000000000056e-01 1.938477000000000006e+00 6.689450000000000118e-01 2.797851999999999784e+00 2.661132999999999971e+00
2.197270000000000056e-01 1.938477000000000006e+00 6.652829999999999577e-01 2.789306999999999981e+00 2.667235999999999940e+00
2.172850000000000059e-01 1.933594000000000035e+00 6.652829999999999577e-01 2.788085999999999842e+00 2.661132999999999971e+00
2.172850000000000059e-01 1.931151999999999980e+00 6.640629999999999589e-01 2.788085999999999842e+00 2.656250000000000000e+00
2.160640000000000061e-01 1.928711000000000064e+00 6.652829999999999577e-01 2.788085999999999842e+00 2.662354000000000109e+00
2.160640000000000061e-01 1.928711000000000064e+00 6.652829999999999577e-01 2.788085999999999842e+00 2.658691000000000138e+00
2.148440000000000072e-01 1.928711000000000064e+00 6.628420000000000423e-01 2.781982000000000177e+00 2.673340000000000050e+00
2.148440000000000072e-01 1.928711000000000064e+00 6.640629999999999589e-01 2.779541000000000039e+00 2.661132999999999971e+00
2.136230000000000073e-01 1.922606999999999955e+00 6.640629999999999589e-01 2.780762000000000178e+00 2.642821999999999782e+00
2.111820000000000086e-01 1.922606999999999955e+00 6.640629999999999589e-01 2.778319999999999901e+00 2.644042999999999921e+00
2.111820000000000086e-01 1.920166000000000039e+00 6.628420000000000423e-01 2.778319999999999901e+00 2.661132999999999971e+00
2.111820000000000086e-01 1.920166000000000039e+00 6.640629999999999589e-01 2.778319999999999901e+00 2.656250000000000000e+00
2.111820000000000086e-01 1.920166000000000039e+00 6.628420000000000423e-01 2.778319999999999901e+00 2.661132999999999971e+00
2.099610000000000087e-01 1.918944999999999901e+00 6.628420000000000423e-01 2.772216999999999931e+00 2.661132999999999971e+00
2.099610000000000087e-01 1.918944999999999901e+00 6.628420000000000423e-01 2.772216999999999931e+00 2.651367000000000029e+00
2.099610000000000087e-01 1.915283000000000069e+00 6.628420000000000423e-01 2.769775000000000098e+00 2.642821999999999782e+00
2.087400000000000089e-01 1.912841999999999931e+00 6.628420000000000423e-01 2.772216999999999931e+00 2.642821999999999782e+00
2.087400000000000089e-01 1.911621000000000015e+00 6.628420000000000423e-01 2.768555000000000099e+00 2.631835999999999842e+00
2.062990000000000101e-01 1.910400000000000098e+00 6.628420000000000423e-01 2.768555000000000099e+00 2.641601999999999784e+00
2.075200000000000100e-01 1.909180000000000099e+00 6.628420000000000423e-01 2.768555000000000099e+00 2.642821999999999782e+00
2.062990000000000101e-01 1.909180000000000099e+00 6.616210000000000147e-01 2.768555000000000099e+00 2.641601999999999784e+00
2.050780000000000103e-01 1.909180000000000099e+00 6.603999999999999870e-01 2.761229999999999851e+00 2.641601999999999784e+00
2.050780000000000103e-01 1.909180000000000099e+00 6.603999999999999870e-01 2.761229999999999851e+00 2.642821999999999782e+00
2.038570000000000104e-01 1.903075999999999990e+00 6.603999999999999870e-01 2.761229999999999851e+00 2.641601999999999784e+00
2.038570000000000104e-01 1.900635000000000074e+00 6.603999999999999870e-01 2.758789000000000158e+00 2.641601999999999784e+00
2.038570000000000104e-01 1.900635000000000074e+00 6.603999999999999870e-01 2.758789000000000158e+00 2.641601999999999784e+00
2.026370000000000116e-01 1.899413999999999936e+00 6.603999999999999870e-01 2.758789000000000158e+00 2.641601999999999784e+00
2.026370000000000116e-01 1.899413999999999936e+00 6.603999999999999870e-01 2.758789000000000158e+00 2.641601999999999784e+00
2.026370000000000116e-01 1.899413999999999936e+00 6.603999999999999870e-01 2.758789000000000158e+00 2.635498000000000118e+00
2.026370000000000116e-01 1.899413999999999936e+00 6.603999999999999870e-01 2.758789000000000158e+00 2.645264000000000060e+00
2.014160000000000117e-01 1.899413999999999936e+00 6.603999999999999870e-01 2.752686000000000188e+00 2.661132999999999971e+00
2.014160000000000117e-01 1.894530999999999965e+00 6.603999999999999870e-01 2.753906000000000187e+00 2.633056999999999981e+00
2.014160000000000117e-01 1.894530999999999965e+00 6.603999999999999870e-01 2.750243999999999911e+00 2.641601999999999784e+00
2.001950000000000118e-01 1.894530999999999965e+00 6.603999999999999870e-01 2.750243999999999911e+00 2.631835999999999842e+00
2.001950000000000118e-01 1.894530999999999965e+00 6.603999999999999870e-01 2.749023000000000216e+00 2.622069999999999901e+00
2.001950000000000118e-01 1.890868999999999911e+00 6.603999999999999870e-01 2.749023000000000216e+00 2.631835999999999842e+00
2.001950000000000118e-01 1.890868999999999911e+00 6.603999999999999870e-01 2.749023000000000216e+00 2.631835999999999842e+00
2.001950000000000118e-01 1.890868999999999911e+00 6.603999999999999870e-01 2.742919999999999803e+00 2.651367000000000029e+00
2.001950000000000118e-01 1.889647999999999994e+00 6.603999999999999870e-01 2.749023000000000216e+00 2.625732000000000177e+00
2.001950000000000118e-01 1.889647999999999994e+00 6.603999999999999870e-01 2.749023000000000216e+00 2.633056999999999981e+00
2.001950000000000118e-01 1.889647999999999994e+00 6.603999999999999870e-01 2.749023000000000216e+00 2.631835999999999842e+00
2.001950000000000118e-01 1.889647999999999994e+00 6.603999999999999870e-01 2.740479000000000109e+00 2.636718999999999813e+00
2.001950000000000118e-01 1.884765999999999941e+00 6.603999999999999870e-01 2.741699000000000108e+00 2.625732000000000177e+00
2.001950000000000118e-01 1.883545000000000025e+00 6.603999999999999870e-01 2.741699000000000108e+00 2.641601999999999784e+00
2.001950000000000118e-01 1.881104000000000109e+00 6.616210000000000147e-01 2.739257999999999971e+00 2.624512000000000178e+00
2.001950000000000118e-01 1.882324000000000108e+00 6.628420000000000423e-01 2.739257999999999971e+00 2.641601999999999784e+00
2.001950000000000118e-01 1.882324000000000108e+00 6.603999999999999870e-01 2.739257999999999971e+00 2.634276999999999980e+00
2.001950000000000118e-01 1.882324000000000108e+00 6.616210000000000147e-01 2.739257999999999971e+00 2.633056999999999981e+00
2.001950000000000118e-01 1.879882999999999971e+00 6.628420000000000423e-01 2.736816000000000138e+00 2.634276999999999980e+00
2.001950000000000118e-01 1.879882999999999971e+00 6.628420000000000423e-01 2.739257999999999971e+00 2.636718999999999813e+00
2.001950000000000118e-01 1.879882999999999971e+00 6.628420000000000423e-01 2.739257999999999971e+00 2.641601999999999784e+00
2.001950000000000118e-01 1.879882999999999971e+00 6.616210000000000147e-01 2.739257999999999971e+00 2.631835999999999842e+00
2.001950000000000118e-01 1.873779000000000083e+00 6.628420000000000423e-01 2.739257999999999971e+00 2.625732000000000177e+00
2.001950000000000118e-01 1.879882999999999971e+00 6.616210000000000147e-01 2.731933999999999862e+00 2.633056999999999981e+00
2.001950000000000118e-01 1.879882999999999971e+00 6.628420000000000423e-01 2.739257999999999971e+00 2.623291000000000039e+00
2.001950000000000118e-01 1.879882999999999971e+00 6.628420000000000423e-01 2.734375000000000000e+00 2.622069999999999901e+00
2.001950000000000118e-01 1.875000000000000000e+00 6.628420000000000423e-01 2.731933999999999862e+00 2.624512000000000178e+00
2.001950000000000118e-01 1.873779000000000083e+00 6.628420000000000423e-01 2.730713000000000168e+00 2.640381000000000089e+00
2.001950000000000118e-01 1.875000000000000000e+00 6.616210000000000147e-01 2.729492000000000029e+00 2.622069999999999901e+00
2.001950000000000118e-01 1.871337999999999946e+00 6.616210000000000147e-01 2.729492000000000029e+00 2.622069999999999901e+00
2.001950000000000118e-01 1.871337999999999946e+00 6.603999999999999870e-01 2.729492000000000029e+00 2.613525000000000098e+00
2.001950000000000118e-01 1.872559000000000085e+00 6.616210000000000147e-01 2.729492000000000029e+00 2.613525000000000098e+00
2.001950000000000118e-01 1.870117000000000029e+00 6.616210000000000147e-01 2.729492000000000029e+00 2.612305000000000099e+00
2.001950000000000118e-01 1.871337999999999946e+00 6.616210000000000147e-01 2.729492000000000029e+00 2.613525000000000098e+00
2.001950000000000118e-01 1.871337999999999946e+00 6.628420000000000423e-01 2.734375000000000000e+00 2.614745999999999793e+00
2.001950000000000118e-01 1.871337999999999946e+00 6.628420000000000423e-01 2.730713000000000168e+00 2.633056999999999981e+00
2.001950000000000118e-01 1.870117000000000029e+00 6.628420000000000423e-01 2.729492000000000029e+00 2.612305000000000099e+00
2.001950000000000118e-01 1.870117000000000029e+00 6.628420000000000423e-01 2.729492000000000029e+00 2.615966999999999931e+00
2.001950000000000118e-01 1.870117000000000029e+00 6.628420000000000423e-01 2.723389000000000060e+00 2.631835999999999842e+00
2.001950000000000118e-01 1.870117000000000029e+00 6.628420000000000423e-01 2.722167999999999921e+00 2.612305000000000099e+00
2.001950000000000118e-01 1.864014000000000060e+00 6.628420000000000423e-01 2.723389000000000060e+00 2.614745999999999793e+00
2.001950000000000118e-01 1.870117000000000029e+00 6.628420000000000423e-01 2.722167999999999921e+00 2.612305000000000099e+00
2.001950000000000118e-01 1.864014000000000060e+00 6.616210000000000147e-01 2.722167999999999921e+00 2.612305000000000099e+00
2.001950000000000118e-01 1.865234000000000059e+00 6.628420000000000423e-01 2.722167999999999921e+00 2.612305000000000099e+00
2.001950000000000118e-01 1.864014000000000060e+00 6.628420000000000423e-01 2.720946999999999782e+00 2.613525000000000098e+00
2.001950000000000118e-01 1.862792999999999921e+00 6.628420000000000423e-01 2.720946999999999782e+00 2.606200999999999990e+00
2.001950000000000118e-01 1.861572000000000005e+00 6.628420000000000423e-01 2.719726999999999784e+00 2.612305000000000099e+00
2.001950000000000118e-01 1.864014000000000060e+00 6.628420000000000423e-01 2.719726999999999784e+00 2.612305000000000099e+00
2.001950000000000118e-01 1.860352000000000006e+00 6.616210000000000147e-01 2.719726999999999784e+00 2.604979999999999851e+00
2.001950000000000118e-01 1.862792999999999921e+00 6.616210000000000147e-01 2.719726999999999784e+00 2.613525000000000098e+00
2.001950000000000118e-01 1.860352000000000006e+00 6.616210000000000147e-01 2.719726999999999784e+00 2.606200999999999990e+00
2.001950000000000118e-01 1.860352000000000006e+00 6.616210000000000147e-01 2.720946999999999782e+00 2.615966999999999931e+00
2.001950000000000118e-01 1.864014000000000060e+00 6.603999999999999870e-01 2.719726999999999784e+00 2.612305000000000099e+00
2.001950000000000118e-01 1.860352000000000006e+00 6.603999999999999870e-01 2.720946999999999782e+00 2.613525000000000098e+00
2.001950000000000118e-01 1.860352000000000006e+00 6.603999999999999870e-01 2.714843999999999813e+00 2.602539000000000158e+00
2.001950000000000118e-01 1.860352000000000006e+00 6.603999999999999870e-01 2.714843999999999813e+00 2.602539000000000158e+00
2.001950000000000118e-01 1.860352000000000006e+00 6.603999999999999870e-01 2.712401999999999980e+00 2.606200999999999990e+00
2.001950000000000118e-01 1.860352000000000006e+00 6.603999999999999870e-01 2.711181999999999981e+00 2.622069999999999901e+00
1.989750000000000130e-01 1.860352000000000006e+00 6.603999999999999870e-01 2.711181999999999981e+00 2.602539000000000158e+00
1.989750000000000130e-01 1.861572000000000005e+00 6.603999999999999870e-01 2.709960999999999842e+00 2.592773000000000216e+00
1.989750000000000130e-01 1.855469000000000035e+00 6.603999999999999870e-01 2.709960999999999842e+00 2.597656000000000187e+00
2.001950000000000118e-01 1.855469000000000035e+00 6.603999999999999870e-01 2.709960999999999842e+00 2.613525000000000098e+00
1.989750000000000130e-01 1.860352000000000006e+00 6.603999999999999870e-01 2.709960999999999842e+00 2.606200999999999990e+00
2.001950000000000118e-01 1.854247999999999896e+00 6.591799999999999882e-01 2.709960999999999842e+00 2.612305000000000099e+00
1.989750000000000130e-01 1.851806999999999981e+00 6.603999999999999870e-01 2.709960999999999842e+00 2.603759999999999852e+00
1.977540000000000131e-01 1.851806999999999981e+00 6.591799999999999882e-01 2.709960999999999842e+00 2.602539000000000158e+00
1.977540000000000131e-01 1.851806999999999981e+00 6.591799999999999882e-01 2.709960999999999842e+00 2.596436000000000188e+00
1.977540000000000131e-01 1.850586000000000064e+00 6.591799999999999882e-01 2.709960999999999842e+00 2.607422000000000128e+00
