2.648929999999999896e-01 1.461181999999999981e+00 5.761720000000000175e-01 2.310791000000000039e+00 2.319335999999999842e+00
2.648929999999999896e-01 1.464844000000000035e+00 5.749509999999999899e-01 2.310791000000000039e+00 2.313232000000000177e+00
2.636720000000000175e-01 1.461181999999999981e+00 5.761720000000000175e-01 2.310791000000000039e+00 2.319335999999999842e+00
2.648929999999999896e-01 1.461181999999999981e+00 5.749509999999999899e-01 2.313232000000000177e+00 2.319335999999999842e+00
2.648929999999999896e-01 1.461181999999999981e+00 5.749509999999999899e-01 2.310791000000000039e+00 2.310791000000000039e+00
2.648929999999999896e-01 1.464844000000000035e+00 5.761720000000000175e-01 2.313232000000000177e+00 2.309569999999999901e+00
2.648929999999999896e-01 1.469727000000000006e+00 5.810549999999999882e-01 2.313232000000000177e+00 2.303466999999999931e+00
2.709960000000000147e-01 1.473389000000000060e+00 5.920410000000000394e-01 2.320556999999999981e+00 2.320556999999999981e+00
2.795409999999999839e-01 1.489257999999999971e+00 6.115720000000000045e-01 2.330321999999999782e+00 2.322998000000000118e+00
2.905269999999999797e-01 1.503905999999999965e+00 6.359860000000000513e-01 2.348632999999999971e+00 2.343750000000000000e+00
3.051760000000000028e-01 1.528319999999999901e+00 6.603999999999999870e-01 2.371825999999999990e+00 2.369384999999999852e+00
3.210450000000000248e-01 1.551514000000000060e+00 6.750490000000000101e-01 2.397460999999999842e+00 2.369384999999999852e+00
3.369139999999999913e-01 1.577147999999999994e+00 6.933589999999999476e-01 2.426757999999999971e+00 2.387694999999999901e+00
3.540039999999999853e-01 1.606444999999999901e+00 7.080079999999999707e-01 2.448729999999999851e+00 2.401123000000000118e+00
3.710939999999999794e-01 1.627197000000000005e+00 7.189940000000000220e-01 2.475585999999999842e+00 2.436523000000000216e+00
3.881839999999999735e-01 1.649170000000000025e+00 7.324220000000000175e-01 2.506104000000000109e+00 2.436523000000000216e+00
4.064940000000000220e-01 1.674805000000000099e+00 7.470700000000000118e-01 2.534180000000000099e+00 2.446289000000000158e+00
4.260249999999999870e-01 1.699219000000000035e+00 7.604980000000000073e-01 2.557373000000000118e+00 2.469482000000000177e+00
4.260249999999999870e-01 1.699219000000000035e+00 7.604980000000000073e-01 2.557373000000000118e+00 2.469482000000000177e+00
4.443360000000000087e-01 1.723632999999999971e+00 7.727049999999999752e-01 2.583007999999999971e+00 2.485351999999999784e+00
4.638669999999999738e-01 1.744385000000000074e+00 7.861329999999999707e-01 2.612305000000000099e+00 2.498778999999999861e+00
4.797359999999999958e-01 1.762694999999999901e+00 7.971190000000000220e-01 2.633056999999999981e+00 2.528075999999999990e+00
4.980470000000000175e-01 1.782227000000000006e+00 8.068849999999999634e-01 2.661132999999999971e+00 2.543944999999999901e+00
5.139160000000000394e-01 1.801757999999999971e+00 8.190920000000000423e-01 2.680664000000000158e+00 2.563476999999999784e+00
5.322270000000000056e-01 1.823730000000000073e+00 8.264160000000000394e-01 2.702637000000000178e+00 2.573242000000000029e+00
5.468750000000000000e-01 1.840819999999999901e+00 8.361819999999999808e-01 2.722167999999999921e+00 2.586669999999999803e+00
5.615229999999999944e-01 1.851806999999999981e+00 8.410640000000000338e-01 2.740479000000000109e+00 2.606200999999999990e+00
5.712890000000000468e-01 1.865234000000000059e+00 8.447270000000000056e-01 2.758789000000000158e+00 2.611083999999999961e+00
5.810549999999999882e-01 1.879882999999999971e+00 8.447270000000000056e-01 2.769775000000000098e+00 2.631835999999999842e+00
5.908200000000000118e-01 1.889647999999999994e+00 8.447270000000000056e-01 2.788085999999999842e+00 2.622069999999999901e+00
6.005859999999999532e-01 1.899413999999999936e+00 8.447270000000000056e-01 2.797851999999999784e+00 2.624512000000000178e+00
6.054690000000000349e-01 1.909180000000000099e+00 8.459470000000000045e-01 2.801514000000000060e+00 2.651367000000000029e+00
6.115720000000000045e-01 1.918944999999999901e+00 8.459470000000000045e-01 2.808838000000000168e+00 2.641601999999999784e+00
6.201170000000000293e-01 1.922606999999999955e+00 8.508299999999999752e-01 2.819824000000000108e+00 2.633056999999999981e+00
6.262210000000000276e-01 1.932372999999999896e+00 8.557129999999999459e-01 2.828368999999999911e+00 2.651367000000000029e+00
6.347660000000000524e-01 1.943359000000000059e+00 8.593750000000000000e-01 2.846680000000000099e+00 2.651367000000000029e+00
6.408690000000000220e-01 1.953125000000000000e+00 8.605960000000000276e-01 2.850341999999999931e+00 2.661132999999999971e+00
6.494140000000000468e-01 1.959229000000000109e+00 8.605960000000000276e-01 2.860107000000000177e+00 2.657471000000000139e+00
6.518549999999999622e-01 1.967772999999999994e+00 8.605960000000000276e-01 2.867431999999999981e+00 2.670898000000000216e+00
6.555180000000000451e-01 1.968993999999999911e+00 8.581539999999999724e-01 2.875976999999999784e+00 2.670898000000000216e+00
6.603999999999999870e-01 1.977538999999999936e+00 8.593750000000000000e-01 2.877196999999999782e+00 2.680664000000000158e+00
6.652829999999999577e-01 1.987305000000000099e+00 8.642579999999999707e-01 2.885742000000000029e+00 2.675781000000000187e+00
6.726069999999999549e-01 1.992188000000000070e+00 8.691410000000000524e-01 2.895507999999999971e+00 2.700194999999999901e+00
6.823730000000000073e-01 2.006835999999999842e+00 8.837890000000000468e-01 2.905273000000000216e+00 2.701416000000000039e+00
6.945799999999999752e-01 2.026367000000000029e+00 8.959960000000000147e-01 2.924805000000000099e+00 2.711181999999999981e+00
7.080079999999999707e-01 2.036132999999999971e+00 9.130859999999999532e-01 2.938232000000000177e+00 2.719726999999999784e+00
7.189940000000000220e-01 2.052001999999999882e+00 9.228520000000000056e-01 2.954101999999999784e+00 2.719726999999999784e+00
7.312009999999999899e-01 2.065430000000000099e+00 9.289549999999999752e-01 2.973632999999999971e+00 2.739257999999999971e+00
7.421879999999999589e-01 2.078857000000000177e+00 9.326170000000000293e-01 2.983398000000000216e+00 2.749023000000000216e+00
7.482910000000000394e-01 2.089843999999999813e+00 9.362789999999999724e-01 2.994384999999999852e+00 2.758789000000000158e+00
7.568359999999999532e-01 2.094726999999999784e+00 9.338379999999999459e-01 3.002930000000000099e+00 2.752686000000000188e+00
7.580569999999999808e-01 2.105713000000000168e+00 9.326170000000000293e-01 3.006591999999999931e+00 2.778319999999999901e+00
7.617190000000000349e-01 2.105713000000000168e+00 9.228520000000000056e-01 3.012694999999999901e+00 2.763672000000000128e+00
7.629390000000000338e-01 2.109375000000000000e+00 9.179690000000000349e-01 3.012694999999999901e+00 2.780762000000000178e+00
7.617190000000000349e-01 2.109375000000000000e+00 9.130859999999999532e-01 3.012694999999999901e+00 2.789306999999999981e+00
7.604980000000000073e-01 2.109375000000000000e+00 8.996579999999999577e-01 3.012694999999999901e+00 2.783202999999999872e+00
7.568359999999999532e-01 2.105713000000000168e+00 8.935549999999999882e-01 3.012694999999999901e+00 2.789306999999999981e+00
7.519529999999999825e-01 2.104492000000000029e+00 8.801269999999999927e-01 3.012694999999999901e+00 2.779541000000000039e+00
7.470700000000000118e-01 2.099609000000000059e+00 8.691410000000000524e-01 3.004150000000000098e+00 2.772216999999999931e+00
7.409670000000000423e-01 2.104492000000000029e+00 8.581539999999999724e-01 3.002930000000000099e+00 2.778319999999999901e+00
7.373049999999999882e-01 2.094726999999999784e+00 8.471680000000000321e-01 2.993164000000000158e+00 2.768555000000000099e+00
7.275390000000000468e-01 2.084960999999999842e+00 8.386230000000000073e-01 2.993164000000000158e+00 2.768555000000000099e+00
7.214359999999999662e-01 2.076416000000000039e+00 8.300779999999999825e-01 2.983398000000000216e+00 2.758789000000000158e+00
7.177729999999999944e-01 2.077637000000000178e+00 8.251950000000000118e-01 2.974854000000000109e+00 2.758789000000000158e+00
7.104489999999999972e-01 2.069091999999999931e+00 8.251950000000000118e-01 2.973632999999999971e+00 2.742919999999999803e+00
7.080079999999999707e-01 2.070313000000000070e+00 8.215329999999999577e-01 2.976074000000000108e+00 2.758789000000000158e+00
7.031250000000000000e-01 2.066650000000000098e+00 8.251950000000000118e-01 2.968750000000000000e+00 2.749023000000000216e+00
7.031250000000000000e-01 2.075194999999999901e+00 8.288569999999999549e-01 2.965088000000000168e+00 2.750243999999999911e+00
7.031250000000000000e-01 2.075194999999999901e+00 8.361819999999999808e-01 2.972411999999999832e+00 2.741699000000000108e+00
7.031250000000000000e-01 2.077637000000000178e+00 8.459470000000000045e-01 2.973632999999999971e+00 2.753906000000000187e+00
7.043460000000000276e-01 2.084960999999999842e+00 8.557129999999999459e-01 2.973632999999999971e+00 2.768555000000000099e+00
7.080079999999999707e-01 2.089843999999999813e+00 8.642579999999999707e-01 2.977294999999999803e+00 2.761229999999999851e+00
7.092289999999999983e-01 2.094726999999999784e+00 8.642579999999999707e-01 2.983398000000000216e+00 2.758789000000000158e+00
7.092289999999999983e-01 2.094726999999999784e+00 8.642579999999999707e-01 2.983398000000000216e+00 2.758789000000000158e+00
7.116700000000000248e-01 2.095946999999999782e+00 8.642579999999999707e-01 2.984618999999999911e+00 2.760009999999999852e+00
7.116700000000000248e-01 2.095946999999999782e+00 8.593750000000000000e-01 2.983398000000000216e+00 2.751465000000000050e+00
7.116700000000000248e-01 2.095946999999999782e+00 8.593750000000000000e-01 2.988281000000000187e+00 2.768555000000000099e+00
7.116700000000000248e-01 2.098389000000000060e+00 8.593750000000000000e-01 2.993164000000000158e+00 2.768555000000000099e+00
7.116700000000000248e-01 2.099609000000000059e+00 8.593750000000000000e-01 2.987061000000000188e+00 2.768555000000000099e+00
7.116700000000000248e-01 2.100830000000000197e+00 8.593750000000000000e-01 2.993164000000000158e+00 2.752686000000000188e+00
7.116700000000000248e-01 2.104492000000000029e+00 8.593750000000000000e-01 2.993164000000000158e+00 2.769775000000000098e+00
7.116700000000000248e-01 2.103270999999999891e+00 8.581539999999999724e-01 2.995604999999999851e+00 2.770995999999999793e+00
7.116700000000000248e-01 2.104492000000000029e+00 8.569339999999999735e-01 2.993164000000000158e+00 2.778319999999999901e+00
7.092289999999999983e-01 2.109375000000000000e+00 8.544920000000000293e-01 2.991943000000000019e+00 2.770995999999999793e+00
7.080079999999999707e-01 2.098389000000000060e+00 8.471680000000000321e-01 2.993164000000000158e+00 2.773438000000000070e+00
7.080079999999999707e-01 2.098389000000000060e+00 8.447270000000000056e-01 2.987061000000000188e+00 2.778319999999999901e+00
7.043460000000000276e-01 2.097167999999999921e+00 8.447270000000000056e-01 2.993164000000000158e+00 2.758789000000000158e+00
7.043460000000000276e-01 2.098389000000000060e+00 8.459470000000000045e-01 2.993164000000000158e+00 2.768555000000000099e+00
7.080079999999999707e-01 2.104492000000000029e+00 8.544920000000000293e-01 3.002930000000000099e+00 2.768555000000000099e+00
7.080079999999999707e-01 2.114257999999999971e+00 8.605960000000000276e-01 2.994384999999999852e+00 2.772216999999999931e+00
7.104489999999999972e-01 2.114257999999999971e+00 8.666989999999999972e-01 3.002930000000000099e+00 2.769775000000000098e+00
7.141110000000000513e-01 2.114257999999999971e+00 8.740229999999999944e-01 3.002930000000000099e+00 2.769775000000000098e+00
7.177729999999999944e-01 2.117919999999999803e+00 8.752440000000000220e-01 3.004150000000000098e+00 2.779541000000000039e+00
7.189940000000000220e-01 2.119140999999999941e+00 8.752440000000000220e-01 3.012694999999999901e+00 2.772216999999999931e+00
7.226559999999999651e-01 2.124023000000000216e+00 8.752440000000000220e-01 3.012694999999999901e+00 2.792968999999999813e+00
7.214359999999999662e-01 2.124023000000000216e+00 8.752440000000000220e-01 3.015137000000000178e+00 2.801514000000000060e+00
7.226559999999999651e-01 2.124023000000000216e+00 8.703610000000000513e-01 3.016357000000000177e+00 2.807617000000000029e+00
7.189940000000000220e-01 2.124023000000000216e+00 8.691410000000000524e-01 3.016357000000000177e+00 2.788085999999999842e+00
7.189940000000000220e-01 2.124023000000000216e+00 8.642579999999999707e-01 3.016357000000000177e+00 2.778319999999999901e+00
7.177729999999999944e-01 2.124023000000000216e+00 8.593750000000000000e-01 3.016357000000000177e+00 2.768555000000000099e+00
7.177729999999999944e-01 2.124023000000000216e+00 8.581539999999999724e-01 3.013916000000000039e+00 2.768555000000000099e+00
7.141110000000000513e-01 2.124023000000000216e+00 8.569339999999999735e-01 3.015137000000000178e+00 2.768555000000000099e+00
7.128910000000000524e-01 2.124023000000000216e+00 8.557129999999999459e-01 3.013916000000000039e+00 2.778319999999999901e+00
7.116700000000000248e-01 2.124023000000000216e+00 8.544920000000000293e-01 3.016357000000000177e+00 2.770995999999999793e+00
7.092289999999999983e-01 2.124023000000000216e+00 8.544920000000000293e-01 3.013916000000000039e+00 2.779541000000000039e+00
7.092289999999999983e-01 2.124023000000000216e+00 8.557129999999999459e-01 3.016357000000000177e+00 2.778319999999999901e+00
7.104489999999999972e-01 2.119140999999999941e+00 8.557129999999999459e-01 3.016357000000000177e+00 2.773438000000000070e+00
7.092289999999999983e-01 2.124023000000000216e+00 8.593750000000000000e-01 3.016357000000000177e+00 2.779541000000000039e+00
7.104489999999999972e-01 2.124023000000000216e+00 8.605960000000000276e-01 3.022460999999999842e+00 2.774658000000000069e+00
7.092289999999999983e-01 2.124023000000000216e+00 8.642579999999999707e-01 3.022460999999999842e+00 2.797851999999999784e+00
7.092289999999999983e-01 2.124023000000000216e+00 8.593750000000000000e-01 3.022460999999999842e+00 2.790526999999999980e+00
7.080079999999999707e-01 2.124023000000000216e+00 8.557129999999999459e-01 3.023681999999999981e+00 2.807617000000000029e+00
7.080079999999999707e-01 2.124023000000000216e+00 8.544920000000000293e-01 3.022460999999999842e+00 2.788085999999999842e+00
7.043460000000000276e-01 2.124023000000000216e+00 8.483889999999999487e-01 3.022460999999999842e+00 2.788085999999999842e+00
7.031250000000000000e-01 2.124023000000000216e+00 8.410640000000000338e-01 3.016357000000000177e+00 2.790526999999999980e+00
6.982420000000000293e-01 2.115479000000000109e+00 8.349609999999999532e-01 3.012694999999999901e+00 2.788085999999999842e+00
6.945799999999999752e-01 2.114257999999999971e+00 8.264160000000000394e-01 3.012694999999999901e+00 2.781982000000000177e+00
6.884770000000000056e-01 2.104492000000000029e+00 8.154299999999999882e-01 3.002930000000000099e+00 2.797851999999999784e+00
6.823730000000000073e-01 2.097167999999999921e+00 8.068849999999999634e-01 3.002930000000000099e+00 2.791748000000000118e+00
6.787109999999999532e-01 2.094726999999999784e+00 8.020019999999999927e-01 2.993164000000000158e+00 2.792968999999999813e+00
6.713869999999999560e-01 2.088623000000000118e+00 7.971190000000000220e-01 2.985840000000000050e+00 2.797851999999999784e+00
6.689450000000000118e-01 2.084960999999999842e+00 7.910160000000000524e-01 2.977294999999999803e+00 2.780762000000000178e+00
6.603999999999999870e-01 2.077637000000000178e+00 7.873539999999999983e-01 2.974854000000000109e+00 2.772216999999999931e+00
6.555180000000000451e-01 2.075194999999999901e+00 7.812500000000000000e-01 2.973632999999999971e+00 2.762450999999999990e+00
6.506349999999999634e-01 2.075194999999999901e+00 7.763670000000000293e-01 2.968750000000000000e+00 2.768555000000000099e+00
6.457519999999999927e-01 2.065430000000000099e+00 7.714839999999999476e-01 2.963867000000000029e+00 2.768555000000000099e+00
6.408690000000000220e-01 2.065430000000000099e+00 7.678220000000000045e-01 2.955321999999999782e+00 2.762450999999999990e+00
6.359860000000000513e-01 2.055664000000000158e+00 7.629390000000000338e-01 2.954101999999999784e+00 2.758789000000000158e+00
6.311039999999999983e-01 2.050781000000000187e+00 7.604980000000000073e-01 2.954101999999999784e+00 2.750243999999999911e+00
6.262210000000000276e-01 2.047118999999999911e+00 7.580569999999999808e-01 2.944335999999999842e+00 2.749023000000000216e+00
6.213379999999999459e-01 2.045898000000000216e+00 7.568359999999999532e-01 2.939452999999999872e+00 2.740479000000000109e+00
6.201170000000000293e-01 2.045898000000000216e+00 7.531740000000000101e-01 2.934569999999999901e+00 2.741699000000000108e+00
6.140139999999999487e-01 2.036132999999999971e+00 7.482910000000000394e-01 2.928466999999999931e+00 2.758789000000000158e+00
6.103520000000000056e-01 2.031250000000000000e+00 7.470700000000000118e-01 2.926025000000000098e+00 2.729492000000000029e+00
6.054690000000000349e-01 2.026367000000000029e+00 7.470700000000000118e-01 2.924805000000000099e+00 2.719726999999999784e+00
6.018069999999999808e-01 2.026367000000000029e+00 7.470700000000000118e-01 2.918700999999999990e+00 2.729492000000000029e+00
6.005859999999999532e-01 2.031250000000000000e+00 7.519529999999999825e-01 2.918700999999999990e+00 2.719726999999999784e+00
6.018069999999999808e-01 2.036132999999999971e+00 7.666020000000000056e-01 2.924805000000000099e+00 2.711181999999999981e+00
6.103520000000000056e-01 2.049561000000000188e+00 7.873539999999999983e-01 2.928466999999999931e+00 2.729492000000000029e+00
6.213379999999999459e-01 2.066650000000000098e+00 8.117680000000000451e-01 2.944335999999999842e+00 2.723389000000000060e+00
6.347660000000000524e-01 2.084960999999999842e+00 8.349609999999999532e-01 2.963867000000000029e+00 2.758789000000000158e+00
6.494140000000000468e-01 2.104492000000000029e+00 8.544920000000000293e-01 2.977294999999999803e+00 2.768555000000000099e+00
6.603999999999999870e-01 2.124023000000000216e+00 8.679200000000000248e-01 2.993164000000000158e+00 2.760009999999999852e+00
6.701660000000000394e-01 2.133789000000000158e+00 8.776859999999999662e-01 3.004150000000000098e+00 2.778319999999999901e+00
6.799319999999999808e-01 2.143555000000000099e+00 8.837890000000000468e-01 3.022460999999999842e+00 2.772216999999999931e+00
6.884770000000000056e-01 2.155762000000000178e+00 8.850099999999999634e-01 3.023681999999999981e+00 2.807617000000000029e+00
6.945799999999999752e-01 2.163085999999999842e+00 8.874509999999999899e-01 3.032226999999999784e+00 2.797851999999999784e+00
6.982420000000000293e-01 2.172851999999999784e+00 8.886720000000000175e-01 3.041992000000000029e+00 2.799071999999999782e+00
7.031250000000000000e-01 2.172851999999999784e+00 8.874509999999999899e-01 3.043213000000000168e+00 2.819824000000000108e+00
7.080079999999999707e-01 2.176514000000000060e+00 8.850099999999999634e-01 3.051757999999999971e+00 2.817382999999999971e+00
7.092289999999999983e-01 2.182617000000000029e+00 8.837890000000000468e-01 3.051757999999999971e+00 2.811278999999999861e+00
7.128910000000000524e-01 2.182617000000000029e+00 8.837890000000000468e-01 3.061523000000000216e+00 2.827148000000000216e+00
7.116700000000000248e-01 2.182617000000000029e+00 8.801269999999999927e-01 3.055419999999999803e+00 2.828368999999999911e+00
7.141110000000000513e-01 2.182617000000000029e+00 8.752440000000000220e-01 3.061523000000000216e+00 2.817382999999999971e+00
7.141110000000000513e-01 2.182617000000000029e+00 8.740229999999999944e-01 3.061523000000000216e+00 2.818604000000000109e+00
7.128910000000000524e-01 2.182617000000000029e+00 8.740229999999999944e-01 3.061523000000000216e+00 2.817382999999999971e+00
7.128910000000000524e-01 2.182617000000000029e+00 8.691410000000000524e-01 3.061523000000000216e+00 2.817382999999999971e+00
7.116700000000000248e-01 2.182617000000000029e+00 8.654789999999999983e-01 3.061523000000000216e+00 2.819824000000000108e+00
7.092289999999999983e-01 2.176514000000000060e+00 8.605960000000000276e-01 3.052979000000000109e+00 2.839354999999999851e+00
7.080079999999999707e-01 2.174071999999999782e+00 8.593750000000000000e-01 3.054199000000000108e+00 2.827148000000000216e+00
7.080079999999999707e-01 2.172851999999999784e+00 8.544920000000000293e-01 3.051757999999999971e+00 2.818604000000000109e+00
7.043460000000000276e-01 2.172851999999999784e+00 8.544920000000000293e-01 3.051757999999999971e+00 2.818604000000000109e+00
7.043460000000000276e-01 2.175292999999999921e+00 8.544920000000000293e-01 3.051757999999999971e+00 2.817382999999999971e+00
7.043460000000000276e-01 2.175292999999999921e+00 8.581539999999999724e-01 3.051757999999999971e+00 2.819824000000000108e+00
7.080079999999999707e-01 2.182617000000000029e+00 8.642579999999999707e-01 3.052979000000000109e+00 2.836914000000000158e+00
7.080079999999999707e-01 2.185058999999999862e+00 8.703610000000000513e-01 3.054199000000000108e+00 2.818604000000000109e+00
7.092289999999999983e-01 2.192382999999999971e+00 8.740229999999999944e-01 3.061523000000000216e+00 2.821044999999999803e+00
7.128910000000000524e-01 2.192382999999999971e+00 8.740229999999999944e-01 3.061523000000000216e+00 2.836914000000000158e+00
7.141110000000000513e-01 2.192382999999999971e+00 8.703610000000000513e-01 3.063965000000000050e+00 2.836914000000000158e+00
7.128910000000000524e-01 2.192382999999999971e+00 8.654789999999999983e-01 3.061523000000000216e+00 2.827148000000000216e+00
7.092289999999999983e-01 2.192382999999999971e+00 8.642579999999999707e-01 3.061523000000000216e+00 2.827148000000000216e+00
7.080079999999999707e-01 2.183838000000000168e+00 8.557129999999999459e-01 3.054199000000000108e+00 2.827148000000000216e+00
7.043460000000000276e-01 2.185058999999999862e+00 8.544920000000000293e-01 3.052979000000000109e+00 2.827148000000000216e+00
7.031250000000000000e-01 2.182617000000000029e+00 8.483889999999999487e-01 3.051757999999999971e+00 2.810058999999999862e+00
7.006839999999999735e-01 2.176514000000000060e+00 8.459470000000000045e-01 3.051757999999999971e+00 2.827148000000000216e+00
6.982420000000000293e-01 2.175292999999999921e+00 8.447270000000000056e-01 3.051757999999999971e+00 2.821044999999999803e+00
6.982420000000000293e-01 2.172851999999999784e+00 8.398440000000000349e-01 3.051757999999999971e+00 2.827148000000000216e+00
6.921389999999999487e-01 2.167968999999999813e+00 8.361819999999999808e-01 3.041992000000000029e+00 2.821044999999999803e+00
6.884770000000000056e-01 2.163085999999999842e+00 8.349609999999999532e-01 3.035889000000000060e+00 2.836914000000000158e+00
6.848140000000000338e-01 2.158202999999999872e+00 8.264160000000000394e-01 3.035889000000000060e+00 2.817382999999999971e+00
6.799319999999999808e-01 2.153319999999999901e+00 8.203129999999999589e-01 3.032226999999999784e+00 2.797851999999999784e+00
6.787109999999999532e-01 2.147216999999999931e+00 8.154299999999999882e-01 3.032226999999999784e+00 2.797851999999999784e+00
6.701660000000000394e-01 2.143555000000000099e+00 8.056640000000000468e-01 3.024901999999999980e+00 2.807617000000000029e+00
6.652829999999999577e-01 2.135009999999999852e+00 8.007809999999999651e-01 3.022460999999999842e+00 2.797851999999999784e+00
6.616210000000000147e-01 2.133789000000000158e+00 7.958979999999999944e-01 3.015137000000000178e+00 2.799071999999999782e+00
6.591799999999999882e-01 2.125243999999999911e+00 7.910160000000000524e-01 3.012694999999999901e+00 2.797851999999999784e+00
6.518549999999999622e-01 2.124023000000000216e+00 7.873539999999999983e-01 3.006591999999999931e+00 2.799071999999999782e+00
6.494140000000000468e-01 2.117919999999999803e+00 7.897950000000000248e-01 3.004150000000000098e+00 2.788085999999999842e+00
6.457519999999999927e-01 2.116699000000000108e+00 7.958979999999999944e-01 3.002930000000000099e+00 2.778319999999999901e+00
6.457519999999999927e-01 2.120360999999999940e+00 8.007809999999999651e-01 3.002930000000000099e+00 2.779541000000000039e+00
6.494140000000000468e-01 2.133789000000000158e+00 8.117680000000000451e-01 3.002930000000000099e+00 2.789306999999999981e+00
6.555180000000000451e-01 2.153319999999999901e+00 8.361819999999999808e-01 3.012694999999999901e+00 2.797851999999999784e+00
6.701660000000000394e-01 2.175292999999999921e+00 8.740229999999999944e-01 3.032226999999999784e+00 2.799071999999999782e+00
6.896970000000000045e-01 2.204590000000000050e+00 9.130859999999999532e-01 3.051757999999999971e+00 2.817382999999999971e+00
7.116700000000000248e-01 2.241210999999999842e+00 9.436039999999999983e-01 3.074950999999999990e+00 2.836914000000000158e+00
7.324220000000000175e-01 2.270507999999999971e+00 9.716799999999999882e-01 3.100585999999999842e+00 2.829590000000000050e+00
7.531740000000000101e-01 2.290039000000000158e+00 9.851069999999999549e-01 3.120117000000000029e+00 2.866210999999999842e+00
7.690430000000000321e-01 2.309569999999999901e+00 1.000977000000000006e+00 3.133544999999999803e+00 2.878417999999999921e+00
7.861329999999999707e-01 2.329101999999999784e+00 1.010742000000000029e+00 3.149414000000000158e+00 2.877196999999999782e+00
8.056640000000000468e-01 2.343750000000000000e+00 1.026610999999999940e+00 3.170166000000000039e+00 2.896729000000000109e+00
8.251950000000000118e-01 2.359618999999999911e+00 1.040038999999999936e+00 3.188476999999999784e+00 2.890625000000000000e+00
8.361819999999999808e-01 2.371825999999999990e+00 1.049805000000000099e+00 3.190917999999999921e+00 2.919922000000000128e+00
8.459470000000000045e-01 2.387694999999999901e+00 1.051025000000000098e+00 3.208007999999999971e+00 2.927245999999999793e+00
8.544920000000000293e-01 2.387694999999999901e+00 1.051025000000000098e+00 3.210449000000000108e+00 2.944335999999999842e+00
8.593750000000000000e-01 2.387694999999999901e+00 1.044921999999999906e+00 3.211669999999999803e+00 2.935791000000000039e+00
8.593750000000000000e-01 2.387694999999999901e+00 1.036377000000000104e+00 3.211669999999999803e+00 2.927245999999999793e+00
8.593750000000000000e-01 2.387694999999999901e+00 1.027832000000000079e+00 3.214110999999999940e+00 2.934569999999999901e+00
8.581539999999999724e-01 2.377930000000000099e+00 1.015625000000000000e+00 3.217773000000000216e+00 2.915039000000000158e+00
8.544920000000000293e-01 2.377930000000000099e+00 1.002197000000000005e+00 3.208007999999999971e+00 2.921142999999999823e+00
8.471680000000000321e-01 2.368164000000000158e+00 9.912109999999999532e-01 3.208007999999999971e+00 2.934569999999999901e+00
8.447270000000000056e-01 2.359618999999999911e+00 9.814450000000000118e-01 3.203125000000000000e+00 2.918700999999999990e+00
8.386230000000000073e-01 2.358398000000000216e+00 9.680180000000000451e-01 3.198242000000000029e+00 2.939452999999999872e+00
8.349609999999999532e-01 2.348632999999999971e+00 9.545900000000000496e-01 3.198242000000000029e+00 2.934569999999999901e+00
8.264160000000000394e-01 2.340088000000000168e+00 9.472660000000000524e-01 3.188476999999999784e+00 2.918700999999999990e+00
8.203129999999999589e-01 2.338867000000000029e+00 9.362789999999999724e-01 3.179931999999999981e+00 2.934569999999999901e+00
8.154299999999999882e-01 2.329101999999999784e+00 9.252930000000000321e-01 3.178710999999999842e+00 2.905273000000000216e+00
8.068849999999999634e-01 2.319335999999999842e+00 9.204099999999999504e-01 3.171387000000000178e+00 2.905273000000000216e+00
8.020019999999999927e-01 2.319335999999999842e+00 9.130859999999999532e-01 3.171387000000000178e+00 2.899169999999999803e+00
7.971190000000000220e-01 2.309569999999999901e+00 9.082029999999999825e-01 3.162841999999999931e+00 2.915039000000000158e+00
7.958979999999999944e-01 2.309569999999999901e+00 9.069819999999999549e-01 3.164063000000000070e+00 2.890625000000000000e+00
7.922360000000000513e-01 2.303466999999999931e+00 9.082029999999999825e-01 3.159180000000000099e+00 2.905273000000000216e+00
7.897950000000000248e-01 2.309569999999999901e+00 9.179690000000000349e-01 3.159180000000000099e+00 2.896729000000000109e+00
7.910160000000000524e-01 2.310791000000000039e+00 9.326170000000000293e-01 3.162841999999999931e+00 2.905273000000000216e+00
7.958979999999999944e-01 2.313232000000000177e+00 9.448239999999999972e-01 3.168944999999999901e+00 2.890625000000000000e+00
7.971190000000000220e-01 2.321776999999999980e+00 9.521479999999999944e-01 3.178710999999999842e+00 2.905273000000000216e+00
8.007809999999999651e-01 2.326659999999999950e+00 9.558109999999999662e-01 3.178710999999999842e+00 2.907715000000000050e+00
8.007809999999999651e-01 2.329101999999999784e+00 9.570309999999999651e-01 3.178710999999999842e+00 2.915039000000000158e+00
8.020019999999999927e-01 2.329101999999999784e+00 9.558109999999999662e-01 3.178710999999999842e+00 2.915039000000000158e+00
8.020019999999999927e-01 2.330321999999999782e+00 9.533690000000000220e-01 3.183593999999999813e+00 2.911376999999999882e+00
8.056640000000000468e-01 2.330321999999999782e+00 9.533690000000000220e-01 3.188476999999999784e+00 2.924805000000000099e+00
8.020019999999999927e-01 2.338867000000000029e+00 9.521479999999999944e-01 3.188476999999999784e+00 2.915039000000000158e+00
8.056640000000000468e-01 2.338867000000000029e+00 9.521479999999999944e-01 3.183593999999999813e+00 2.915039000000000158e+00
8.056640000000000468e-01 2.338867000000000029e+00 9.533690000000000220e-01 3.188476999999999784e+00 2.915039000000000158e+00
8.056640000000000468e-01 2.343750000000000000e+00 9.558109999999999662e-01 3.188476999999999784e+00 2.916259999999999852e+00
8.105470000000000175e-01 2.348632999999999971e+00 9.619140000000000468e-01 3.198242000000000029e+00 2.916259999999999852e+00
8.093259999999999899e-01 2.348632999999999971e+00 9.619140000000000468e-01 3.198242000000000029e+00 2.916259999999999852e+00
8.105470000000000175e-01 2.348632999999999971e+00 9.570309999999999651e-01 3.198242000000000029e+00 2.917479999999999851e+00
8.154299999999999882e-01 2.349854000000000109e+00 9.545900000000000496e-01 3.198242000000000029e+00 2.934569999999999901e+00
8.117680000000000451e-01 2.351074000000000108e+00 9.533690000000000220e-01 3.198242000000000029e+00 2.926025000000000098e+00
8.117680000000000451e-01 2.351074000000000108e+00 9.533690000000000220e-01 3.198242000000000029e+00 2.927245999999999793e+00
8.154299999999999882e-01 2.351074000000000108e+00 9.533690000000000220e-01 3.201903999999999861e+00 2.944335999999999842e+00
8.117680000000000451e-01 2.352294999999999803e+00 9.533690000000000220e-01 3.198242000000000029e+00 2.924805000000000099e+00
8.154299999999999882e-01 2.352294999999999803e+00 9.533690000000000220e-01 3.198242000000000029e+00 2.918700999999999990e+00
8.154299999999999882e-01 2.358398000000000216e+00 9.533690000000000220e-01 3.199463000000000168e+00 2.944335999999999842e+00
8.117680000000000451e-01 2.352294999999999803e+00 9.484860000000000513e-01 3.198242000000000029e+00 2.924805000000000099e+00
8.117680000000000451e-01 2.353515999999999941e+00 9.436039999999999983e-01 3.198242000000000029e+00 2.929688000000000070e+00
8.093259999999999899e-01 2.348632999999999971e+00 9.387210000000000276e-01 3.198242000000000029e+00 2.934569999999999901e+00
8.056640000000000468e-01 2.343750000000000000e+00 9.326170000000000293e-01 3.198242000000000029e+00 2.924805000000000099e+00
8.020019999999999927e-01 2.338867000000000029e+00 9.265139999999999487e-01 3.190917999999999921e+00 2.926025000000000098e+00
7.995609999999999662e-01 2.332764000000000060e+00 9.191890000000000338e-01 3.188476999999999784e+00 2.924805000000000099e+00
7.958979999999999944e-01 2.329101999999999784e+00 9.130859999999999532e-01 3.188476999999999784e+00 2.916259999999999852e+00
7.897950000000000248e-01 2.319335999999999842e+00 9.033200000000000118e-01 3.178710999999999842e+00 2.915039000000000158e+00
7.861329999999999707e-01 2.310791000000000039e+00 8.947749999999999870e-01 3.178710999999999842e+00 2.915039000000000158e+00
7.812500000000000000e-01 2.309569999999999901e+00 8.874509999999999899e-01 3.171387000000000178e+00 2.915039000000000158e+00
7.763670000000000293e-01 2.301025000000000098e+00 8.837890000000000468e-01 3.173827999999999872e+00 2.905273000000000216e+00
7.690430000000000321e-01 2.293700999999999990e+00 8.752440000000000220e-01 3.161620999999999793e+00 2.906493999999999911e+00
7.666020000000000056e-01 2.290039000000000158e+00 8.703610000000000513e-01 3.159180000000000099e+00 2.905273000000000216e+00
7.604980000000000073e-01 2.281493999999999911e+00 8.642579999999999707e-01 3.150634999999999852e+00 2.905273000000000216e+00
7.568359999999999532e-01 2.280273000000000216e+00 8.593750000000000000e-01 3.149414000000000158e+00 2.885742000000000029e+00
7.507319999999999549e-01 2.270507999999999971e+00 8.544920000000000293e-01 3.149414000000000158e+00 2.885742000000000029e+00
7.470700000000000118e-01 2.265625000000000000e+00 8.496089999999999476e-01 3.139648000000000216e+00 2.885742000000000029e+00
7.409670000000000423e-01 2.261963000000000168e+00 8.447270000000000056e-01 3.144531000000000187e+00 2.885742000000000029e+00
7.373049999999999882e-01 2.260742000000000029e+00 8.447270000000000056e-01 3.132324000000000108e+00 2.885742000000000029e+00
7.324220000000000175e-01 2.260742000000000029e+00 8.447270000000000056e-01 3.129882999999999971e+00 2.879639000000000060e+00
7.299799999999999622e-01 2.254639000000000060e+00 8.447270000000000056e-01 3.129882999999999971e+00 2.886963000000000168e+00
7.287599999999999634e-01 2.253417999999999921e+00 8.459470000000000045e-01 3.127441000000000138e+00 2.885742000000000029e+00
7.275390000000000468e-01 2.253417999999999921e+00 8.483889999999999487e-01 3.125000000000000000e+00 2.885742000000000029e+00
7.238769999999999927e-01 2.254639000000000060e+00 8.483889999999999487e-01 3.129882999999999971e+00 2.885742000000000029e+00
7.226559999999999651e-01 2.253417999999999921e+00 8.508299999999999752e-01 3.129882999999999971e+00 2.879639000000000060e+00
7.202150000000000496e-01 2.250976999999999784e+00 8.544920000000000293e-01 3.129882999999999971e+00 2.895507999999999971e+00
7.189940000000000220e-01 2.250976999999999784e+00 8.496089999999999476e-01 3.126221000000000139e+00 2.890625000000000000e+00
7.177729999999999944e-01 2.250976999999999784e+00 8.459470000000000045e-01 3.125000000000000000e+00 2.885742000000000029e+00
7.128910000000000524e-01 2.250976999999999784e+00 8.447270000000000056e-01 3.120117000000000029e+00 2.879639000000000060e+00
7.104489999999999972e-01 2.243651999999999980e+00 8.459470000000000045e-01 3.120117000000000029e+00 2.890625000000000000e+00
7.080079999999999707e-01 2.243651999999999980e+00 8.447270000000000056e-01 3.112792999999999921e+00 2.895507999999999971e+00
7.080079999999999707e-01 2.242431999999999981e+00 8.447270000000000056e-01 3.111571999999999782e+00 2.885742000000000029e+00
7.043460000000000276e-01 2.241210999999999842e+00 8.447270000000000056e-01 3.111571999999999782e+00 2.875976999999999784e+00
7.031250000000000000e-01 2.241210999999999842e+00 8.410640000000000338e-01 3.111571999999999782e+00 2.869873000000000118e+00
7.006839999999999735e-01 2.241210999999999842e+00 8.398440000000000349e-01 3.110351999999999784e+00 2.866210999999999842e+00
6.982420000000000293e-01 2.233887000000000178e+00 8.361819999999999808e-01 3.110351999999999784e+00 2.867431999999999981e+00
6.933589999999999476e-01 2.231444999999999901e+00 8.349609999999999532e-01 3.110351999999999784e+00 2.867431999999999981e+00
6.896970000000000045e-01 2.231444999999999901e+00 8.312990000000000101e-01 3.100585999999999842e+00 2.868651999999999980e+00
6.884770000000000056e-01 2.222900000000000098e+00 8.264160000000000394e-01 3.105468999999999813e+00 2.875976999999999784e+00
6.835940000000000349e-01 2.222900000000000098e+00 8.264160000000000394e-01 3.094482000000000177e+00 2.879639000000000060e+00
6.799319999999999808e-01 2.221680000000000099e+00 8.251950000000000118e-01 3.100585999999999842e+00 2.866210999999999842e+00
6.787109999999999532e-01 2.220458999999999961e+00 8.251950000000000118e-01 3.093262000000000178e+00 2.866210999999999842e+00
6.787109999999999532e-01 2.215575999999999990e+00 8.215329999999999577e-01 3.092041000000000039e+00 2.871093999999999813e+00
6.738279999999999825e-01 2.211914000000000158e+00 8.215329999999999577e-01 3.090819999999999901e+00 2.860107000000000177e+00
6.701660000000000394e-01 2.211914000000000158e+00 8.190920000000000423e-01 3.090819999999999901e+00 2.875976999999999784e+00
6.689450000000000118e-01 2.207031000000000187e+00 8.166499999999999870e-01 3.084716999999999931e+00 2.875976999999999784e+00
6.689450000000000118e-01 2.205811000000000188e+00 8.154299999999999882e-01 3.082275000000000098e+00 2.856444999999999901e+00
6.640629999999999589e-01 2.202148000000000216e+00 8.154299999999999882e-01 3.081055000000000099e+00 2.839354999999999851e+00
6.603999999999999870e-01 2.202148000000000216e+00 8.142089999999999606e-01 3.081055000000000099e+00 2.857666000000000039e+00
6.603999999999999870e-01 2.202148000000000216e+00 8.154299999999999882e-01 3.081055000000000099e+00 2.856444999999999901e+00
6.591799999999999882e-01 2.202148000000000216e+00 8.190920000000000423e-01 3.081055000000000099e+00 2.856444999999999901e+00
6.591799999999999882e-01 2.211914000000000158e+00 8.251950000000000118e-01 3.081055000000000099e+00 2.849120999999999793e+00
6.603999999999999870e-01 2.211914000000000158e+00 8.349609999999999532e-01 3.081055000000000099e+00 2.858887000000000178e+00
6.603999999999999870e-01 2.214354999999999851e+00 8.386230000000000073e-01 3.081055000000000099e+00 2.866210999999999842e+00
6.628420000000000423e-01 2.221680000000000099e+00 8.447270000000000056e-01 3.082275000000000098e+00 2.871093999999999813e+00
6.640629999999999589e-01 2.221680000000000099e+00 8.447270000000000056e-01 3.084716999999999931e+00 2.866210999999999842e+00
6.652829999999999577e-01 2.221680000000000099e+00 8.471680000000000321e-01 3.090819999999999901e+00 2.846680000000000099e+00
6.689450000000000118e-01 2.221680000000000099e+00 8.483889999999999487e-01 3.090819999999999901e+00 2.856444999999999901e+00
6.689450000000000118e-01 2.225341999999999931e+00 8.471680000000000321e-01 3.090819999999999901e+00 2.856444999999999901e+00
6.689450000000000118e-01 2.224120999999999793e+00 8.483889999999999487e-01 3.090819999999999901e+00 2.858887000000000178e+00
6.689450000000000118e-01 2.225341999999999931e+00 8.544920000000000293e-01 3.090819999999999901e+00 2.866210999999999842e+00
6.701660000000000394e-01 2.231444999999999901e+00 8.605960000000000276e-01 3.090819999999999901e+00 2.866210999999999842e+00
6.726069999999999549e-01 2.235107000000000177e+00 8.691410000000000524e-01 3.092041000000000039e+00 2.875976999999999784e+00
6.787109999999999532e-01 2.241210999999999842e+00 8.776859999999999662e-01 3.100585999999999842e+00 2.856444999999999901e+00
6.799319999999999808e-01 2.244873000000000118e+00 8.837890000000000468e-01 3.103026999999999980e+00 2.866210999999999842e+00
6.848140000000000338e-01 2.250976999999999784e+00 8.874509999999999899e-01 3.110351999999999784e+00 2.867431999999999981e+00
6.884770000000000056e-01 2.253417999999999921e+00 8.886720000000000175e-01 3.110351999999999784e+00 2.869873000000000118e+00
6.921389999999999487e-01 2.254639000000000060e+00 8.874509999999999899e-01 3.114014000000000060e+00 2.895507999999999971e+00
6.921389999999999487e-01 2.260742000000000029e+00 8.874509999999999899e-01 3.112792999999999921e+00 2.875976999999999784e+00
6.945799999999999752e-01 2.260742000000000029e+00 8.874509999999999899e-01 3.120117000000000029e+00 2.875976999999999784e+00
6.982420000000000293e-01 2.260742000000000029e+00 8.874509999999999899e-01 3.120117000000000029e+00 2.878417999999999921e+00
6.994629999999999459e-01 2.260742000000000029e+00 8.850099999999999634e-01 3.120117000000000029e+00 2.895507999999999971e+00
7.006839999999999735e-01 2.260742000000000029e+00 8.837890000000000468e-01 3.125000000000000000e+00 2.885742000000000029e+00
6.994629999999999459e-01 2.265625000000000000e+00 8.837890000000000468e-01 3.120117000000000029e+00 2.885742000000000029e+00
6.994629999999999459e-01 2.254639000000000060e+00 8.789059999999999651e-01 3.125000000000000000e+00 2.877196999999999782e+00
6.994629999999999459e-01 2.260742000000000029e+00 8.740229999999999944e-01 3.120117000000000029e+00 2.885742000000000029e+00
6.945799999999999752e-01 2.250976999999999784e+00 8.642579999999999707e-01 3.120117000000000029e+00 2.877196999999999782e+00
6.909180000000000321e-01 2.250976999999999784e+00 8.557129999999999459e-01 3.115234000000000059e+00 2.879639000000000060e+00
6.884770000000000056e-01 2.241210999999999842e+00 8.496089999999999476e-01 3.110351999999999784e+00 2.885742000000000029e+00
6.860349999999999504e-01 2.235107000000000177e+00 8.447270000000000056e-01 3.110351999999999784e+00 2.875976999999999784e+00
6.823730000000000073e-01 2.232666000000000039e+00 8.361819999999999808e-01 3.110351999999999784e+00 2.875976999999999784e+00
6.787109999999999532e-01 2.231444999999999901e+00 8.312990000000000101e-01 3.101806999999999981e+00 2.885742000000000029e+00
6.750490000000000101e-01 2.221680000000000099e+00 8.251950000000000118e-01 3.103026999999999980e+00 2.857666000000000039e+00
6.701660000000000394e-01 2.213134999999999852e+00 8.190920000000000423e-01 3.092041000000000039e+00 2.875976999999999784e+00
6.689450000000000118e-01 2.214354999999999851e+00 8.154299999999999882e-01 3.090819999999999901e+00 2.856444999999999901e+00
6.628420000000000423e-01 2.211914000000000158e+00 8.154299999999999882e-01 3.084716999999999931e+00 2.866210999999999842e+00
6.603999999999999870e-01 2.205811000000000188e+00 8.190920000000000423e-01 3.081055000000000099e+00 2.847900000000000098e+00
6.603999999999999870e-01 2.211914000000000158e+00 8.276369999999999560e-01 3.083495999999999793e+00 2.856444999999999901e+00
6.616210000000000147e-01 2.213134999999999852e+00 8.386230000000000073e-01 3.083495999999999793e+00 2.857666000000000039e+00
6.652829999999999577e-01 2.221680000000000099e+00 8.544920000000000293e-01 3.090819999999999901e+00 2.856444999999999901e+00
6.701660000000000394e-01 2.231444999999999901e+00 8.654789999999999983e-01 3.090819999999999901e+00 2.866210999999999842e+00
6.726069999999999549e-01 2.235107000000000177e+00 8.752440000000000220e-01 3.100585999999999842e+00 2.867431999999999981e+00
6.787109999999999532e-01 2.243651999999999980e+00 8.850099999999999634e-01 3.100585999999999842e+00 2.875976999999999784e+00
6.835940000000000349e-01 2.250976999999999784e+00 8.886720000000000175e-01 3.110351999999999784e+00 2.868651999999999980e+00
6.884770000000000056e-01 2.253417999999999921e+00 8.886720000000000175e-01 3.110351999999999784e+00 2.877196999999999782e+00
6.896970000000000045e-01 2.260742000000000029e+00 8.898930000000000451e-01 3.111571999999999782e+00 2.890625000000000000e+00
6.921389999999999487e-01 2.260742000000000029e+00 8.874509999999999899e-01 3.112792999999999921e+00 2.886963000000000168e+00
6.933589999999999476e-01 2.260742000000000029e+00 8.850099999999999634e-01 3.114014000000000060e+00 2.895507999999999971e+00
6.945799999999999752e-01 2.254639000000000060e+00 8.837890000000000468e-01 3.120117000000000029e+00 2.871093999999999813e+00
6.945799999999999752e-01 2.254639000000000060e+00 8.837890000000000468e-01 3.120117000000000029e+00 2.885742000000000029e+00
6.982420000000000293e-01 2.253417999999999921e+00 8.789059999999999651e-01 3.120117000000000029e+00 2.890625000000000000e+00
6.945799999999999752e-01 2.250976999999999784e+00 8.752440000000000220e-01 3.120117000000000029e+00 2.895507999999999971e+00
6.982420000000000293e-01 2.252196999999999782e+00 8.740229999999999944e-01 3.120117000000000029e+00 2.885742000000000029e+00
6.945799999999999752e-01 2.250976999999999784e+00 8.740229999999999944e-01 3.120117000000000029e+00 2.885742000000000029e+00
6.945799999999999752e-01 2.250976999999999784e+00 8.679200000000000248e-01 3.122558999999999862e+00 2.885742000000000029e+00
6.945799999999999752e-01 2.250976999999999784e+00 8.679200000000000248e-01 3.120117000000000029e+00 2.879639000000000060e+00
6.945799999999999752e-01 2.250976999999999784e+00 8.654789999999999983e-01 3.120117000000000029e+00 2.895507999999999971e+00
6.921389999999999487e-01 2.242431999999999981e+00 8.593750000000000000e-01 3.120117000000000029e+00 2.878417999999999921e+00
6.896970000000000045e-01 2.241210999999999842e+00 8.557129999999999459e-01 3.120117000000000029e+00 2.890625000000000000e+00
6.884770000000000056e-01 2.235107000000000177e+00 8.508299999999999752e-01 3.111571999999999782e+00 2.896729000000000109e+00
6.848140000000000338e-01 2.232666000000000039e+00 8.447270000000000056e-01 3.110351999999999784e+00 2.869873000000000118e+00
6.799319999999999808e-01 2.225341999999999931e+00 8.361819999999999808e-01 3.104248000000000118e+00 2.888183999999999862e+00
6.750490000000000101e-01 2.221680000000000099e+00 8.312990000000000101e-01 3.110351999999999784e+00 2.877196999999999782e+00
6.726069999999999549e-01 2.221680000000000099e+00 8.264160000000000394e-01 3.100585999999999842e+00 2.875976999999999784e+00
6.701660000000000394e-01 2.214354999999999851e+00 8.251950000000000118e-01 3.094482000000000177e+00 2.877196999999999782e+00
6.689450000000000118e-01 2.211914000000000158e+00 8.203129999999999589e-01 3.092041000000000039e+00 2.866210999999999842e+00
6.628420000000000423e-01 2.211914000000000158e+00 8.166499999999999870e-01 3.090819999999999901e+00 2.849120999999999793e+00
6.603999999999999870e-01 2.202148000000000216e+00 8.117680000000000451e-01 3.092041000000000039e+00 2.875976999999999784e+00
6.555180000000000451e-01 2.196044999999999803e+00 8.068849999999999634e-01 3.082275000000000098e+00 2.866210999999999842e+00
6.506349999999999634e-01 2.192382999999999971e+00 8.056640000000000468e-01 3.081055000000000099e+00 2.846680000000000099e+00
6.494140000000000468e-01 2.185058999999999862e+00 7.971190000000000220e-01 3.081055000000000099e+00 2.850341999999999931e+00
6.494140000000000468e-01 2.185058999999999862e+00 7.971190000000000220e-01 3.081055000000000099e+00 2.850341999999999931e+00
6.433109999999999662e-01 2.182617000000000029e+00 7.910160000000000524e-01 3.072509999999999852e+00 2.866210999999999842e+00
6.408690000000000220e-01 2.176514000000000060e+00 7.897950000000000248e-01 3.071289000000000158e+00 2.846680000000000099e+00
6.359860000000000513e-01 2.176514000000000060e+00 7.897950000000000248e-01 3.071289000000000158e+00 2.846680000000000099e+00
6.359860000000000513e-01 2.174071999999999782e+00 7.922360000000000513e-01 3.066406000000000187e+00 2.846680000000000099e+00
6.335450000000000248e-01 2.174071999999999782e+00 7.922360000000000513e-01 3.062743999999999911e+00 2.856444999999999901e+00
6.311039999999999983e-01 2.172851999999999784e+00 7.910160000000000524e-01 3.061523000000000216e+00 2.836914000000000158e+00
6.298829999999999707e-01 2.172851999999999784e+00 7.897950000000000248e-01 3.062743999999999911e+00 2.850341999999999931e+00
6.298829999999999707e-01 2.172851999999999784e+00 7.873539999999999983e-01 3.055419999999999803e+00 2.850341999999999931e+00
6.250000000000000000e-01 2.172851999999999784e+00 7.873539999999999983e-01 3.061523000000000216e+00 2.838134999999999852e+00
6.250000000000000000e-01 2.165526999999999980e+00 7.861329999999999707e-01 3.055419999999999803e+00 2.846680000000000099e+00
6.225589999999999735e-01 2.164306999999999981e+00 7.873539999999999983e-01 3.055419999999999803e+00 2.840575999999999990e+00
6.213379999999999459e-01 2.164306999999999981e+00 7.885739999999999972e-01 3.051757999999999971e+00 2.829590000000000050e+00
6.201170000000000293e-01 2.163085999999999842e+00 7.897950000000000248e-01 3.052979000000000109e+00 2.856444999999999901e+00
6.201170000000000293e-01 2.166748000000000118e+00 7.922360000000000513e-01 3.051757999999999971e+00 2.836914000000000158e+00
6.201170000000000293e-01 2.163085999999999842e+00 7.958979999999999944e-01 3.051757999999999971e+00 2.836914000000000158e+00
6.201170000000000293e-01 2.164306999999999981e+00 7.958979999999999944e-01 3.051757999999999971e+00 2.836914000000000158e+00
6.164549999999999752e-01 2.167968999999999813e+00 7.922360000000000513e-01 3.051757999999999971e+00 2.836914000000000158e+00
6.164549999999999752e-01 2.163085999999999842e+00 7.922360000000000513e-01 3.051757999999999971e+00 2.838134999999999852e+00
6.127930000000000321e-01 2.163085999999999842e+00 7.861329999999999707e-01 3.043213000000000168e+00 2.846680000000000099e+00
6.115720000000000045e-01 2.158202999999999872e+00 7.824710000000000276e-01 3.043213000000000168e+00 2.836914000000000158e+00
6.103520000000000056e-01 2.153319999999999901e+00 7.812500000000000000e-01 3.041992000000000029e+00 2.817382999999999971e+00
6.054690000000000349e-01 2.147216999999999931e+00 7.812500000000000000e-01 3.041992000000000029e+00 2.827148000000000216e+00
6.030269999999999797e-01 2.144775000000000098e+00 7.800289999999999724e-01 3.035889000000000060e+00 2.836914000000000158e+00
6.018069999999999808e-01 2.143555000000000099e+00 7.775879999999999459e-01 3.033446999999999782e+00 2.827148000000000216e+00
6.005859999999999532e-01 2.143555000000000099e+00 7.812500000000000000e-01 3.032226999999999784e+00 2.811278999999999861e+00
6.005859999999999532e-01 2.143555000000000099e+00 7.824710000000000276e-01 3.032226999999999784e+00 2.827148000000000216e+00
6.005859999999999532e-01 2.143555000000000099e+00 7.861329999999999707e-01 3.034667999999999921e+00 2.827148000000000216e+00
6.005859999999999532e-01 2.143555000000000099e+00 7.861329999999999707e-01 3.032226999999999784e+00 2.827148000000000216e+00
6.005859999999999532e-01 2.144775000000000098e+00 7.873539999999999983e-01 3.032226999999999784e+00 2.827148000000000216e+00
5.981450000000000378e-01 2.143555000000000099e+00 7.897950000000000248e-01 3.032226999999999784e+00 2.821044999999999803e+00
5.981450000000000378e-01 2.143555000000000099e+00 7.897950000000000248e-01 3.032226999999999784e+00 2.821044999999999803e+00
6.005859999999999532e-01 2.148438000000000070e+00 7.922360000000000513e-01 3.034667999999999921e+00 2.836914000000000158e+00
6.005859999999999532e-01 2.144775000000000098e+00 7.958979999999999944e-01 3.033446999999999782e+00 2.836914000000000158e+00
6.005859999999999532e-01 2.147216999999999931e+00 7.971190000000000220e-01 3.032226999999999784e+00 2.821044999999999803e+00
6.005859999999999532e-01 2.145995999999999793e+00 7.971190000000000220e-01 3.032226999999999784e+00 2.832031000000000187e+00
6.018069999999999808e-01 2.145995999999999793e+00 7.958979999999999944e-01 3.032226999999999784e+00 2.836914000000000158e+00
6.005859999999999532e-01 2.143555000000000099e+00 7.934569999999999679e-01 3.033446999999999782e+00 2.836914000000000158e+00
6.005859999999999532e-01 2.143555000000000099e+00 7.910160000000000524e-01 3.032226999999999784e+00 2.817382999999999971e+00
5.969240000000000101e-01 2.144775000000000098e+00 7.922360000000000513e-01 3.032226999999999784e+00 2.821044999999999803e+00
6.005859999999999532e-01 2.144775000000000098e+00 7.971190000000000220e-01 3.032226999999999784e+00 2.832031000000000187e+00
6.005859999999999532e-01 2.153319999999999901e+00 8.056640000000000468e-01 3.032226999999999784e+00 2.832031000000000187e+00
6.005859999999999532e-01 2.153319999999999901e+00 8.154299999999999882e-01 3.032226999999999784e+00 2.836914000000000158e+00
6.054690000000000349e-01 2.163085999999999842e+00 8.251950000000000118e-01 3.046875000000000000e+00 2.829590000000000050e+00
6.115720000000000045e-01 2.172851999999999784e+00 8.398440000000000349e-01 3.041992000000000029e+00 2.836914000000000158e+00
6.201170000000000293e-01 2.183838000000000168e+00 8.544920000000000293e-01 3.051757999999999971e+00 2.840575999999999990e+00
6.250000000000000000e-01 2.192382999999999971e+00 8.593750000000000000e-01 3.052979000000000109e+00 2.854004000000000207e+00
6.298829999999999707e-01 2.202148000000000216e+00 8.642579999999999707e-01 3.061523000000000216e+00 2.840575999999999990e+00
6.359860000000000513e-01 2.203368999999999911e+00 8.642579999999999707e-01 3.071289000000000158e+00 2.847900000000000098e+00
6.408690000000000220e-01 2.211914000000000158e+00 8.691410000000000524e-01 3.072509999999999852e+00 2.857666000000000039e+00
6.445309999999999651e-01 2.211914000000000158e+00 8.679200000000000248e-01 3.073729999999999851e+00 2.846680000000000099e+00
6.494140000000000468e-01 2.213134999999999852e+00 8.654789999999999983e-01 3.081055000000000099e+00 2.850341999999999931e+00
6.506349999999999634e-01 2.213134999999999852e+00 8.642579999999999707e-01 3.081055000000000099e+00 2.858887000000000178e+00
6.518549999999999622e-01 2.213134999999999852e+00 8.642579999999999707e-01 3.081055000000000099e+00 2.866210999999999842e+00
6.530759999999999899e-01 2.211914000000000158e+00 8.593750000000000000e-01 3.081055000000000099e+00 2.856444999999999901e+00
6.530759999999999899e-01 2.211914000000000158e+00 8.544920000000000293e-01 3.081055000000000099e+00 2.856444999999999901e+00
6.518549999999999622e-01 2.211914000000000158e+00 8.496089999999999476e-01 3.081055000000000099e+00 2.856444999999999901e+00
6.530759999999999899e-01 2.207031000000000187e+00 8.459470000000000045e-01 3.081055000000000099e+00 2.856444999999999901e+00
6.518549999999999622e-01 2.205811000000000188e+00 8.447270000000000056e-01 3.074950999999999990e+00 2.866210999999999842e+00
6.518549999999999622e-01 2.204590000000000050e+00 8.447270000000000056e-01 3.083495999999999793e+00 2.846680000000000099e+00
6.530759999999999899e-01 2.207031000000000187e+00 8.496089999999999476e-01 3.081055000000000099e+00 2.846680000000000099e+00
