6.591800000000000437e-02 1.191405999999999965e+00 5.090329999999999577e-01 2.026367000000000029e+00
6.469700000000000450e-02 1.191405999999999965e+00 5.090329999999999577e-01 2.026367000000000029e+00
6.469700000000000450e-02 1.196288999999999936e+00 5.090329999999999577e-01 2.026367000000000029e+00
6.469700000000000450e-02 1.196288999999999936e+00 5.090329999999999577e-01 2.026367000000000029e+00
6.469700000000000450e-02 1.191405999999999965e+00 5.090329999999999577e-01 2.026367000000000029e+00
6.469700000000000450e-02 1.191405999999999965e+00 5.078129999999999589e-01 2.026367000000000029e+00
6.347700000000000564e-02 1.191405999999999965e+00 5.078129999999999589e-01 2.026367000000000029e+00
6.469700000000000450e-02 1.191405999999999965e+00 5.078129999999999589e-01 2.026367000000000029e+00
6.469700000000000450e-02 1.191405999999999965e+00 5.078129999999999589e-01 2.026367000000000029e+00
6.347700000000000564e-02 1.191405999999999965e+00 5.078129999999999589e-01 2.026367000000000029e+00
6.347700000000000564e-02 1.196288999999999936e+00 5.078129999999999589e-01 2.026367000000000029e+00
6.347700000000000564e-02 1.191405999999999965e+00 5.090329999999999577e-01 2.026367000000000029e+00
6.347700000000000564e-02 1.191405999999999965e+00 5.090329999999999577e-01 2.026367000000000029e+00
6.347700000000000564e-02 1.191405999999999965e+00 5.090329999999999577e-01 2.026367000000000029e+00
6.347700000000000564e-02 1.191405999999999965e+00 5.090329999999999577e-01 2.026367000000000029e+00
6.347700000000000564e-02 1.191405999999999965e+00 5.078129999999999589e-01 2.026367000000000029e+00
6.347700000000000564e-02 1.191405999999999965e+00 5.078129999999999589e-01 2.026367000000000029e+00
6.347700000000000564e-02 1.191405999999999965e+00 5.090329999999999577e-01 2.026367000000000029e+00
6.347700000000000564e-02 1.191405999999999965e+00 5.090329999999999577e-01 2.026367000000000029e+00
6.347700000000000564e-02 1.191405999999999965e+00 5.078129999999999589e-01 2.026367000000000029e+00
6.347700000000000564e-02 1.191405999999999965e+00 5.078129999999999589e-01 2.026367000000000029e+00
6.347700000000000564e-02 1.192627000000000104e+00 5.078129999999999589e-01 2.026367000000000029e+00
6.469700000000000450e-02 1.191405999999999965e+00 5.078129999999999589e-01 2.026367000000000029e+00
6.347700000000000564e-02 1.191405999999999965e+00 5.078129999999999589e-01 2.026367000000000029e+00
6.347700000000000564e-02 1.191405999999999965e+00 5.078129999999999589e-01 2.026367000000000029e+00
6.469700000000000450e-02 1.191405999999999965e+00 5.126950000000000118e-01 2.026367000000000029e+00
6.347700000000000564e-02 1.191405999999999965e+00 5.090329999999999577e-01 2.026367000000000029e+00
6.347700000000000564e-02 1.196288999999999936e+00 5.090329999999999577e-01 2.026367000000000029e+00
6.347700000000000564e-02 1.191405999999999965e+00 5.090329999999999577e-01 2.026367000000000029e+00
6.347700000000000564e-02 1.191405999999999965e+00 5.090329999999999577e-01 2.026367000000000029e+00
6.347700000000000564e-02 1.191405999999999965e+00 5.090329999999999577e-01 2.031250000000000000e+00
6.347700000000000564e-02 1.192627000000000104e+00 5.090329999999999577e-01 2.026367000000000029e+00
6.347700000000000564e-02 1.191405999999999965e+00 5.078129999999999589e-01 2.026367000000000029e+00
6.347700000000000564e-02 1.191405999999999965e+00 5.090329999999999577e-01 2.026367000000000029e+00
6.347700000000000564e-02 1.191405999999999965e+00 5.078129999999999589e-01 2.026367000000000029e+00
6.347700000000000564e-02 1.191405999999999965e+00 5.090329999999999577e-01 2.026367000000000029e+00
6.225599999999999884e-02 1.191405999999999965e+00 5.090329999999999577e-01 2.030028999999999861e+00
6.347700000000000564e-02 1.191405999999999965e+00 5.090329999999999577e-01 2.031250000000000000e+00
6.347700000000000564e-02 1.191405999999999965e+00 5.078129999999999589e-01 2.026367000000000029e+00
6.347700000000000564e-02 1.191405999999999965e+00 5.078129999999999589e-01 2.026367000000000029e+00
6.347700000000000564e-02 1.191405999999999965e+00 5.078129999999999589e-01 2.026367000000000029e+00
6.347700000000000564e-02 1.190185999999999966e+00 5.078129999999999589e-01 2.026367000000000029e+00
6.347700000000000564e-02 1.187743999999999911e+00 5.078129999999999589e-01 2.026367000000000029e+00
6.347700000000000564e-02 1.191405999999999965e+00 5.078129999999999589e-01 2.026367000000000029e+00
6.347700000000000564e-02 1.190185999999999966e+00 5.078129999999999589e-01 2.022705000000000197e+00
6.347700000000000564e-02 1.190185999999999966e+00 5.078129999999999589e-01 2.026367000000000029e+00
6.347700000000000564e-02 1.191405999999999965e+00 5.078129999999999589e-01 2.026367000000000029e+00
6.347700000000000564e-02 1.191405999999999965e+00 5.078129999999999589e-01 2.026367000000000029e+00
6.347700000000000564e-02 1.191405999999999965e+00 5.078129999999999589e-01 2.026367000000000029e+00
6.225599999999999884e-02 1.191405999999999965e+00 5.078129999999999589e-01 2.020264000000000060e+00
6.347700000000000564e-02 1.192627000000000104e+00 5.090329999999999577e-01 2.022705000000000197e+00
6.347700000000000564e-02 1.188965000000000050e+00 5.090329999999999577e-01 2.026367000000000029e+00
6.347700000000000564e-02 1.190185999999999966e+00 5.078129999999999589e-01 2.026367000000000029e+00
6.347700000000000564e-02 1.191405999999999965e+00 5.078129999999999589e-01 2.026367000000000029e+00
6.347700000000000564e-02 1.191405999999999965e+00 5.078129999999999589e-01 2.026367000000000029e+00
6.347700000000000564e-02 1.191405999999999965e+00 5.078129999999999589e-01 2.026367000000000029e+00
6.347700000000000564e-02 1.191405999999999965e+00 5.078129999999999589e-01 2.026367000000000029e+00
6.347700000000000564e-02 1.191405999999999965e+00 5.078129999999999589e-01 2.026367000000000029e+00
6.347700000000000564e-02 1.191405999999999965e+00 5.090329999999999577e-01 2.026367000000000029e+00
6.347700000000000564e-02 1.196288999999999936e+00 5.090329999999999577e-01 2.026367000000000029e+00
6.347700000000000564e-02 1.196288999999999936e+00 5.078129999999999589e-01 2.026367000000000029e+00
6.469700000000000450e-02 1.196288999999999936e+00 5.090329999999999577e-01 2.026367000000000029e+00
6.591800000000000437e-02 1.197510000000000074e+00 5.090329999999999577e-01 2.026367000000000029e+00
6.591800000000000437e-02 1.198730000000000073e+00 5.090329999999999577e-01 2.027588000000000168e+00
6.713900000000000423e-02 1.206055000000000099e+00 5.126950000000000118e-01 2.031250000000000000e+00
6.835900000000000309e-02 1.206055000000000099e+00 5.126950000000000118e-01 2.031250000000000000e+00
6.835900000000000309e-02 1.207275000000000098e+00 5.126950000000000118e-01 2.036132999999999971e+00
6.958000000000000296e-02 1.209716999999999931e+00 5.126950000000000118e-01 2.036132999999999971e+00
7.080100000000000282e-02 1.215819999999999901e+00 5.139160000000000394e-01 2.038574000000000108e+00
7.202100000000000168e-02 1.215819999999999901e+00 5.139160000000000394e-01 2.036132999999999971e+00
7.324200000000000155e-02 1.215819999999999901e+00 5.163569999999999549e-01 2.041015999999999941e+00
7.446300000000000141e-02 1.218261999999999956e+00 5.163569999999999549e-01 2.045898000000000216e+00
7.446300000000000141e-02 1.220703000000000094e+00 5.175779999999999825e-01 2.045898000000000216e+00
7.568400000000000127e-02 1.225586000000000064e+00 5.175779999999999825e-01 2.048340000000000050e+00
7.690400000000000014e-02 1.225586000000000064e+00 5.175779999999999825e-01 2.047118999999999911e+00
7.812500000000000000e-02 1.230469000000000035e+00 5.187990000000000101e-01 2.050781000000000187e+00
7.934599999999999986e-02 1.235352000000000006e+00 5.224609999999999532e-01 2.055664000000000158e+00
8.300799999999999845e-02 1.239014000000000060e+00 5.224609999999999532e-01 2.055664000000000158e+00
8.544899999999999718e-02 1.246337999999999946e+00 5.236819999999999808e-01 2.065430000000000099e+00
8.789099999999999691e-02 1.254882999999999971e+00 5.273440000000000349e-01 2.065430000000000099e+00
9.155299999999999550e-02 1.265868999999999911e+00 5.285640000000000338e-01 2.075194999999999901e+00
9.521499999999999408e-02 1.275635000000000074e+00 5.322270000000000056e-01 2.078857000000000177e+00
1.000980000000000064e-01 1.286621000000000015e+00 5.358889999999999487e-01 2.088623000000000118e+00
1.062010000000000037e-01 1.303711000000000064e+00 5.419920000000000293e-01 2.099609000000000059e+00
1.123050000000000020e-01 1.317139000000000060e+00 5.456539999999999724e-01 2.109375000000000000e+00
1.184079999999999994e-01 1.333007999999999971e+00 5.517579999999999707e-01 2.124023000000000216e+00
1.257320000000000104e-01 1.346435999999999966e+00 5.529789999999999983e-01 2.133789000000000158e+00
1.330570000000000086e-01 1.362305000000000099e+00 5.615229999999999944e-01 2.144775000000000098e+00
1.391600000000000059e-01 1.372069999999999901e+00 5.627440000000000220e-01 2.156982000000000177e+00
1.464840000000000031e-01 1.386719000000000035e+00 5.664059999999999651e-01 2.172851999999999784e+00
1.464840000000000031e-01 1.386719000000000035e+00 5.664059999999999651e-01 2.172851999999999784e+00
1.525880000000000014e-01 1.401367000000000029e+00 5.712890000000000468e-01 2.183838000000000168e+00
1.611329999999999985e-01 1.416015999999999941e+00 5.749509999999999899e-01 2.196044999999999803e+00
1.672359999999999958e-01 1.434325999999999990e+00 5.810549999999999882e-01 2.211914000000000158e+00
1.770019999999999927e-01 1.450194999999999901e+00 5.859379999999999589e-01 2.231444999999999901e+00
1.879879999999999884e-01 1.469727000000000006e+00 5.920410000000000394e-01 2.250976999999999784e+00
2.001950000000000118e-01 1.494140999999999941e+00 6.005859999999999532e-01 2.270507999999999971e+00
2.148440000000000072e-01 1.528319999999999901e+00 6.115720000000000045e-01 2.291259999999999852e+00
2.343750000000000000e-01 1.571045000000000025e+00 6.250000000000000000e-01 2.321776999999999980e+00
2.587889999999999913e-01 1.617431999999999981e+00 6.408690000000000220e-01 2.358398000000000216e+00
2.844240000000000101e-01 1.674805000000000099e+00 6.628420000000000423e-01 2.399901999999999980e+00
3.161619999999999986e-01 1.723632999999999971e+00 6.823730000000000073e-01 2.447509999999999852e+00
3.478999999999999870e-01 1.777344000000000035e+00 7.043460000000000276e-01 2.496338000000000168e+00
3.808590000000000031e-01 1.831055000000000099e+00 7.275390000000000468e-01 2.547607000000000177e+00
4.125980000000000203e-01 1.879882999999999971e+00 7.470700000000000118e-01 2.602539000000000158e+00
4.443360000000000087e-01 1.918944999999999901e+00 7.666020000000000056e-01 2.642821999999999782e+00
4.736330000000000262e-01 1.958007999999999971e+00 7.836910000000000265e-01 2.690430000000000099e+00
4.968259999999999899e-01 1.987305000000000099e+00 7.995609999999999662e-01 2.729492000000000029e+00
5.187990000000000101e-01 2.008056999999999981e+00 8.154299999999999882e-01 2.763672000000000128e+00
5.383299999999999752e-01 2.031250000000000000e+00 8.215329999999999577e-01 2.789306999999999981e+00
5.529789999999999983e-01 2.045898000000000216e+00 8.312990000000000101e-01 2.811278999999999861e+00
5.664059999999999651e-01 2.058104999999999851e+00 8.361819999999999808e-01 2.836914000000000158e+00
5.773930000000000451e-01 2.066650000000000098e+00 8.447270000000000056e-01 2.847900000000000098e+00
5.859379999999999589e-01 2.075194999999999901e+00 8.447270000000000056e-01 2.866210999999999842e+00
5.908200000000000118e-01 2.084960999999999842e+00 8.471680000000000321e-01 2.875976999999999784e+00
5.993650000000000366e-01 2.084960999999999842e+00 8.471680000000000321e-01 2.890625000000000000e+00
6.018069999999999808e-01 2.088623000000000118e+00 8.508299999999999752e-01 2.895507999999999971e+00
6.054690000000000349e-01 2.094726999999999784e+00 8.496089999999999476e-01 2.897949000000000108e+00
6.079099999999999504e-01 2.094726999999999784e+00 8.483889999999999487e-01 2.905273000000000216e+00
6.103520000000000056e-01 2.086181999999999981e+00 8.471680000000000321e-01 2.905273000000000216e+00
6.103520000000000056e-01 2.084960999999999842e+00 8.447270000000000056e-01 2.905273000000000216e+00
6.066890000000000338e-01 2.075194999999999901e+00 8.398440000000000349e-01 2.905273000000000216e+00
6.054690000000000349e-01 2.075194999999999901e+00 8.361819999999999808e-01 2.905273000000000216e+00
6.018069999999999808e-01 2.065430000000000099e+00 8.300779999999999825e-01 2.899169999999999803e+00
6.005859999999999532e-01 2.055664000000000158e+00 8.251950000000000118e-01 2.896729000000000109e+00
5.944819999999999549e-01 2.047118999999999911e+00 8.190920000000000423e-01 2.895507999999999971e+00
5.908200000000000118e-01 2.039794999999999803e+00 8.154299999999999882e-01 2.888183999999999862e+00
5.847170000000000423e-01 2.027588000000000168e+00 8.068849999999999634e-01 2.885742000000000029e+00
5.798339999999999606e-01 2.020264000000000060e+00 8.020019999999999927e-01 2.877196999999999782e+00
5.737299999999999622e-01 2.016601999999999784e+00 7.958979999999999944e-01 2.875976999999999784e+00
5.639650000000000496e-01 1.999511999999999956e+00 7.861329999999999707e-01 2.866210999999999842e+00
5.578610000000000513e-01 1.989746000000000015e+00 7.812500000000000000e-01 2.861327999999999872e+00
5.529789999999999983e-01 1.987305000000000099e+00 7.775879999999999459e-01 2.856444999999999901e+00
5.480960000000000276e-01 1.978760000000000074e+00 7.763670000000000293e-01 2.849120999999999793e+00
5.444339999999999735e-01 1.972655999999999965e+00 7.666020000000000056e-01 2.846680000000000099e+00
5.383299999999999752e-01 1.967772999999999994e+00 7.666020000000000056e-01 2.840575999999999990e+00
5.334470000000000045e-01 1.958007999999999971e+00 7.580569999999999808e-01 2.836914000000000158e+00
5.285640000000000338e-01 1.953125000000000000e+00 7.543950000000000378e-01 2.827148000000000216e+00
5.224609999999999532e-01 1.948242000000000029e+00 7.482910000000000394e-01 2.827148000000000216e+00
5.163569999999999549e-01 1.938477000000000006e+00 7.434079999999999577e-01 2.817382999999999971e+00
5.126950000000000118e-01 1.929931999999999981e+00 7.385249999999999870e-01 2.811278999999999861e+00
5.053710000000000147e-01 1.921386999999999956e+00 7.373049999999999882e-01 2.801514000000000060e+00
4.992679999999999896e-01 1.918944999999999901e+00 7.299799999999999622e-01 2.801514000000000060e+00
4.943850000000000189e-01 1.914063000000000070e+00 7.275390000000000468e-01 2.797851999999999784e+00
4.882810000000000206e-01 1.909180000000000099e+00 7.226559999999999651e-01 2.790526999999999980e+00
4.846190000000000220e-01 1.903075999999999990e+00 7.189940000000000220e-01 2.788085999999999842e+00
4.797359999999999958e-01 1.899413999999999936e+00 7.177729999999999944e-01 2.779541000000000039e+00
4.748539999999999983e-01 1.899413999999999936e+00 7.141110000000000513e-01 2.778319999999999901e+00
4.699710000000000276e-01 1.890868999999999911e+00 7.104489999999999972e-01 2.772216999999999931e+00
4.675289999999999724e-01 1.889647999999999994e+00 7.080079999999999707e-01 2.769775000000000098e+00
4.638669999999999738e-01 1.883545000000000025e+00 7.080079999999999707e-01 2.768555000000000099e+00
4.577640000000000042e-01 1.879882999999999971e+00 7.031250000000000000e-01 2.760009999999999852e+00
4.541020000000000056e-01 1.879882999999999971e+00 7.019039999999999724e-01 2.758789000000000158e+00
4.492189999999999794e-01 1.871337999999999946e+00 6.982420000000000293e-01 2.750243999999999911e+00
4.443360000000000087e-01 1.864014000000000060e+00 6.933589999999999476e-01 2.749023000000000216e+00
4.394529999999999825e-01 1.861572000000000005e+00 6.909180000000000321e-01 2.742919999999999803e+00
4.345700000000000118e-01 1.855469000000000035e+00 6.884770000000000056e-01 2.739257999999999971e+00
4.284669999999999868e-01 1.850586000000000064e+00 6.835940000000000349e-01 2.734375000000000000e+00
4.248049999999999882e-01 1.842041000000000039e+00 6.799319999999999808e-01 2.729492000000000029e+00
4.174800000000000177e-01 1.834716999999999931e+00 6.787109999999999532e-01 2.720946999999999782e+00
4.125980000000000203e-01 1.831055000000000099e+00 6.726069999999999549e-01 2.719726999999999784e+00
4.064940000000000220e-01 1.826171999999999906e+00 6.701660000000000394e-01 2.709960999999999842e+00
4.016109999999999958e-01 1.821288999999999936e+00 6.665039999999999853e-01 2.709960999999999842e+00
3.955080000000000262e-01 1.811522999999999994e+00 6.628420000000000423e-01 2.700194999999999901e+00
3.918460000000000276e-01 1.805420000000000025e+00 6.603999999999999870e-01 2.691650000000000098e+00
3.857419999999999738e-01 1.801757999999999971e+00 6.591799999999999882e-01 2.690430000000000099e+00
3.808590000000000031e-01 1.796875000000000000e+00 6.555180000000000451e-01 2.683104999999999851e+00
3.759770000000000056e-01 1.791992000000000029e+00 6.518549999999999622e-01 2.680664000000000158e+00
3.698730000000000073e-01 1.782227000000000006e+00 6.494140000000000468e-01 2.670898000000000216e+00
3.662110000000000087e-01 1.782227000000000006e+00 6.457519999999999927e-01 2.670898000000000216e+00
3.564450000000000118e-01 1.772461000000000064e+00 6.408690000000000220e-01 2.661132999999999971e+00
3.515630000000000144e-01 1.763916000000000039e+00 6.396479999999999944e-01 2.651367000000000029e+00
3.466799999999999882e-01 1.762694999999999901e+00 6.359860000000000513e-01 2.651367000000000029e+00
3.430179999999999896e-01 1.755371000000000015e+00 6.347660000000000524e-01 2.644042999999999921e+00
3.405759999999999899e-01 1.752930000000000099e+00 6.323239999999999972e-01 2.641601999999999784e+00
3.369139999999999913e-01 1.752930000000000099e+00 6.311039999999999983e-01 2.641601999999999784e+00
3.320310000000000206e-01 1.746825999999999990e+00 6.298829999999999707e-01 2.633056999999999981e+00
3.283690000000000220e-01 1.743163999999999936e+00 6.298829999999999707e-01 2.631835999999999842e+00
3.234859999999999958e-01 1.744385000000000074e+00 6.262210000000000276e-01 2.625732000000000177e+00
3.210450000000000248e-01 1.737060999999999966e+00 6.250000000000000000e-01 2.622069999999999901e+00
3.173830000000000262e-01 1.734618999999999911e+00 6.237789999999999724e-01 2.622069999999999901e+00
3.173830000000000262e-01 1.734618999999999911e+00 6.237789999999999724e-01 2.622069999999999901e+00
3.137210000000000276e-01 1.733397999999999994e+00 6.213379999999999459e-01 2.622069999999999901e+00
3.100589999999999735e-01 1.727295000000000025e+00 6.213379999999999459e-01 2.612305000000000099e+00
3.076169999999999738e-01 1.724854000000000109e+00 6.201170000000000293e-01 2.614745999999999793e+00
3.027340000000000031e-01 1.723632999999999971e+00 6.201170000000000293e-01 2.608642999999999823e+00
3.002929999999999766e-01 1.718750000000000000e+00 6.164549999999999752e-01 2.602539000000000158e+00
2.978520000000000056e-01 1.716309000000000085e+00 6.152339999999999476e-01 2.602539000000000158e+00
2.941889999999999783e-01 1.715087999999999946e+00 6.140139999999999487e-01 2.597656000000000187e+00
2.893069999999999808e-01 1.713867000000000029e+00 6.127930000000000321e-01 2.593993999999999911e+00
2.880860000000000087e-01 1.707764000000000060e+00 6.115720000000000045e-01 2.592773000000000216e+00
2.844240000000000101e-01 1.706542999999999921e+00 6.103520000000000056e-01 2.592773000000000216e+00
2.832029999999999825e-01 1.704102000000000006e+00 6.103520000000000056e-01 2.586669999999999803e+00
2.795409999999999839e-01 1.704102000000000006e+00 6.103520000000000056e-01 2.583007999999999971e+00
2.783200000000000118e-01 1.704102000000000006e+00 6.079099999999999504e-01 2.583007999999999971e+00
2.771000000000000130e-01 1.704102000000000006e+00 6.103520000000000056e-01 2.583007999999999971e+00
2.746580000000000132e-01 1.704102000000000006e+00 6.103520000000000056e-01 2.583007999999999971e+00
2.734380000000000144e-01 1.704102000000000006e+00 6.103520000000000056e-01 2.583007999999999971e+00
2.734380000000000144e-01 1.704102000000000006e+00 6.103520000000000056e-01 2.578125000000000000e+00
2.722169999999999868e-01 1.706542999999999921e+00 6.103520000000000056e-01 2.576903999999999861e+00
2.722169999999999868e-01 1.706542999999999921e+00 6.115720000000000045e-01 2.583007999999999971e+00
2.722169999999999868e-01 1.708984000000000059e+00 6.115720000000000045e-01 2.583007999999999971e+00
2.722169999999999868e-01 1.713867000000000029e+00 6.115720000000000045e-01 2.583007999999999971e+00
2.722169999999999868e-01 1.713867000000000029e+00 6.140139999999999487e-01 2.583007999999999971e+00
2.722169999999999868e-01 1.718750000000000000e+00 6.140139999999999487e-01 2.583007999999999971e+00
2.722169999999999868e-01 1.715087999999999946e+00 6.164549999999999752e-01 2.585449000000000108e+00
2.722169999999999868e-01 1.718750000000000000e+00 6.152339999999999476e-01 2.583007999999999971e+00
2.722169999999999868e-01 1.715087999999999946e+00 6.152339999999999476e-01 2.583007999999999971e+00
2.722169999999999868e-01 1.713867000000000029e+00 6.152339999999999476e-01 2.585449000000000108e+00
2.697749999999999870e-01 1.713867000000000029e+00 6.140139999999999487e-01 2.583007999999999971e+00
2.697749999999999870e-01 1.710204999999999975e+00 6.127930000000000321e-01 2.575683999999999862e+00
2.685549999999999882e-01 1.707764000000000060e+00 6.127930000000000321e-01 2.575683999999999862e+00
2.685549999999999882e-01 1.707764000000000060e+00 6.115720000000000045e-01 2.583007999999999971e+00
2.661129999999999884e-01 1.704102000000000006e+00 6.103520000000000056e-01 2.573242000000000029e+00
2.648929999999999896e-01 1.704102000000000006e+00 6.103520000000000056e-01 2.573242000000000029e+00
2.636720000000000175e-01 1.704102000000000006e+00 6.103520000000000056e-01 2.578125000000000000e+00
2.636720000000000175e-01 1.704102000000000006e+00 6.115720000000000045e-01 2.573242000000000029e+00
2.612300000000000177e-01 1.697997999999999896e+00 6.103520000000000056e-01 2.573242000000000029e+00
2.612300000000000177e-01 1.697997999999999896e+00 6.103520000000000056e-01 2.567139000000000060e+00
2.600100000000000189e-01 1.695556999999999981e+00 6.103520000000000056e-01 2.564696999999999782e+00
2.587889999999999913e-01 1.694336000000000064e+00 6.066890000000000338e-01 2.564696999999999782e+00
2.587889999999999913e-01 1.694336000000000064e+00 6.066890000000000338e-01 2.563476999999999784e+00
2.563480000000000203e-01 1.694336000000000064e+00 6.054690000000000349e-01 2.567139000000000060e+00
2.551269999999999927e-01 1.685791000000000039e+00 6.054690000000000349e-01 2.563476999999999784e+00
2.539060000000000206e-01 1.684569999999999901e+00 6.042480000000000073e-01 2.563476999999999784e+00
2.526860000000000217e-01 1.684569999999999901e+00 6.030269999999999797e-01 2.563476999999999784e+00
2.502440000000000220e-01 1.678466999999999931e+00 6.018069999999999808e-01 2.553710999999999842e+00
2.490229999999999944e-01 1.677246000000000015e+00 6.005859999999999532e-01 2.553710999999999842e+00
2.478029999999999955e-01 1.674805000000000099e+00 6.005859999999999532e-01 2.547607000000000177e+00
2.453609999999999958e-01 1.674805000000000099e+00 6.005859999999999532e-01 2.545166000000000039e+00
2.453609999999999958e-01 1.668700999999999990e+00 6.005859999999999532e-01 2.546387000000000178e+00
2.429199999999999970e-01 1.667480000000000073e+00 5.969240000000000101e-01 2.543944999999999901e+00
2.416989999999999972e-01 1.666260000000000074e+00 5.957029999999999825e-01 2.543944999999999901e+00
2.404789999999999983e-01 1.665038999999999936e+00 5.957029999999999825e-01 2.543944999999999901e+00
2.392579999999999985e-01 1.665038999999999936e+00 5.957029999999999825e-01 2.536620999999999793e+00
2.392579999999999985e-01 1.665038999999999936e+00 5.944819999999999549e-01 2.537841999999999931e+00
2.368159999999999987e-01 1.660155999999999965e+00 5.957029999999999825e-01 2.534180000000000099e+00
2.355959999999999999e-01 1.658935999999999966e+00 5.932619999999999560e-01 2.534180000000000099e+00
2.343750000000000000e-01 1.655272999999999994e+00 5.920410000000000394e-01 2.534180000000000099e+00
2.343750000000000000e-01 1.655272999999999994e+00 5.920410000000000394e-01 2.528075999999999990e+00
2.331540000000000001e-01 1.655272999999999994e+00 5.920410000000000394e-01 2.524414000000000158e+00
2.319340000000000013e-01 1.649170000000000025e+00 5.908200000000000118e-01 2.528075999999999990e+00
2.294920000000000015e-01 1.646729000000000109e+00 5.908200000000000118e-01 2.524414000000000158e+00
2.294920000000000015e-01 1.646729000000000109e+00 5.908200000000000118e-01 2.524414000000000158e+00
2.282710000000000017e-01 1.645507999999999971e+00 5.908200000000000118e-01 2.524414000000000158e+00
2.282710000000000017e-01 1.645507999999999971e+00 5.908200000000000118e-01 2.519531000000000187e+00
2.258300000000000030e-01 1.645507999999999971e+00 5.908200000000000118e-01 2.524414000000000158e+00
2.258300000000000030e-01 1.646729000000000109e+00 5.908200000000000118e-01 2.524414000000000158e+00
2.258300000000000030e-01 1.645507999999999971e+00 5.908200000000000118e-01 2.524414000000000158e+00
2.258300000000000030e-01 1.646729000000000109e+00 5.908200000000000118e-01 2.517090000000000050e+00
2.258300000000000030e-01 1.645507999999999971e+00 5.908200000000000118e-01 2.524414000000000158e+00
2.258300000000000030e-01 1.647949000000000108e+00 5.908200000000000118e-01 2.517090000000000050e+00
2.258300000000000030e-01 1.646729000000000109e+00 5.920410000000000394e-01 2.517090000000000050e+00
2.258300000000000030e-01 1.647949000000000108e+00 5.920410000000000394e-01 2.524414000000000158e+00
2.270510000000000028e-01 1.655272999999999994e+00 5.920410000000000394e-01 2.524414000000000158e+00
2.282710000000000017e-01 1.649170000000000025e+00 5.920410000000000394e-01 2.524414000000000158e+00
2.282710000000000017e-01 1.650390999999999941e+00 5.932619999999999560e-01 2.524414000000000158e+00
2.294920000000000015e-01 1.655272999999999994e+00 5.920410000000000394e-01 2.519531000000000187e+00
2.294920000000000015e-01 1.655272999999999994e+00 5.944819999999999549e-01 2.518311000000000188e+00
2.294920000000000015e-01 1.655272999999999994e+00 5.932619999999999560e-01 2.524414000000000158e+00
2.294920000000000015e-01 1.650390999999999941e+00 5.944819999999999549e-01 2.524414000000000158e+00
2.294920000000000015e-01 1.655272999999999994e+00 5.944819999999999549e-01 2.524414000000000158e+00
2.294920000000000015e-01 1.649170000000000025e+00 5.932619999999999560e-01 2.524414000000000158e+00
2.294920000000000015e-01 1.646729000000000109e+00 5.920410000000000394e-01 2.524414000000000158e+00
2.294920000000000015e-01 1.647949000000000108e+00 5.920410000000000394e-01 2.518311000000000188e+00
2.294920000000000015e-01 1.646729000000000109e+00 5.920410000000000394e-01 2.518311000000000188e+00
2.294920000000000015e-01 1.646729000000000109e+00 5.920410000000000394e-01 2.518311000000000188e+00
2.294920000000000015e-01 1.650390999999999941e+00 5.920410000000000394e-01 2.524414000000000158e+00
2.294920000000000015e-01 1.655272999999999994e+00 5.920410000000000394e-01 2.524414000000000158e+00
2.307130000000000014e-01 1.655272999999999994e+00 5.944819999999999549e-01 2.518311000000000188e+00
2.307130000000000014e-01 1.655272999999999994e+00 5.957029999999999825e-01 2.524414000000000158e+00
2.331540000000000001e-01 1.656493999999999911e+00 5.969240000000000101e-01 2.524414000000000158e+00
2.331540000000000001e-01 1.656493999999999911e+00 5.969240000000000101e-01 2.524414000000000158e+00
2.343750000000000000e-01 1.658935999999999966e+00 6.005859999999999532e-01 2.524414000000000158e+00
2.343750000000000000e-01 1.658935999999999966e+00 6.005859999999999532e-01 2.525634999999999852e+00
2.368159999999999987e-01 1.665038999999999936e+00 6.005859999999999532e-01 2.525634999999999852e+00
2.380369999999999986e-01 1.665038999999999936e+00 6.005859999999999532e-01 2.528075999999999990e+00
2.392579999999999985e-01 1.666260000000000074e+00 6.018069999999999808e-01 2.534180000000000099e+00
2.404789999999999983e-01 1.674805000000000099e+00 6.018069999999999808e-01 2.531737999999999822e+00
2.441409999999999969e-01 1.674805000000000099e+00 6.054690000000000349e-01 2.534180000000000099e+00
2.490229999999999944e-01 1.684569999999999901e+00 6.103520000000000056e-01 2.543944999999999901e+00
2.502440000000000220e-01 1.687011999999999956e+00 6.103520000000000056e-01 2.548827999999999872e+00
2.539060000000000206e-01 1.696776999999999980e+00 6.140139999999999487e-01 2.553710999999999842e+00
2.587889999999999913e-01 1.704102000000000006e+00 6.201170000000000293e-01 2.554931999999999981e+00
2.648929999999999896e-01 1.718750000000000000e+00 6.237789999999999724e-01 2.564696999999999782e+00
2.722169999999999868e-01 1.733397999999999994e+00 6.298829999999999707e-01 2.573242000000000029e+00
2.783200000000000118e-01 1.743163999999999936e+00 6.335450000000000248e-01 2.583007999999999971e+00
2.856449999999999823e-01 1.749268000000000045e+00 6.396479999999999944e-01 2.592773000000000216e+00
2.929689999999999794e-01 1.762694999999999901e+00 6.433109999999999662e-01 2.602539000000000158e+00
2.990720000000000045e-01 1.772461000000000064e+00 6.494140000000000468e-01 2.612305000000000099e+00
3.051760000000000028e-01 1.774901999999999980e+00 6.506349999999999634e-01 2.615966999999999931e+00
3.112789999999999724e-01 1.784667999999999921e+00 6.530759999999999899e-01 2.623291000000000039e+00
3.173830000000000262e-01 1.801757999999999971e+00 6.591799999999999882e-01 2.633056999999999981e+00
3.283690000000000220e-01 1.821288999999999936e+00 6.652829999999999577e-01 2.644042999999999921e+00
3.405759999999999899e-01 1.843261999999999956e+00 6.787109999999999532e-01 2.661132999999999971e+00
3.564450000000000118e-01 1.879882999999999971e+00 6.884770000000000056e-01 2.680664000000000158e+00
3.710939999999999794e-01 1.914063000000000070e+00 7.031250000000000000e-01 2.700194999999999901e+00
3.918460000000000276e-01 1.948242000000000029e+00 7.189940000000000220e-01 2.719726999999999784e+00
4.150389999999999913e-01 1.978760000000000074e+00 7.373049999999999882e-01 2.749023000000000216e+00
4.357909999999999839e-01 2.009276999999999980e+00 7.519529999999999825e-01 2.778319999999999901e+00
4.589840000000000031e-01 2.036132999999999971e+00 7.666020000000000056e-01 2.801514000000000060e+00
4.797359999999999958e-01 2.056884999999999852e+00 7.812500000000000000e-01 2.821044999999999803e+00
4.980470000000000175e-01 2.075194999999999901e+00 7.958979999999999944e-01 2.846680000000000099e+00
5.163569999999999549e-01 2.095946999999999782e+00 8.020019999999999927e-01 2.869873000000000118e+00
5.163569999999999549e-01 2.095946999999999782e+00 8.020019999999999927e-01 2.869873000000000118e+00
5.517579999999999707e-01 2.135009999999999852e+00 8.251950000000000118e-01 2.915039000000000158e+00
5.676269999999999927e-01 2.154541000000000039e+00 8.349609999999999532e-01 2.928466999999999931e+00
5.822749999999999870e-01 2.172851999999999784e+00 8.447270000000000056e-01 2.946776999999999980e+00
5.969240000000000101e-01 2.183838000000000168e+00 8.544920000000000293e-01 2.963867000000000029e+00
6.103520000000000056e-01 2.202148000000000216e+00 8.642579999999999707e-01 2.983398000000000216e+00
6.213379999999999459e-01 2.208251999999999882e+00 8.691410000000000524e-01 2.993164000000000158e+00
6.311039999999999983e-01 2.213134999999999852e+00 8.740229999999999944e-01 3.004150000000000098e+00
6.408690000000000220e-01 2.224120999999999793e+00 8.752440000000000220e-01 3.012694999999999901e+00
6.494140000000000468e-01 2.231444999999999901e+00 8.801269999999999927e-01 3.022460999999999842e+00
6.542970000000000175e-01 2.231444999999999901e+00 8.837890000000000468e-01 3.032226999999999784e+00
6.603999999999999870e-01 2.232666000000000039e+00 8.837890000000000468e-01 3.032226999999999784e+00
6.628420000000000423e-01 2.231444999999999901e+00 8.837890000000000468e-01 3.034667999999999921e+00
6.640629999999999589e-01 2.231444999999999901e+00 8.837890000000000468e-01 3.041992000000000029e+00
6.652829999999999577e-01 2.225341999999999931e+00 8.789059999999999651e-01 3.041992000000000029e+00
6.640629999999999589e-01 2.221680000000000099e+00 8.752440000000000220e-01 3.041992000000000029e+00
6.628420000000000423e-01 2.214354999999999851e+00 8.740229999999999944e-01 3.035889000000000060e+00
6.603999999999999870e-01 2.207031000000000187e+00 8.679200000000000248e-01 3.041992000000000029e+00
6.555180000000000451e-01 2.203368999999999911e+00 8.605960000000000276e-01 3.033446999999999782e+00
6.518549999999999622e-01 2.192382999999999971e+00 8.557129999999999459e-01 3.032226999999999784e+00
6.494140000000000468e-01 2.182617000000000029e+00 8.483889999999999487e-01 3.022460999999999842e+00
6.408690000000000220e-01 2.172851999999999784e+00 8.447270000000000056e-01 3.015137000000000178e+00
6.359860000000000513e-01 2.163085999999999842e+00 8.361819999999999808e-01 3.012694999999999901e+00
6.311039999999999983e-01 2.154541000000000039e+00 8.349609999999999532e-01 3.005370999999999793e+00
6.250000000000000000e-01 2.147216999999999931e+00 8.251950000000000118e-01 3.002930000000000099e+00
6.201170000000000293e-01 2.143555000000000099e+00 8.203129999999999589e-01 2.993164000000000158e+00
6.152339999999999476e-01 2.133789000000000158e+00 8.154299999999999882e-01 2.993164000000000158e+00
6.103520000000000056e-01 2.117919999999999803e+00 8.093259999999999899e-01 2.983398000000000216e+00
6.018069999999999808e-01 2.109375000000000000e+00 8.056640000000000468e-01 2.973632999999999971e+00
5.957029999999999825e-01 2.097167999999999921e+00 7.971190000000000220e-01 2.973632999999999971e+00
5.859379999999999589e-01 2.086181999999999981e+00 7.897950000000000248e-01 2.963867000000000029e+00
5.798339999999999606e-01 2.075194999999999901e+00 7.861329999999999707e-01 2.952881000000000089e+00
5.725099999999999634e-01 2.065430000000000099e+00 7.763670000000000293e-01 2.944335999999999842e+00
5.651859999999999662e-01 2.055664000000000158e+00 7.702639999999999487e-01 2.935791000000000039e+00
5.566410000000000524e-01 2.039794999999999803e+00 7.617190000000000349e-01 2.926025000000000098e+00
5.468750000000000000e-01 2.031250000000000000e+00 7.568359999999999532e-01 2.918700999999999990e+00
5.395510000000000028e-01 2.017821999999999782e+00 7.482910000000000394e-01 2.915039000000000158e+00
5.322270000000000056e-01 2.006835999999999842e+00 7.421879999999999589e-01 2.905273000000000216e+00
5.236819999999999808e-01 1.997069999999999901e+00 7.373049999999999882e-01 2.900390999999999941e+00
5.139160000000000394e-01 1.987305000000000099e+00 7.299799999999999622e-01 2.885742000000000029e+00
5.065920000000000423e-01 1.977538999999999936e+00 7.238769999999999927e-01 2.877196999999999782e+00
4.980470000000000175e-01 1.968993999999999911e+00 7.189940000000000220e-01 2.875976999999999784e+00
4.895019999999999927e-01 1.958007999999999971e+00 7.116700000000000248e-01 2.860107000000000177e+00
4.833979999999999944e-01 1.951904000000000083e+00 7.080079999999999707e-01 2.856444999999999901e+00
4.748539999999999983e-01 1.944579999999999975e+00 7.031250000000000000e-01 2.846680000000000099e+00
4.687500000000000000e-01 1.938477000000000006e+00 6.994629999999999459e-01 2.838134999999999852e+00
4.638669999999999738e-01 1.932372999999999896e+00 6.982420000000000293e-01 2.836914000000000158e+00
4.565429999999999766e-01 1.928711000000000064e+00 6.921389999999999487e-01 2.827148000000000216e+00
4.492189999999999794e-01 1.921386999999999956e+00 6.884770000000000056e-01 2.819824000000000108e+00
4.443360000000000087e-01 1.918944999999999901e+00 6.884770000000000056e-01 2.817382999999999971e+00
4.370120000000000116e-01 1.910400000000000098e+00 6.799319999999999808e-01 2.807617000000000029e+00
4.309080000000000132e-01 1.909180000000000099e+00 6.787109999999999532e-01 2.807617000000000029e+00
4.260249999999999870e-01 1.900635000000000074e+00 6.787109999999999532e-01 2.799071999999999782e+00
4.199220000000000175e-01 1.899413999999999936e+00 6.738279999999999825e-01 2.797851999999999784e+00
4.150389999999999913e-01 1.890868999999999911e+00 6.701660000000000394e-01 2.781982000000000177e+00
4.089360000000000217e-01 1.889647999999999994e+00 6.689450000000000118e-01 2.788085999999999842e+00
4.052729999999999944e-01 1.879882999999999971e+00 6.640629999999999589e-01 2.778319999999999901e+00
3.967289999999999983e-01 1.871337999999999946e+00 6.603999999999999870e-01 2.770995999999999793e+00
3.918460000000000276e-01 1.870117000000000029e+00 6.591799999999999882e-01 2.768555000000000099e+00
3.857419999999999738e-01 1.861572000000000005e+00 6.542970000000000175e-01 2.761229999999999851e+00
3.796390000000000042e-01 1.860352000000000006e+00 6.518549999999999622e-01 2.758789000000000158e+00
3.759770000000000056e-01 1.850586000000000064e+00 6.494140000000000468e-01 2.751465000000000050e+00
3.686519999999999797e-01 1.845703000000000094e+00 6.457519999999999927e-01 2.749023000000000216e+00
3.662110000000000087e-01 1.842041000000000039e+00 6.433109999999999662e-01 2.739257999999999971e+00
3.588870000000000116e-01 1.840819999999999901e+00 6.408690000000000220e-01 2.739257999999999971e+00
3.564450000000000118e-01 1.832275000000000098e+00 6.396479999999999944e-01 2.730713000000000168e+00
3.491210000000000147e-01 1.831055000000000099e+00 6.396479999999999944e-01 2.734375000000000000e+00
3.466799999999999882e-01 1.822510000000000074e+00 6.347660000000000524e-01 2.722167999999999921e+00
3.405759999999999899e-01 1.821288999999999936e+00 6.323239999999999972e-01 2.719726999999999784e+00
3.356930000000000192e-01 1.813965000000000050e+00 6.298829999999999707e-01 2.719726999999999784e+00
3.308110000000000217e-01 1.812743999999999911e+00 6.298829999999999707e-01 2.709960999999999842e+00
3.271479999999999944e-01 1.804199000000000108e+00 6.262210000000000276e-01 2.702637000000000178e+00
3.210450000000000248e-01 1.804199000000000108e+00 6.237789999999999724e-01 2.700194999999999901e+00
3.173830000000000262e-01 1.801757999999999971e+00 6.225589999999999735e-01 2.700194999999999901e+00
3.125000000000000000e-01 1.791992000000000029e+00 6.201170000000000293e-01 2.690430000000000099e+00
3.088380000000000014e-01 1.791992000000000029e+00 6.201170000000000293e-01 2.690430000000000099e+00
3.088380000000000014e-01 1.791992000000000029e+00 6.201170000000000293e-01 2.690430000000000099e+00
3.088380000000000014e-01 1.791992000000000029e+00 6.201170000000000293e-01 2.690430000000000099e+00
3.039549999999999752e-01 1.782227000000000006e+00 6.164549999999999752e-01 2.683104999999999851e+00
2.990720000000000045e-01 1.777344000000000035e+00 6.140139999999999487e-01 2.680664000000000158e+00
2.941889999999999783e-01 1.773681999999999981e+00 6.115720000000000045e-01 2.672118999999999911e+00
2.893069999999999808e-01 1.772461000000000064e+00 6.103520000000000056e-01 2.670898000000000216e+00
2.844240000000000101e-01 1.765136999999999956e+00 6.103520000000000056e-01 2.662354000000000109e+00
2.832029999999999825e-01 1.756591999999999931e+00 6.054690000000000349e-01 2.661132999999999971e+00
2.783200000000000118e-01 1.754150000000000098e+00 6.042480000000000073e-01 2.661132999999999971e+00
2.734380000000000144e-01 1.752930000000000099e+00 6.018069999999999808e-01 2.652588000000000168e+00
2.697749999999999870e-01 1.746825999999999990e+00 6.018069999999999808e-01 2.651367000000000029e+00
2.673340000000000161e-01 1.743163999999999936e+00 6.005859999999999532e-01 2.644042999999999921e+00
2.624509999999999899e-01 1.743163999999999936e+00 5.969240000000000101e-01 2.641601999999999784e+00
2.587889999999999913e-01 1.738280999999999965e+00 5.969240000000000101e-01 2.636718999999999813e+00
2.551269999999999927e-01 1.738280999999999965e+00 5.957029999999999825e-01 2.633056999999999981e+00
2.526860000000000217e-01 1.728515999999999941e+00 5.932619999999999560e-01 2.631835999999999842e+00
2.490229999999999944e-01 1.727295000000000025e+00 5.920410000000000394e-01 2.624512000000000178e+00
2.478029999999999955e-01 1.724854000000000109e+00 5.920410000000000394e-01 2.622069999999999901e+00
2.453609999999999958e-01 1.724854000000000109e+00 5.908200000000000118e-01 2.622069999999999901e+00
2.416989999999999972e-01 1.724854000000000109e+00 5.908200000000000118e-01 2.615966999999999931e+00
2.404789999999999983e-01 1.723632999999999971e+00 5.920410000000000394e-01 2.622069999999999901e+00
2.404789999999999983e-01 1.723632999999999971e+00 5.920410000000000394e-01 2.615966999999999931e+00
2.392579999999999985e-01 1.723632999999999971e+00 5.920410000000000394e-01 2.615966999999999931e+00
2.368159999999999987e-01 1.723632999999999971e+00 5.920410000000000394e-01 2.612305000000000099e+00
2.355959999999999999e-01 1.723632999999999971e+00 5.957029999999999825e-01 2.614745999999999793e+00
2.343750000000000000e-01 1.723632999999999971e+00 5.920410000000000394e-01 2.613525000000000098e+00
2.343750000000000000e-01 1.723632999999999971e+00 5.932619999999999560e-01 2.612305000000000099e+00
2.331540000000000001e-01 1.719970999999999917e+00 5.920410000000000394e-01 2.606200999999999990e+00
2.319340000000000013e-01 1.723632999999999971e+00 5.920410000000000394e-01 2.612305000000000099e+00
2.307130000000000014e-01 1.723632999999999971e+00 5.920410000000000394e-01 2.612305000000000099e+00
2.307130000000000014e-01 1.718750000000000000e+00 5.920410000000000394e-01 2.604979999999999851e+00
2.294920000000000015e-01 1.718750000000000000e+00 5.920410000000000394e-01 2.606200999999999990e+00
2.270510000000000028e-01 1.715087999999999946e+00 5.920410000000000394e-01 2.602539000000000158e+00
2.258300000000000030e-01 1.713867000000000029e+00 5.908200000000000118e-01 2.603759999999999852e+00
2.246090000000000031e-01 1.713867000000000029e+00 5.908200000000000118e-01 2.602539000000000158e+00
2.233890000000000042e-01 1.713867000000000029e+00 5.908200000000000118e-01 2.602539000000000158e+00
2.221680000000000044e-01 1.707764000000000060e+00 5.908200000000000118e-01 2.597656000000000187e+00
2.209470000000000045e-01 1.705322000000000005e+00 5.871579999999999577e-01 2.593993999999999911e+00
2.185060000000000058e-01 1.704102000000000006e+00 5.871579999999999577e-01 2.592773000000000216e+00
2.172850000000000059e-01 1.697997999999999896e+00 5.859379999999999589e-01 2.595215000000000050e+00
2.148440000000000072e-01 1.695556999999999981e+00 5.859379999999999589e-01 2.592773000000000216e+00
2.148440000000000072e-01 1.694336000000000064e+00 5.859379999999999589e-01 2.585449000000000108e+00
2.124020000000000075e-01 1.694336000000000064e+00 5.847170000000000423e-01 2.584229000000000109e+00
2.111820000000000086e-01 1.694336000000000064e+00 5.847170000000000423e-01 2.583007999999999971e+00
2.099610000000000087e-01 1.687011999999999956e+00 5.847170000000000423e-01 2.583007999999999971e+00
2.087400000000000089e-01 1.684569999999999901e+00 5.822749999999999870e-01 2.583007999999999971e+00
