6.469700000000000450e-02 1.215819999999999901e+00 5.126950000000000118e-01 2.055664000000000158e+00 2.149658000000000069e+00
6.469700000000000450e-02 1.215819999999999901e+00 5.139160000000000394e-01 2.055664000000000158e+00 2.154541000000000039e+00
6.469700000000000450e-02 1.215819999999999901e+00 5.126950000000000118e-01 2.055664000000000158e+00 2.143555000000000099e+00
6.347700000000000564e-02 1.215819999999999901e+00 5.126950000000000118e-01 2.055664000000000158e+00 2.135009999999999852e+00
6.347700000000000564e-02 1.215819999999999901e+00 5.126950000000000118e-01 2.055664000000000158e+00 2.135009999999999852e+00
6.469700000000000450e-02 1.215819999999999901e+00 5.126950000000000118e-01 2.055664000000000158e+00 2.133789000000000158e+00
6.347700000000000564e-02 1.215819999999999901e+00 5.126950000000000118e-01 2.055664000000000158e+00 2.133789000000000158e+00
6.469700000000000450e-02 1.215819999999999901e+00 5.126950000000000118e-01 2.056884999999999852e+00 2.114257999999999971e+00
6.469700000000000450e-02 1.215819999999999901e+00 5.126950000000000118e-01 2.058104999999999851e+00 2.124023000000000216e+00
6.469700000000000450e-02 1.215819999999999901e+00 5.126950000000000118e-01 2.056884999999999852e+00 2.109375000000000000e+00
6.469700000000000450e-02 1.215819999999999901e+00 5.126950000000000118e-01 2.055664000000000158e+00 2.125243999999999911e+00
6.469700000000000450e-02 1.215819999999999901e+00 5.139160000000000394e-01 2.055664000000000158e+00 2.133789000000000158e+00
6.469700000000000450e-02 1.215819999999999901e+00 5.126950000000000118e-01 2.055664000000000158e+00 2.133789000000000158e+00
6.469700000000000450e-02 1.215819999999999901e+00 5.126950000000000118e-01 2.055664000000000158e+00 2.135009999999999852e+00
6.469700000000000450e-02 1.215819999999999901e+00 5.126950000000000118e-01 2.055664000000000158e+00 2.133789000000000158e+00
6.469700000000000450e-02 1.215819999999999901e+00 5.139160000000000394e-01 2.055664000000000158e+00 2.137450999999999990e+00
6.469700000000000450e-02 1.215819999999999901e+00 5.126950000000000118e-01 2.055664000000000158e+00 2.143555000000000099e+00
6.469700000000000450e-02 1.215819999999999901e+00 5.126950000000000118e-01 2.056884999999999852e+00 2.116699000000000108e+00
6.469700000000000450e-02 1.215819999999999901e+00 5.139160000000000394e-01 2.055664000000000158e+00 2.135009999999999852e+00
6.469700000000000450e-02 1.215819999999999901e+00 5.139160000000000394e-01 2.055664000000000158e+00 2.136229999999999851e+00
6.469700000000000450e-02 1.215819999999999901e+00 5.126950000000000118e-01 2.058104999999999851e+00 2.143555000000000099e+00
6.469700000000000450e-02 1.215819999999999901e+00 5.126950000000000118e-01 2.055664000000000158e+00 2.135009999999999852e+00
6.469700000000000450e-02 1.217041000000000039e+00 5.126950000000000118e-01 2.055664000000000158e+00 2.133789000000000158e+00
6.469700000000000450e-02 1.215819999999999901e+00 5.126950000000000118e-01 2.055664000000000158e+00 2.133789000000000158e+00
6.469700000000000450e-02 1.215819999999999901e+00 5.126950000000000118e-01 2.055664000000000158e+00 2.137450999999999990e+00
6.347700000000000564e-02 1.215819999999999901e+00 5.126950000000000118e-01 2.055664000000000158e+00 2.143555000000000099e+00
6.347700000000000564e-02 1.215819999999999901e+00 5.139160000000000394e-01 2.055664000000000158e+00 2.147216999999999931e+00
6.469700000000000450e-02 1.215819999999999901e+00 5.126950000000000118e-01 2.055664000000000158e+00 2.145995999999999793e+00
6.347700000000000564e-02 1.215819999999999901e+00 5.139160000000000394e-01 2.055664000000000158e+00 2.153319999999999901e+00
6.347700000000000564e-02 1.215819999999999901e+00 5.126950000000000118e-01 2.055664000000000158e+00 2.144775000000000098e+00
6.469700000000000450e-02 1.215819999999999901e+00 5.139160000000000394e-01 2.055664000000000158e+00 2.143555000000000099e+00
6.347700000000000564e-02 1.215819999999999901e+00 5.126950000000000118e-01 2.055664000000000158e+00 2.137450999999999990e+00
6.469700000000000450e-02 1.215819999999999901e+00 5.126950000000000118e-01 2.056884999999999852e+00 2.124023000000000216e+00
6.469700000000000450e-02 1.215819999999999901e+00 5.139160000000000394e-01 2.055664000000000158e+00 2.127686000000000188e+00
6.347700000000000564e-02 1.215819999999999901e+00 5.126950000000000118e-01 2.056884999999999852e+00 2.117919999999999803e+00
6.469700000000000450e-02 1.215819999999999901e+00 5.139160000000000394e-01 2.055664000000000158e+00 2.133789000000000158e+00
6.347700000000000564e-02 1.215819999999999901e+00 5.139160000000000394e-01 2.055664000000000158e+00 2.135009999999999852e+00
6.469700000000000450e-02 1.217041000000000039e+00 5.139160000000000394e-01 2.055664000000000158e+00 2.133789000000000158e+00
6.591800000000000437e-02 1.218261999999999956e+00 5.139160000000000394e-01 2.055664000000000158e+00 2.138672000000000128e+00
6.591800000000000437e-02 1.220703000000000094e+00 5.139160000000000394e-01 2.055664000000000158e+00 2.153319999999999901e+00
6.591800000000000437e-02 1.225586000000000064e+00 5.139160000000000394e-01 2.058104999999999851e+00 2.147216999999999931e+00
6.713900000000000423e-02 1.225586000000000064e+00 5.163569999999999549e-01 2.058104999999999851e+00 2.154541000000000039e+00
6.713900000000000423e-02 1.226806999999999981e+00 5.139160000000000394e-01 2.059325999999999990e+00 2.124023000000000216e+00
6.835900000000000309e-02 1.226806999999999981e+00 5.163569999999999549e-01 2.060547000000000128e+00 2.133789000000000158e+00
6.958000000000000296e-02 1.230469000000000035e+00 5.163569999999999549e-01 2.065430000000000099e+00 2.143555000000000099e+00
7.080100000000000282e-02 1.236572000000000005e+00 5.175779999999999825e-01 2.065430000000000099e+00 2.145995999999999793e+00
7.324200000000000155e-02 1.240234000000000059e+00 5.187990000000000101e-01 2.070313000000000070e+00 2.154541000000000039e+00
7.324200000000000155e-02 1.245117000000000029e+00 5.187990000000000101e-01 2.067870999999999793e+00 2.147216999999999931e+00
7.568400000000000127e-02 1.246337999999999946e+00 5.224609999999999532e-01 2.069091999999999931e+00 2.133789000000000158e+00
7.690400000000000014e-02 1.251220999999999917e+00 5.224609999999999532e-01 2.075194999999999901e+00 2.133789000000000158e+00
7.812500000000000000e-02 1.254882999999999971e+00 5.236819999999999808e-01 2.075194999999999901e+00 2.147216999999999931e+00
7.934599999999999986e-02 1.264647999999999994e+00 5.261230000000000073e-01 2.077637000000000178e+00 2.163085999999999842e+00
8.300799999999999845e-02 1.265868999999999911e+00 5.273440000000000349e-01 2.084960999999999842e+00 2.153319999999999901e+00
8.422899999999999832e-02 1.274413999999999936e+00 5.285640000000000338e-01 2.086181999999999981e+00 2.136229999999999851e+00
8.666999999999999704e-02 1.284180000000000099e+00 5.310059999999999780e-01 2.094726999999999784e+00 2.156982000000000177e+00
9.033199999999999563e-02 1.293944999999999901e+00 5.322270000000000056e-01 2.104492000000000029e+00 2.172851999999999784e+00
9.521499999999999408e-02 1.304931999999999981e+00 5.371089999999999476e-01 2.104492000000000029e+00 2.172851999999999784e+00
1.025390000000000051e-01 1.323242000000000029e+00 5.432129999999999459e-01 2.114257999999999971e+00 2.172851999999999784e+00
1.086430000000000035e-01 1.343993999999999911e+00 5.517579999999999707e-01 2.133789000000000158e+00 2.182617000000000029e+00
1.184079999999999994e-01 1.367188000000000070e+00 5.578610000000000513e-01 2.143555000000000099e+00 2.192382999999999971e+00
1.281740000000000101e-01 1.391602000000000006e+00 5.664059999999999651e-01 2.163085999999999842e+00 2.202148000000000216e+00
1.403810000000000058e-01 1.412354000000000109e+00 5.761720000000000175e-01 2.182617000000000029e+00 2.213134999999999852e+00
1.513670000000000015e-01 1.435546999999999906e+00 5.834960000000000147e-01 2.202148000000000216e+00 2.221680000000000099e+00
1.611329999999999985e-01 1.455078000000000094e+00 5.908200000000000118e-01 2.221680000000000099e+00 2.233887000000000178e+00
1.721189999999999942e-01 1.469727000000000006e+00 5.957029999999999825e-01 2.241210999999999842e+00 2.260742000000000029e+00
1.806639999999999913e-01 1.484375000000000000e+00 6.005859999999999532e-01 2.260742000000000029e+00 2.265625000000000000e+00
1.904299999999999882e-01 1.494140999999999941e+00 6.018069999999999808e-01 2.271729000000000109e+00 2.265625000000000000e+00
1.965330000000000132e-01 1.503905999999999965e+00 6.054690000000000349e-01 2.290039000000000158e+00 2.282715000000000050e+00
2.026370000000000116e-01 1.513671999999999906e+00 6.066890000000000338e-01 2.299805000000000099e+00 2.303466999999999931e+00
2.099610000000000087e-01 1.518555000000000099e+00 6.103520000000000056e-01 2.309569999999999901e+00 2.309569999999999901e+00
2.148440000000000072e-01 1.522216999999999931e+00 6.103520000000000056e-01 2.320556999999999981e+00 2.283936000000000188e+00
2.197270000000000056e-01 1.528319999999999901e+00 6.115720000000000045e-01 2.329101999999999784e+00 2.303466999999999931e+00
2.233890000000000042e-01 1.528319999999999901e+00 6.115720000000000045e-01 2.338867000000000029e+00 2.324218999999999813e+00
2.258300000000000030e-01 1.531981999999999955e+00 6.115720000000000045e-01 2.348632999999999971e+00 2.338867000000000029e+00
2.294920000000000015e-01 1.533203000000000094e+00 6.127930000000000321e-01 2.353515999999999941e+00 2.330321999999999782e+00
2.307130000000000014e-01 1.531981999999999955e+00 6.115720000000000045e-01 2.358398000000000216e+00 2.330321999999999782e+00
2.331540000000000001e-01 1.538086000000000064e+00 6.103520000000000056e-01 2.358398000000000216e+00 2.329101999999999784e+00
2.355959999999999999e-01 1.538086000000000064e+00 6.103520000000000056e-01 2.368164000000000158e+00 2.319335999999999842e+00
2.355959999999999999e-01 1.538086000000000064e+00 6.103520000000000056e-01 2.368164000000000158e+00 2.329101999999999784e+00
2.392579999999999985e-01 1.542969000000000035e+00 6.103520000000000056e-01 2.370604999999999851e+00 2.338867000000000029e+00
2.404789999999999983e-01 1.547852000000000006e+00 6.103520000000000056e-01 2.380370999999999793e+00 2.338867000000000029e+00
2.441409999999999969e-01 1.557617000000000029e+00 6.115720000000000045e-01 2.387694999999999901e+00 2.348632999999999971e+00
2.465819999999999956e-01 1.558837999999999946e+00 6.152339999999999476e-01 2.387694999999999901e+00 2.348632999999999971e+00
2.502440000000000220e-01 1.567382999999999971e+00 6.164549999999999752e-01 2.397460999999999842e+00 2.358398000000000216e+00
2.612300000000000177e-01 1.586913999999999936e+00 6.237789999999999724e-01 2.416992000000000029e+00 2.368164000000000158e+00
2.685549999999999882e-01 1.600341999999999931e+00 6.298829999999999707e-01 2.426757999999999971e+00 2.369384999999999852e+00
2.734380000000000144e-01 1.616211000000000064e+00 6.335450000000000248e-01 2.437743999999999911e+00 2.360840000000000050e+00
2.819820000000000104e-01 1.627197000000000005e+00 6.396479999999999944e-01 2.448729999999999851e+00 2.390137000000000178e+00
2.905269999999999797e-01 1.645507999999999971e+00 6.469730000000000203e-01 2.465819999999999901e+00 2.402343999999999813e+00
2.990720000000000045e-01 1.656493999999999911e+00 6.506349999999999634e-01 2.479248000000000118e+00 2.407226999999999784e+00
3.076169999999999738e-01 1.674805000000000099e+00 6.591799999999999882e-01 2.495117000000000029e+00 2.407226999999999784e+00
3.234859999999999958e-01 1.695556999999999981e+00 6.652829999999999577e-01 2.519531000000000187e+00 2.414550999999999892e+00
3.295899999999999941e-01 1.705322000000000005e+00 6.689450000000000118e-01 2.534180000000000099e+00 2.456055000000000099e+00
3.381350000000000189e-01 1.713867000000000029e+00 6.726069999999999549e-01 2.537841999999999931e+00 2.436523000000000216e+00
3.430179999999999896e-01 1.723632999999999971e+00 6.738279999999999825e-01 2.553710999999999842e+00 2.436523000000000216e+00
3.466799999999999882e-01 1.724854000000000109e+00 6.750490000000000101e-01 2.556151999999999980e+00 2.457275000000000098e+00
3.503419999999999868e-01 1.728515999999999941e+00 6.787109999999999532e-01 2.563476999999999784e+00 2.459716999999999931e+00
3.564450000000000118e-01 1.733397999999999994e+00 6.787109999999999532e-01 2.567139000000000060e+00 2.456055000000000099e+00
3.576659999999999839e-01 1.733397999999999994e+00 6.787109999999999532e-01 2.573242000000000029e+00 2.457275000000000098e+00
3.601070000000000104e-01 1.744385000000000074e+00 6.799319999999999808e-01 2.583007999999999971e+00 2.467041000000000039e+00
3.637699999999999823e-01 1.744385000000000074e+00 6.823730000000000073e-01 2.583007999999999971e+00 2.475585999999999842e+00
3.662110000000000087e-01 1.746825999999999990e+00 6.823730000000000073e-01 2.592773000000000216e+00 2.485351999999999784e+00
3.698730000000000073e-01 1.752930000000000099e+00 6.835940000000000349e-01 2.592773000000000216e+00 2.485351999999999784e+00
3.710939999999999794e-01 1.754150000000000098e+00 6.835940000000000349e-01 2.595215000000000050e+00 2.495117000000000029e+00
3.735350000000000059e-01 1.752930000000000099e+00 6.835940000000000349e-01 2.596436000000000188e+00 2.478026999999999980e+00
3.759770000000000056e-01 1.754150000000000098e+00 6.823730000000000073e-01 2.602539000000000158e+00 2.489014000000000060e+00
3.759770000000000056e-01 1.752930000000000099e+00 6.811519999999999797e-01 2.602539000000000158e+00 2.504882999999999971e+00
3.759770000000000056e-01 1.746825999999999990e+00 6.799319999999999808e-01 2.602539000000000158e+00 2.504882999999999971e+00
3.735350000000000059e-01 1.743163999999999936e+00 6.787109999999999532e-01 2.602539000000000158e+00 2.495117000000000029e+00
3.710939999999999794e-01 1.743163999999999936e+00 6.750490000000000101e-01 2.602539000000000158e+00 2.495117000000000029e+00
3.698730000000000073e-01 1.734618999999999911e+00 6.726069999999999549e-01 2.595215000000000050e+00 2.495117000000000029e+00
3.674319999999999808e-01 1.733397999999999994e+00 6.701660000000000394e-01 2.593993999999999911e+00 2.485351999999999784e+00
3.662110000000000087e-01 1.724854000000000109e+00 6.652829999999999577e-01 2.592773000000000216e+00 2.485351999999999784e+00
3.625490000000000101e-01 1.723632999999999971e+00 6.628420000000000423e-01 2.584229000000000109e+00 2.475585999999999842e+00
3.576659999999999839e-01 1.713867000000000029e+00 6.603999999999999870e-01 2.583007999999999971e+00 2.478026999999999980e+00
3.540039999999999853e-01 1.706542999999999921e+00 6.567380000000000440e-01 2.579346000000000139e+00 2.476806999999999981e+00
3.515630000000000144e-01 1.704102000000000006e+00 6.530759999999999899e-01 2.578125000000000000e+00 2.469482000000000177e+00
3.466799999999999882e-01 1.694336000000000064e+00 6.494140000000000468e-01 2.573242000000000029e+00 2.485351999999999784e+00
3.430179999999999896e-01 1.685791000000000039e+00 6.457519999999999927e-01 2.563476999999999784e+00 2.485351999999999784e+00
3.381350000000000189e-01 1.678466999999999931e+00 6.433109999999999662e-01 2.563476999999999784e+00 2.479248000000000118e+00
3.344730000000000203e-01 1.674805000000000099e+00 6.396479999999999944e-01 2.553710999999999842e+00 2.485351999999999784e+00
3.308110000000000217e-01 1.666260000000000074e+00 6.359860000000000513e-01 2.546387000000000178e+00 2.479248000000000118e+00
3.271479999999999944e-01 1.658935999999999966e+00 6.311039999999999983e-01 2.543944999999999901e+00 2.485351999999999784e+00
3.173830000000000262e-01 1.645507999999999971e+00 6.250000000000000000e-01 2.534180000000000099e+00 2.458495999999999793e+00
3.125000000000000000e-01 1.636962999999999946e+00 6.213379999999999459e-01 2.524414000000000158e+00 2.469482000000000177e+00
3.076169999999999738e-01 1.630859000000000059e+00 6.201170000000000293e-01 2.519531000000000187e+00 2.468262000000000178e+00
3.039549999999999752e-01 1.625977000000000006e+00 6.164549999999999752e-01 2.514648000000000216e+00 2.470702999999999872e+00
2.978520000000000056e-01 1.616211000000000064e+00 6.127930000000000321e-01 2.504882999999999971e+00 2.465819999999999901e+00
2.929689999999999794e-01 1.606444999999999901e+00 6.103520000000000056e-01 2.504882999999999971e+00 2.448729999999999851e+00
2.880860000000000087e-01 1.606444999999999901e+00 6.054690000000000349e-01 2.495117000000000029e+00 2.456055000000000099e+00
2.783200000000000118e-01 1.589355000000000073e+00 6.005859999999999532e-01 2.485351999999999784e+00 2.436523000000000216e+00
2.746580000000000132e-01 1.586913999999999936e+00 5.969240000000000101e-01 2.476806999999999981e+00 2.429199000000000108e+00
2.697749999999999870e-01 1.577147999999999994e+00 5.944819999999999549e-01 2.475585999999999842e+00 2.427979000000000109e+00
2.648929999999999896e-01 1.577147999999999994e+00 5.920410000000000394e-01 2.465819999999999901e+00 2.426757999999999971e+00
2.612300000000000177e-01 1.567382999999999971e+00 5.908200000000000118e-01 2.465819999999999901e+00 2.421875000000000000e+00
2.563480000000000203e-01 1.561279000000000083e+00 5.871579999999999577e-01 2.456055000000000099e+00 2.430419999999999803e+00
2.526860000000000217e-01 1.557617000000000029e+00 5.847170000000000423e-01 2.448729999999999851e+00 2.441406000000000187e+00
2.490229999999999944e-01 1.551514000000000060e+00 5.822749999999999870e-01 2.446289000000000158e+00 2.436523000000000216e+00
2.453609999999999958e-01 1.547852000000000006e+00 5.810549999999999882e-01 2.436523000000000216e+00 2.416992000000000029e+00
2.404789999999999983e-01 1.542969000000000035e+00 5.798339999999999606e-01 2.436523000000000216e+00 2.412109000000000059e+00
2.392579999999999985e-01 1.539306999999999981e+00 5.773930000000000451e-01 2.431640999999999941e+00 2.421875000000000000e+00
2.343750000000000000e-01 1.538086000000000064e+00 5.761720000000000175e-01 2.426757999999999971e+00 2.416992000000000029e+00
2.307130000000000014e-01 1.528319999999999901e+00 5.737299999999999622e-01 2.418213000000000168e+00 2.401123000000000118e+00
2.307130000000000014e-01 1.528319999999999901e+00 5.737299999999999622e-01 2.418213000000000168e+00 2.401123000000000118e+00
2.270510000000000028e-01 1.528319999999999901e+00 5.712890000000000468e-01 2.416992000000000029e+00 2.397460999999999842e+00
2.233890000000000042e-01 1.522216999999999931e+00 5.712890000000000468e-01 2.409667999999999921e+00 2.392577999999999872e+00
2.197270000000000056e-01 1.518555000000000099e+00 5.676269999999999927e-01 2.407226999999999784e+00 2.399901999999999980e+00
2.160640000000000061e-01 1.512450999999999990e+00 5.664059999999999651e-01 2.399901999999999980e+00 2.407226999999999784e+00
2.136230000000000073e-01 1.510010000000000074e+00 5.664059999999999651e-01 2.397460999999999842e+00 2.387694999999999901e+00
2.099610000000000087e-01 1.508788999999999936e+00 5.651859999999999662e-01 2.391357000000000177e+00 2.385254000000000207e+00
2.062990000000000101e-01 1.500243999999999911e+00 5.627440000000000220e-01 2.387694999999999901e+00 2.387694999999999901e+00
2.038570000000000104e-01 1.499022999999999994e+00 5.615229999999999944e-01 2.387694999999999901e+00 2.377930000000000099e+00
2.001950000000000118e-01 1.494140999999999941e+00 5.615229999999999944e-01 2.379150000000000098e+00 2.370604999999999851e+00
1.965330000000000132e-01 1.489257999999999971e+00 5.578610000000000513e-01 2.377930000000000099e+00 2.377930000000000099e+00
1.940919999999999868e-01 1.489257999999999971e+00 5.578610000000000513e-01 2.377930000000000099e+00 2.371825999999999990e+00
1.916499999999999870e-01 1.484375000000000000e+00 5.578610000000000513e-01 2.368164000000000158e+00 2.379150000000000098e+00
1.867679999999999896e-01 1.480712999999999946e+00 5.554200000000000248e-01 2.368164000000000158e+00 2.373047000000000128e+00
1.855469999999999897e-01 1.479492000000000029e+00 5.529789999999999983e-01 2.359618999999999911e+00 2.377930000000000099e+00
1.818849999999999911e-01 1.474609000000000059e+00 5.529789999999999983e-01 2.358398000000000216e+00 2.359618999999999911e+00
1.782229999999999925e-01 1.470947000000000005e+00 5.529789999999999983e-01 2.353515999999999941e+00 2.360840000000000050e+00
1.770019999999999927e-01 1.469727000000000006e+00 5.517579999999999707e-01 2.349854000000000109e+00 2.368164000000000158e+00
1.745609999999999939e-01 1.469727000000000006e+00 5.493160000000000265e-01 2.348632999999999971e+00 2.348632999999999971e+00
1.721189999999999942e-01 1.464844000000000035e+00 5.480960000000000276e-01 2.348632999999999971e+00 2.351074000000000108e+00
1.672359999999999958e-01 1.459961000000000064e+00 5.480960000000000276e-01 2.338867000000000029e+00 2.343750000000000000e+00
1.647949999999999970e-01 1.459961000000000064e+00 5.468750000000000000e-01 2.338867000000000029e+00 2.358398000000000216e+00
1.635739999999999972e-01 1.453856999999999955e+00 5.468750000000000000e-01 2.332764000000000060e+00 2.348632999999999971e+00
1.611329999999999985e-01 1.455078000000000094e+00 5.468750000000000000e-01 2.332764000000000060e+00 2.330321999999999782e+00
1.586909999999999987e-01 1.452636999999999956e+00 5.456539999999999724e-01 2.330321999999999782e+00 2.329101999999999784e+00
1.574709999999999999e-01 1.450194999999999901e+00 5.444339999999999735e-01 2.329101999999999784e+00 2.320556999999999981e+00
1.562500000000000000e-01 1.451416000000000039e+00 5.456539999999999724e-01 2.322998000000000118e+00 2.332764000000000060e+00
1.538090000000000013e-01 1.450194999999999901e+00 5.444339999999999735e-01 2.320556999999999981e+00 2.343750000000000000e+00
1.525880000000000014e-01 1.450194999999999901e+00 5.444339999999999735e-01 2.319335999999999842e+00 2.338867000000000029e+00
1.513670000000000015e-01 1.444091999999999931e+00 5.444339999999999735e-01 2.320556999999999981e+00 2.332764000000000060e+00
1.501460000000000017e-01 1.444091999999999931e+00 5.432129999999999459e-01 2.319335999999999842e+00 2.338867000000000029e+00
1.489260000000000028e-01 1.442871000000000015e+00 5.432129999999999459e-01 2.314452999999999872e+00 2.338867000000000029e+00
1.477050000000000030e-01 1.441650000000000098e+00 5.432129999999999459e-01 2.310791000000000039e+00 2.330321999999999782e+00
1.464840000000000031e-01 1.441650000000000098e+00 5.432129999999999459e-01 2.310791000000000039e+00 2.319335999999999842e+00
1.452640000000000042e-01 1.441650000000000098e+00 5.432129999999999459e-01 2.313232000000000177e+00 2.319335999999999842e+00
1.440430000000000044e-01 1.440430000000000099e+00 5.432129999999999459e-01 2.309569999999999901e+00 2.313232000000000177e+00
1.440430000000000044e-01 1.440430000000000099e+00 5.432129999999999459e-01 2.309569999999999901e+00 2.330321999999999782e+00
1.428220000000000045e-01 1.441650000000000098e+00 5.432129999999999459e-01 2.309569999999999901e+00 2.330321999999999782e+00
1.428220000000000045e-01 1.441650000000000098e+00 5.432129999999999459e-01 2.309569999999999901e+00 2.329101999999999784e+00
1.428220000000000045e-01 1.440430000000000099e+00 5.432129999999999459e-01 2.304688000000000070e+00 2.329101999999999784e+00
1.428220000000000045e-01 1.441650000000000098e+00 5.432129999999999459e-01 2.309569999999999901e+00 2.329101999999999784e+00
1.416020000000000056e-01 1.441650000000000098e+00 5.444339999999999735e-01 2.303466999999999931e+00 2.329101999999999784e+00
1.416020000000000056e-01 1.441650000000000098e+00 5.444339999999999735e-01 2.309569999999999901e+00 2.309569999999999901e+00
1.416020000000000056e-01 1.441650000000000098e+00 5.456539999999999724e-01 2.303466999999999931e+00 2.321776999999999980e+00
1.416020000000000056e-01 1.441650000000000098e+00 5.456539999999999724e-01 2.301025000000000098e+00 2.329101999999999784e+00
1.416020000000000056e-01 1.441650000000000098e+00 5.456539999999999724e-01 2.304688000000000070e+00 2.313232000000000177e+00
1.416020000000000056e-01 1.441650000000000098e+00 5.456539999999999724e-01 2.303466999999999931e+00 2.332764000000000060e+00
1.416020000000000056e-01 1.440430000000000099e+00 5.456539999999999724e-01 2.301025000000000098e+00 2.329101999999999784e+00
1.403810000000000058e-01 1.440430000000000099e+00 5.456539999999999724e-01 2.303466999999999931e+00 2.319335999999999842e+00
1.391600000000000059e-01 1.440430000000000099e+00 5.456539999999999724e-01 2.301025000000000098e+00 2.309569999999999901e+00
1.391600000000000059e-01 1.440430000000000099e+00 5.432129999999999459e-01 2.299805000000000099e+00 2.309569999999999901e+00
1.379390000000000061e-01 1.440430000000000099e+00 5.432129999999999459e-01 2.299805000000000099e+00 2.319335999999999842e+00
1.379390000000000061e-01 1.434325999999999990e+00 5.444339999999999735e-01 2.299805000000000099e+00 2.319335999999999842e+00
1.379390000000000061e-01 1.433105000000000073e+00 5.432129999999999459e-01 2.299805000000000099e+00 2.313232000000000177e+00
1.354980000000000073e-01 1.433105000000000073e+00 5.432129999999999459e-01 2.294922000000000128e+00 2.330321999999999782e+00
1.354980000000000073e-01 1.434325999999999990e+00 5.419920000000000293e-01 2.292479999999999851e+00 2.320556999999999981e+00
1.342770000000000075e-01 1.430663999999999936e+00 5.432129999999999459e-01 2.292479999999999851e+00 2.319335999999999842e+00
1.330570000000000086e-01 1.427002000000000104e+00 5.419920000000000293e-01 2.290039000000000158e+00 2.313232000000000177e+00
1.318360000000000087e-01 1.424560999999999966e+00 5.419920000000000293e-01 2.290039000000000158e+00 2.321776999999999980e+00
1.293950000000000100e-01 1.420897999999999994e+00 5.395510000000000028e-01 2.290039000000000158e+00 2.319335999999999842e+00
1.281740000000000101e-01 1.420897999999999994e+00 5.419920000000000293e-01 2.281493999999999911e+00 2.309569999999999901e+00
1.281740000000000101e-01 1.417235999999999940e+00 5.383299999999999752e-01 2.280273000000000216e+00 2.301025000000000098e+00
1.281740000000000101e-01 1.413574000000000108e+00 5.383299999999999752e-01 2.280273000000000216e+00 2.309569999999999901e+00
1.257320000000000104e-01 1.412354000000000109e+00 5.371089999999999476e-01 2.280273000000000216e+00 2.303466999999999931e+00
1.257320000000000104e-01 1.411132999999999971e+00 5.371089999999999476e-01 2.280273000000000216e+00 2.319335999999999842e+00
1.245119999999999977e-01 1.411132999999999971e+00 5.371089999999999476e-01 2.275390999999999941e+00 2.309569999999999901e+00
1.232909999999999978e-01 1.411132999999999971e+00 5.358889999999999487e-01 2.272949000000000108e+00 2.309569999999999901e+00
1.232909999999999978e-01 1.411132999999999971e+00 5.358889999999999487e-01 2.270507999999999971e+00 2.309569999999999901e+00
1.232909999999999978e-01 1.411132999999999971e+00 5.358889999999999487e-01 2.270507999999999971e+00 2.309569999999999901e+00
1.220699999999999980e-01 1.406250000000000000e+00 5.358889999999999487e-01 2.270507999999999971e+00 2.303466999999999931e+00
1.220699999999999980e-01 1.406250000000000000e+00 5.358889999999999487e-01 2.270507999999999971e+00 2.319335999999999842e+00
1.208499999999999991e-01 1.406250000000000000e+00 5.358889999999999487e-01 2.270507999999999971e+00 2.309569999999999901e+00
1.208499999999999991e-01 1.406250000000000000e+00 5.358889999999999487e-01 2.265625000000000000e+00 2.309569999999999901e+00
1.208499999999999991e-01 1.406250000000000000e+00 5.358889999999999487e-01 2.265625000000000000e+00 2.309569999999999901e+00
1.184079999999999994e-01 1.406250000000000000e+00 5.334470000000000045e-01 2.265625000000000000e+00 2.303466999999999931e+00
1.184079999999999994e-01 1.402587999999999946e+00 5.346680000000000321e-01 2.261963000000000168e+00 2.309569999999999901e+00
1.184079999999999994e-01 1.401367000000000029e+00 5.334470000000000045e-01 2.260742000000000029e+00 2.299805000000000099e+00
1.184079999999999994e-01 1.401367000000000029e+00 5.346680000000000321e-01 2.261963000000000168e+00 2.292479999999999851e+00
1.171880000000000005e-01 1.401367000000000029e+00 5.334470000000000045e-01 2.260742000000000029e+00 2.299805000000000099e+00
1.171880000000000005e-01 1.401367000000000029e+00 5.334470000000000045e-01 2.260742000000000029e+00 2.293700999999999990e+00
1.171880000000000005e-01 1.401367000000000029e+00 5.334470000000000045e-01 2.260742000000000029e+00 2.293700999999999990e+00
1.171880000000000005e-01 1.401367000000000029e+00 5.334470000000000045e-01 2.260742000000000029e+00 2.304688000000000070e+00
1.159670000000000006e-01 1.396484000000000059e+00 5.334470000000000045e-01 2.260742000000000029e+00 2.312012000000000178e+00
1.159670000000000006e-01 1.392822000000000005e+00 5.334470000000000045e-01 2.252196999999999782e+00 2.309569999999999901e+00
1.147460000000000008e-01 1.392822000000000005e+00 5.334470000000000045e-01 2.254639000000000060e+00 2.292479999999999851e+00
1.147460000000000008e-01 1.391602000000000006e+00 5.322270000000000056e-01 2.252196999999999782e+00 2.290039000000000158e+00
1.147460000000000008e-01 1.391602000000000006e+00 5.322270000000000056e-01 2.252196999999999782e+00 2.272949000000000108e+00
1.135250000000000009e-01 1.391602000000000006e+00 5.322270000000000056e-01 2.250976999999999784e+00 2.280273000000000216e+00
1.135250000000000009e-01 1.391602000000000006e+00 5.322270000000000056e-01 2.250976999999999784e+00 2.282715000000000050e+00
1.123050000000000020e-01 1.386719000000000035e+00 5.322270000000000056e-01 2.252196999999999782e+00 2.290039000000000158e+00
1.123050000000000020e-01 1.386719000000000035e+00 5.310059999999999780e-01 2.253417999999999921e+00 2.283936000000000188e+00
1.123050000000000020e-01 1.385497999999999896e+00 5.322270000000000056e-01 2.246093999999999813e+00 2.290039000000000158e+00
1.110840000000000022e-01 1.384276999999999980e+00 5.322270000000000056e-01 2.246093999999999813e+00 2.290039000000000158e+00
1.086430000000000035e-01 1.381836000000000064e+00 5.297849999999999504e-01 2.241210999999999842e+00 2.280273000000000216e+00
1.086430000000000035e-01 1.381836000000000064e+00 5.322270000000000056e-01 2.241210999999999842e+00 2.280273000000000216e+00
1.086430000000000035e-01 1.381836000000000064e+00 5.285640000000000338e-01 2.241210999999999842e+00 2.281493999999999911e+00
1.074220000000000036e-01 1.375731999999999955e+00 5.285640000000000338e-01 2.241210999999999842e+00 2.281493999999999911e+00
1.074220000000000036e-01 1.374511999999999956e+00 5.285640000000000338e-01 2.235107000000000177e+00 2.280273000000000216e+00
1.074220000000000036e-01 1.375731999999999955e+00 5.285640000000000338e-01 2.232666000000000039e+00 2.265625000000000000e+00
1.062010000000000037e-01 1.373291000000000039e+00 5.285640000000000338e-01 2.232666000000000039e+00 2.270507999999999971e+00
1.062010000000000037e-01 1.372069999999999901e+00 5.273440000000000349e-01 2.231444999999999901e+00 2.260742000000000029e+00
1.049800000000000039e-01 1.372069999999999901e+00 5.285640000000000338e-01 2.231444999999999901e+00 2.270507999999999971e+00
1.049800000000000039e-01 1.372069999999999901e+00 5.273440000000000349e-01 2.231444999999999901e+00 2.270507999999999971e+00
1.037600000000000050e-01 1.372069999999999901e+00 5.273440000000000349e-01 2.232666000000000039e+00 2.261963000000000168e+00
1.037600000000000050e-01 1.372069999999999901e+00 5.273440000000000349e-01 2.231444999999999901e+00 2.260742000000000029e+00
1.037600000000000050e-01 1.372069999999999901e+00 5.273440000000000349e-01 2.231444999999999901e+00 2.261963000000000168e+00
1.037600000000000050e-01 1.367188000000000070e+00 5.273440000000000349e-01 2.231444999999999901e+00 2.270507999999999971e+00
1.037600000000000050e-01 1.372069999999999901e+00 5.285640000000000338e-01 2.225341999999999931e+00 2.270507999999999971e+00
1.025390000000000051e-01 1.365966999999999931e+00 5.273440000000000349e-01 2.225341999999999931e+00 2.252196999999999782e+00
1.025390000000000051e-01 1.365966999999999931e+00 5.273440000000000349e-01 2.225341999999999931e+00 2.252196999999999782e+00
1.025390000000000051e-01 1.365966999999999931e+00 5.273440000000000349e-01 2.225341999999999931e+00 2.250976999999999784e+00
1.025390000000000051e-01 1.365966999999999931e+00 5.285640000000000338e-01 2.224120999999999793e+00 2.252196999999999782e+00
1.025390000000000051e-01 1.365966999999999931e+00 5.273440000000000349e-01 2.222900000000000098e+00 2.250976999999999784e+00
1.025390000000000051e-01 1.365966999999999931e+00 5.273440000000000349e-01 2.222900000000000098e+00 2.241210999999999842e+00
1.025390000000000051e-01 1.364746000000000015e+00 5.273440000000000349e-01 2.222900000000000098e+00 2.241210999999999842e+00
1.025390000000000051e-01 1.364746000000000015e+00 5.273440000000000349e-01 2.221680000000000099e+00 2.242431999999999981e+00
1.025390000000000051e-01 1.363525000000000098e+00 5.285640000000000338e-01 2.222900000000000098e+00 2.250976999999999784e+00
1.025390000000000051e-01 1.365966999999999931e+00 5.273440000000000349e-01 2.221680000000000099e+00 2.250976999999999784e+00
1.025390000000000051e-01 1.364746000000000015e+00 5.285640000000000338e-01 2.222900000000000098e+00 2.252196999999999782e+00
1.025390000000000051e-01 1.363525000000000098e+00 5.273440000000000349e-01 2.222900000000000098e+00 2.242431999999999981e+00
1.025390000000000051e-01 1.363525000000000098e+00 5.273440000000000349e-01 2.221680000000000099e+00 2.243651999999999980e+00
1.025390000000000051e-01 1.362305000000000099e+00 5.285640000000000338e-01 2.221680000000000099e+00 2.270507999999999971e+00
1.025390000000000051e-01 1.363525000000000098e+00 5.273440000000000349e-01 2.221680000000000099e+00 2.270507999999999971e+00
1.025390000000000051e-01 1.362305000000000099e+00 5.273440000000000349e-01 2.221680000000000099e+00 2.261963000000000168e+00
1.025390000000000051e-01 1.362305000000000099e+00 5.273440000000000349e-01 2.221680000000000099e+00 2.260742000000000029e+00
1.025390000000000051e-01 1.362305000000000099e+00 5.273440000000000349e-01 2.221680000000000099e+00 2.260742000000000029e+00
1.025390000000000051e-01 1.362305000000000099e+00 5.285640000000000338e-01 2.215575999999999990e+00 2.260742000000000029e+00
1.025390000000000051e-01 1.362305000000000099e+00 5.273440000000000349e-01 2.214354999999999851e+00 2.250976999999999784e+00
1.025390000000000051e-01 1.362305000000000099e+00 5.273440000000000349e-01 2.215575999999999990e+00 2.244873000000000118e+00
1.025390000000000051e-01 1.357421999999999906e+00 5.261230000000000073e-01 2.215575999999999990e+00 2.252196999999999782e+00
1.025390000000000051e-01 1.357421999999999906e+00 5.273440000000000349e-01 2.215575999999999990e+00 2.241210999999999842e+00
1.013180000000000053e-01 1.357421999999999906e+00 5.273440000000000349e-01 2.214354999999999851e+00 2.241210999999999842e+00
1.013180000000000053e-01 1.354980000000000073e+00 5.273440000000000349e-01 2.213134999999999852e+00 2.242431999999999981e+00
1.013180000000000053e-01 1.356200999999999990e+00 5.273440000000000349e-01 2.211914000000000158e+00 2.241210999999999842e+00
1.013180000000000053e-01 1.353760000000000074e+00 5.273440000000000349e-01 2.214354999999999851e+00 2.250976999999999784e+00
1.000980000000000064e-01 1.352538999999999936e+00 5.273440000000000349e-01 2.211914000000000158e+00 2.250976999999999784e+00
1.000980000000000064e-01 1.352538999999999936e+00 5.273440000000000349e-01 2.211914000000000158e+00 2.250976999999999784e+00
1.000980000000000064e-01 1.352538999999999936e+00 5.249019999999999797e-01 2.211914000000000158e+00 2.252196999999999782e+00
9.887700000000000655e-02 1.352538999999999936e+00 5.261230000000000073e-01 2.211914000000000158e+00 2.260742000000000029e+00
9.887700000000000655e-02 1.352538999999999936e+00 5.249019999999999797e-01 2.211914000000000158e+00 2.252196999999999782e+00
1.000980000000000064e-01 1.347655999999999965e+00 5.249019999999999797e-01 2.207031000000000187e+00 2.252196999999999782e+00
9.887700000000000655e-02 1.347655999999999965e+00 5.261230000000000073e-01 2.211914000000000158e+00 2.260742000000000029e+00
9.887700000000000655e-02 1.347655999999999965e+00 5.236819999999999808e-01 2.203368999999999911e+00 2.250976999999999784e+00
9.765600000000000669e-02 1.347655999999999965e+00 5.236819999999999808e-01 2.205811000000000188e+00 2.241210999999999842e+00
9.887700000000000655e-02 1.347655999999999965e+00 5.236819999999999808e-01 2.204590000000000050e+00 2.241210999999999842e+00
9.765600000000000669e-02 1.343993999999999911e+00 5.236819999999999808e-01 2.202148000000000216e+00 2.243651999999999980e+00
9.765600000000000669e-02 1.343993999999999911e+00 5.236819999999999808e-01 2.203368999999999911e+00 2.255859000000000059e+00
9.765600000000000669e-02 1.342772999999999994e+00 5.236819999999999808e-01 2.202148000000000216e+00 2.252196999999999782e+00
9.765600000000000669e-02 1.342772999999999994e+00 5.236819999999999808e-01 2.202148000000000216e+00 2.252196999999999782e+00
9.765600000000000669e-02 1.342772999999999994e+00 5.236819999999999808e-01 2.202148000000000216e+00 2.250976999999999784e+00
9.643599999999999395e-02 1.342772999999999994e+00 5.236819999999999808e-01 2.202148000000000216e+00 2.250976999999999784e+00
9.643599999999999395e-02 1.342772999999999994e+00 5.236819999999999808e-01 2.196044999999999803e+00 2.242431999999999981e+00
9.521499999999999408e-02 1.342772999999999994e+00 5.224609999999999532e-01 2.202148000000000216e+00 2.232666000000000039e+00
9.399399999999999422e-02 1.336670000000000025e+00 5.224609999999999532e-01 2.194824000000000108e+00 2.241210999999999842e+00
9.399399999999999422e-02 1.335449000000000108e+00 5.224609999999999532e-01 2.194824000000000108e+00 2.241210999999999842e+00
9.399399999999999422e-02 1.335449000000000108e+00 5.224609999999999532e-01 2.194824000000000108e+00 2.241210999999999842e+00
9.399399999999999422e-02 1.335449000000000108e+00 5.236819999999999808e-01 2.194824000000000108e+00 2.243651999999999980e+00
9.399399999999999422e-02 1.334229000000000109e+00 5.224609999999999532e-01 2.192382999999999971e+00 2.250976999999999784e+00
9.399399999999999422e-02 1.334229000000000109e+00 5.224609999999999532e-01 2.192382999999999971e+00 2.244873000000000118e+00
9.277299999999999436e-02 1.333007999999999971e+00 5.224609999999999532e-01 2.192382999999999971e+00 2.252196999999999782e+00
9.277299999999999436e-02 1.333007999999999971e+00 5.224609999999999532e-01 2.192382999999999971e+00 2.242431999999999981e+00
9.277299999999999436e-02 1.333007999999999971e+00 5.224609999999999532e-01 2.186278999999999861e+00 2.241210999999999842e+00
9.277299999999999436e-02 1.333007999999999971e+00 5.224609999999999532e-01 2.186278999999999861e+00 2.221680000000000099e+00
9.155299999999999550e-02 1.328125000000000000e+00 5.224609999999999532e-01 2.186278999999999861e+00 2.211914000000000158e+00
9.155299999999999550e-02 1.328125000000000000e+00 5.224609999999999532e-01 2.186278999999999861e+00 2.211914000000000158e+00
9.155299999999999550e-02 1.326904000000000083e+00 5.224609999999999532e-01 2.183838000000000168e+00 2.204590000000000050e+00
9.033199999999999563e-02 1.326904000000000083e+00 5.187990000000000101e-01 2.185058999999999862e+00 2.227783000000000069e+00
9.033199999999999563e-02 1.324462999999999946e+00 5.224609999999999532e-01 2.182617000000000029e+00 2.241210999999999842e+00
8.911099999999999577e-02 1.324462999999999946e+00 5.224609999999999532e-01 2.182617000000000029e+00 2.231444999999999901e+00
8.911099999999999577e-02 1.325684000000000085e+00 5.200200000000000378e-01 2.182617000000000029e+00 2.231444999999999901e+00
9.033199999999999563e-02 1.323242000000000029e+00 5.187990000000000101e-01 2.182617000000000029e+00 2.241210999999999842e+00
8.911099999999999577e-02 1.323242000000000029e+00 5.187990000000000101e-01 2.182617000000000029e+00 2.235107000000000177e+00
8.911099999999999577e-02 1.323242000000000029e+00 5.224609999999999532e-01 2.182617000000000029e+00 2.242431999999999981e+00
8.911099999999999577e-02 1.323242000000000029e+00 5.224609999999999532e-01 2.182617000000000029e+00 2.236327999999999872e+00
8.911099999999999577e-02 1.323242000000000029e+00 5.224609999999999532e-01 2.182617000000000029e+00 2.244873000000000118e+00
8.911099999999999577e-02 1.323242000000000029e+00 5.224609999999999532e-01 2.182617000000000029e+00 2.250976999999999784e+00
8.911099999999999577e-02 1.323242000000000029e+00 5.187990000000000101e-01 2.182617000000000029e+00 2.242431999999999981e+00
8.911099999999999577e-02 1.323242000000000029e+00 5.224609999999999532e-01 2.182617000000000029e+00 2.232666000000000039e+00
8.911099999999999577e-02 1.325684000000000085e+00 5.224609999999999532e-01 2.182617000000000029e+00 2.232666000000000039e+00
8.911099999999999577e-02 1.324462999999999946e+00 5.224609999999999532e-01 2.182617000000000029e+00 2.231444999999999901e+00
9.033199999999999563e-02 1.328125000000000000e+00 5.224609999999999532e-01 2.176514000000000060e+00 2.222900000000000098e+00
9.155299999999999550e-02 1.328125000000000000e+00 5.224609999999999532e-01 2.182617000000000029e+00 2.221680000000000099e+00
9.277299999999999436e-02 1.333007999999999971e+00 5.236819999999999808e-01 2.182617000000000029e+00 2.231444999999999901e+00
9.277299999999999436e-02 1.333007999999999971e+00 5.236819999999999808e-01 2.183838000000000168e+00 2.225341999999999931e+00
9.521499999999999408e-02 1.336670000000000025e+00 5.236819999999999808e-01 2.185058999999999862e+00 2.242431999999999981e+00
9.643599999999999395e-02 1.342772999999999994e+00 5.273440000000000349e-01 2.186278999999999861e+00 2.222900000000000098e+00
9.765600000000000669e-02 1.342772999999999994e+00 5.273440000000000349e-01 2.192382999999999971e+00 2.221680000000000099e+00
9.887700000000000655e-02 1.345215000000000050e+00 5.285640000000000338e-01 2.192382999999999971e+00 2.232666000000000039e+00
1.000980000000000064e-01 1.347655999999999965e+00 5.322270000000000056e-01 2.196044999999999803e+00 2.231444999999999901e+00
1.025390000000000051e-01 1.352538999999999936e+00 5.322270000000000056e-01 2.196044999999999803e+00 2.213134999999999852e+00
1.025390000000000051e-01 1.352538999999999936e+00 5.322270000000000056e-01 2.196044999999999803e+00 2.213134999999999852e+00
1.037600000000000050e-01 1.356200999999999990e+00 5.334470000000000045e-01 2.202148000000000216e+00 2.226563000000000070e+00
1.062010000000000037e-01 1.362305000000000099e+00 5.334470000000000045e-01 2.202148000000000216e+00 2.250976999999999784e+00
1.086430000000000035e-01 1.363525000000000098e+00 5.358889999999999487e-01 2.211914000000000158e+00 2.250976999999999784e+00
1.098630000000000023e-01 1.364746000000000015e+00 5.358889999999999487e-01 2.211914000000000158e+00 2.253417999999999921e+00
1.123050000000000020e-01 1.372069999999999901e+00 5.371089999999999476e-01 2.211914000000000158e+00 2.260742000000000029e+00
1.135250000000000009e-01 1.372069999999999901e+00 5.383299999999999752e-01 2.213134999999999852e+00 2.250976999999999784e+00
1.147460000000000008e-01 1.372069999999999901e+00 5.383299999999999752e-01 2.214354999999999851e+00 2.250976999999999784e+00
1.159670000000000006e-01 1.373291000000000039e+00 5.419920000000000293e-01 2.215575999999999990e+00 2.241210999999999842e+00
1.171880000000000005e-01 1.375731999999999955e+00 5.383299999999999752e-01 2.221680000000000099e+00 2.242431999999999981e+00
1.184079999999999994e-01 1.376953000000000094e+00 5.419920000000000293e-01 2.221680000000000099e+00 2.250976999999999784e+00
1.196289999999999992e-01 1.376953000000000094e+00 5.419920000000000293e-01 2.221680000000000099e+00 2.254639000000000060e+00
1.196289999999999992e-01 1.376953000000000094e+00 5.419920000000000293e-01 2.224120999999999793e+00 2.270507999999999971e+00
1.220699999999999980e-01 1.378174000000000010e+00 5.419920000000000293e-01 2.224120999999999793e+00 2.260742000000000029e+00
1.220699999999999980e-01 1.376953000000000094e+00 5.419920000000000293e-01 2.222900000000000098e+00 2.250976999999999784e+00
1.220699999999999980e-01 1.375731999999999955e+00 5.419920000000000293e-01 2.225341999999999931e+00 2.235107000000000177e+00
1.220699999999999980e-01 1.374511999999999956e+00 5.419920000000000293e-01 2.225341999999999931e+00 2.241210999999999842e+00
1.220699999999999980e-01 1.373291000000000039e+00 5.419920000000000293e-01 2.224120999999999793e+00 2.241210999999999842e+00
1.220699999999999980e-01 1.373291000000000039e+00 5.395510000000000028e-01 2.226563000000000070e+00 2.250976999999999784e+00
1.220699999999999980e-01 1.372069999999999901e+00 5.383299999999999752e-01 2.222900000000000098e+00 2.242431999999999981e+00
1.220699999999999980e-01 1.372069999999999901e+00 5.383299999999999752e-01 2.224120999999999793e+00 2.247313999999999812e+00
1.220699999999999980e-01 1.372069999999999901e+00 5.371089999999999476e-01 2.222900000000000098e+00 2.250976999999999784e+00
1.208499999999999991e-01 1.367188000000000070e+00 5.358889999999999487e-01 2.221680000000000099e+00 2.250976999999999784e+00
1.208499999999999991e-01 1.367188000000000070e+00 5.358889999999999487e-01 2.221680000000000099e+00 2.250976999999999784e+00
1.208499999999999991e-01 1.364746000000000015e+00 5.358889999999999487e-01 2.221680000000000099e+00 2.255859000000000059e+00
1.196289999999999992e-01 1.367188000000000070e+00 5.358889999999999487e-01 2.221680000000000099e+00 2.271729000000000109e+00
1.184079999999999994e-01 1.362305000000000099e+00 5.346680000000000321e-01 2.221680000000000099e+00 2.260742000000000029e+00
1.184079999999999994e-01 1.362305000000000099e+00 5.334470000000000045e-01 2.221680000000000099e+00 2.260742000000000029e+00
1.184079999999999994e-01 1.362305000000000099e+00 5.334470000000000045e-01 2.216797000000000128e+00 2.260742000000000029e+00
1.184079999999999994e-01 1.362305000000000099e+00 5.322270000000000056e-01 2.221680000000000099e+00 2.252196999999999782e+00
1.184079999999999994e-01 1.362305000000000099e+00 5.334470000000000045e-01 2.214354999999999851e+00 2.254639000000000060e+00
1.184079999999999994e-01 1.363525000000000098e+00 5.334470000000000045e-01 2.221680000000000099e+00 2.265625000000000000e+00
1.196289999999999992e-01 1.365966999999999931e+00 5.334470000000000045e-01 2.221680000000000099e+00 2.271729000000000109e+00
1.208499999999999991e-01 1.372069999999999901e+00 5.371089999999999476e-01 2.221680000000000099e+00 2.260742000000000029e+00
1.232909999999999978e-01 1.376953000000000094e+00 5.383299999999999752e-01 2.221680000000000099e+00 2.265625000000000000e+00
1.257320000000000104e-01 1.381836000000000064e+00 5.419920000000000293e-01 2.231444999999999901e+00 2.270507999999999971e+00
1.281740000000000101e-01 1.391602000000000006e+00 5.432129999999999459e-01 2.231444999999999901e+00 2.270507999999999971e+00
1.318360000000000087e-01 1.396484000000000059e+00 5.456539999999999724e-01 2.235107000000000177e+00 2.260742000000000029e+00
1.330570000000000086e-01 1.406250000000000000e+00 5.468750000000000000e-01 2.241210999999999842e+00 2.254639000000000060e+00
1.367190000000000072e-01 1.411132999999999971e+00 5.517579999999999707e-01 2.243651999999999980e+00 2.270507999999999971e+00
1.391600000000000059e-01 1.412354000000000109e+00 5.517579999999999707e-01 2.244873000000000118e+00 2.260742000000000029e+00
1.416020000000000056e-01 1.417235999999999940e+00 5.529789999999999983e-01 2.250976999999999784e+00 2.260742000000000029e+00
1.440430000000000044e-01 1.420897999999999994e+00 5.541989999999999972e-01 2.254639000000000060e+00 2.260742000000000029e+00
1.464840000000000031e-01 1.425780999999999965e+00 5.554200000000000248e-01 2.260742000000000029e+00 2.270507999999999971e+00
1.489260000000000028e-01 1.430663999999999936e+00 5.554200000000000248e-01 2.261963000000000168e+00 2.265625000000000000e+00
1.513670000000000015e-01 1.430663999999999936e+00 5.578610000000000513e-01 2.265625000000000000e+00 2.280273000000000216e+00
1.525880000000000014e-01 1.431885000000000074e+00 5.578610000000000513e-01 2.270507999999999971e+00 2.281493999999999911e+00
1.538090000000000013e-01 1.434325999999999990e+00 5.578610000000000513e-01 2.270507999999999971e+00 2.290039000000000158e+00
1.550290000000000001e-01 1.435546999999999906e+00 5.578610000000000513e-01 2.275390999999999941e+00 2.293700999999999990e+00
1.562500000000000000e-01 1.440430000000000099e+00 5.615229999999999944e-01 2.274169999999999803e+00 2.290039000000000158e+00
1.574709999999999999e-01 1.440430000000000099e+00 5.615229999999999944e-01 2.280273000000000216e+00 2.281493999999999911e+00
1.599119999999999986e-01 1.442871000000000015e+00 5.615229999999999944e-01 2.281493999999999911e+00 2.271729000000000109e+00
1.611329999999999985e-01 1.445313000000000070e+00 5.615229999999999944e-01 2.285156000000000187e+00 2.272949000000000108e+00
1.623539999999999983e-01 1.450194999999999901e+00 5.627440000000000220e-01 2.285156000000000187e+00 2.302245999999999793e+00
1.647949999999999970e-01 1.451416000000000039e+00 5.651859999999999662e-01 2.291259999999999852e+00 2.301025000000000098e+00
1.660159999999999969e-01 1.459961000000000064e+00 5.664059999999999651e-01 2.293700999999999990e+00 2.280273000000000216e+00
1.684569999999999956e-01 1.461181999999999981e+00 5.664059999999999651e-01 2.299805000000000099e+00 2.281493999999999911e+00
1.708979999999999944e-01 1.469727000000000006e+00 5.688480000000000203e-01 2.302245999999999793e+00 2.299805000000000099e+00
1.733399999999999941e-01 1.469727000000000006e+00 5.712890000000000468e-01 2.309569999999999901e+00 2.293700999999999990e+00
1.757809999999999928e-01 1.479492000000000029e+00 5.737299999999999622e-01 2.309569999999999901e+00 2.313232000000000177e+00
1.794429999999999914e-01 1.485595999999999917e+00 5.737299999999999622e-01 2.312012000000000178e+00 2.329101999999999784e+00
1.818849999999999911e-01 1.489257999999999971e+00 5.773930000000000451e-01 2.319335999999999842e+00 2.329101999999999784e+00
1.867679999999999896e-01 1.499022999999999994e+00 5.810549999999999882e-01 2.322998000000000118e+00 2.309569999999999901e+00
1.904299999999999882e-01 1.500243999999999911e+00 5.810549999999999882e-01 2.330321999999999782e+00 2.293700999999999990e+00
1.928709999999999869e-01 1.508788999999999936e+00 5.822749999999999870e-01 2.332764000000000060e+00 2.309569999999999901e+00
1.953129999999999866e-01 1.510010000000000074e+00 5.847170000000000423e-01 2.338867000000000029e+00 2.312012000000000178e+00
1.977540000000000131e-01 1.513671999999999906e+00 5.871579999999999577e-01 2.343750000000000000e+00 2.338867000000000029e+00
2.001950000000000118e-01 1.518555000000000099e+00 5.859379999999999589e-01 2.348632999999999971e+00 2.332764000000000060e+00
2.014160000000000117e-01 1.519775000000000098e+00 5.859379999999999589e-01 2.351074000000000108e+00 2.351074000000000108e+00
2.038570000000000104e-01 1.519775000000000098e+00 5.871579999999999577e-01 2.358398000000000216e+00 2.358398000000000216e+00
2.062990000000000101e-01 1.520996000000000015e+00 5.871579999999999577e-01 2.358398000000000216e+00 2.349854000000000109e+00
2.062990000000000101e-01 1.522216999999999931e+00 5.871579999999999577e-01 2.360840000000000050e+00 2.348632999999999971e+00
2.099610000000000087e-01 1.523438000000000070e+00 5.871579999999999577e-01 2.362061000000000188e+00 2.338867000000000029e+00
2.099610000000000087e-01 1.522216999999999931e+00 5.871579999999999577e-01 2.368164000000000158e+00 2.332764000000000060e+00
2.099610000000000087e-01 1.522216999999999931e+00 5.871579999999999577e-01 2.368164000000000158e+00 2.332764000000000060e+00
2.099610000000000087e-01 1.523438000000000070e+00 5.871579999999999577e-01 2.368164000000000158e+00 2.351074000000000108e+00
2.111820000000000086e-01 1.528319999999999901e+00 5.871579999999999577e-01 2.368164000000000158e+00 2.368164000000000158e+00
2.124020000000000075e-01 1.528319999999999901e+00 5.871579999999999577e-01 2.369384999999999852e+00 2.348632999999999971e+00
2.136230000000000073e-01 1.528319999999999901e+00 5.871579999999999577e-01 2.369384999999999852e+00 2.338867000000000029e+00
2.148440000000000072e-01 1.528319999999999901e+00 5.908200000000000118e-01 2.370604999999999851e+00 2.338867000000000029e+00
2.148440000000000072e-01 1.529541000000000039e+00 5.908200000000000118e-01 2.374267999999999823e+00 2.329101999999999784e+00
2.160640000000000061e-01 1.531981999999999955e+00 5.908200000000000118e-01 2.377930000000000099e+00 2.332764000000000060e+00
2.197270000000000056e-01 1.538086000000000064e+00 5.908200000000000118e-01 2.380370999999999793e+00 2.358398000000000216e+00
2.197270000000000056e-01 1.539306999999999981e+00 5.920410000000000394e-01 2.381591999999999931e+00 2.349854000000000109e+00
2.221680000000000044e-01 1.542969000000000035e+00 5.932619999999999560e-01 2.387694999999999901e+00 2.348632999999999971e+00
2.233890000000000042e-01 1.547852000000000006e+00 5.944819999999999549e-01 2.390137000000000178e+00 2.359618999999999911e+00
2.270510000000000028e-01 1.557617000000000029e+00 5.969240000000000101e-01 2.397460999999999842e+00 2.363281000000000187e+00
2.294920000000000015e-01 1.557617000000000029e+00 6.005859999999999532e-01 2.398681999999999981e+00 2.368164000000000158e+00
2.331540000000000001e-01 1.567382999999999971e+00 6.005859999999999532e-01 2.407226999999999784e+00 2.360840000000000050e+00
2.355959999999999999e-01 1.577147999999999994e+00 6.018069999999999808e-01 2.416992000000000029e+00 2.387694999999999901e+00
2.404789999999999983e-01 1.582030999999999965e+00 6.066890000000000338e-01 2.419433999999999862e+00 2.387694999999999901e+00
2.453609999999999958e-01 1.590575999999999990e+00 6.103520000000000056e-01 2.430419999999999803e+00 2.377930000000000099e+00
2.514649999999999941e-01 1.606444999999999901e+00 6.152339999999999476e-01 2.437743999999999911e+00 2.368164000000000158e+00
