6.591800000000000437e-02 1.197510000000000074e+00 5.126950000000000118e-01 2.036132999999999971e+00 2.124023000000000216e+00
6.469700000000000450e-02 1.197510000000000074e+00 5.126950000000000118e-01 2.036132999999999971e+00 2.124023000000000216e+00
6.469700000000000450e-02 1.196288999999999936e+00 5.126950000000000118e-01 2.036132999999999971e+00 2.124023000000000216e+00
6.591800000000000437e-02 1.197510000000000074e+00 5.126950000000000118e-01 2.036132999999999971e+00 2.124023000000000216e+00
6.469700000000000450e-02 1.197510000000000074e+00 5.126950000000000118e-01 2.036132999999999971e+00 2.124023000000000216e+00
6.469700000000000450e-02 1.196288999999999936e+00 5.126950000000000118e-01 2.036132999999999971e+00 2.124023000000000216e+00
6.469700000000000450e-02 1.197510000000000074e+00 5.126950000000000118e-01 2.036132999999999971e+00 2.124023000000000216e+00
6.469700000000000450e-02 1.196288999999999936e+00 5.126950000000000118e-01 2.036132999999999971e+00 2.124023000000000216e+00
6.469700000000000450e-02 1.196288999999999936e+00 5.090329999999999577e-01 2.031250000000000000e+00 2.125243999999999911e+00
6.591800000000000437e-02 1.197510000000000074e+00 5.126950000000000118e-01 2.036132999999999971e+00 2.125243999999999911e+00
6.591800000000000437e-02 1.196288999999999936e+00 5.126950000000000118e-01 2.036132999999999971e+00 2.115479000000000109e+00
6.591800000000000437e-02 1.198730000000000073e+00 5.090329999999999577e-01 2.036132999999999971e+00 2.124023000000000216e+00
6.591800000000000437e-02 1.196288999999999936e+00 5.114750000000000130e-01 2.031250000000000000e+00 2.127686000000000188e+00
6.469700000000000450e-02 1.201171999999999906e+00 5.090329999999999577e-01 2.031250000000000000e+00 2.133789000000000158e+00
6.469700000000000450e-02 1.196288999999999936e+00 5.090329999999999577e-01 2.031250000000000000e+00 2.133789000000000158e+00
6.469700000000000450e-02 1.196288999999999936e+00 5.090329999999999577e-01 2.031250000000000000e+00 2.128906000000000187e+00
6.591800000000000437e-02 1.197510000000000074e+00 5.090329999999999577e-01 2.031250000000000000e+00 2.143555000000000099e+00
6.469700000000000450e-02 1.196288999999999936e+00 5.090329999999999577e-01 2.031250000000000000e+00 2.133789000000000158e+00
6.469700000000000450e-02 1.196288999999999936e+00 5.090329999999999577e-01 2.031250000000000000e+00 2.133789000000000158e+00
6.469700000000000450e-02 1.196288999999999936e+00 5.090329999999999577e-01 2.031250000000000000e+00 2.128906000000000187e+00
6.469700000000000450e-02 1.196288999999999936e+00 5.090329999999999577e-01 2.031250000000000000e+00 2.137450999999999990e+00
6.469700000000000450e-02 1.197510000000000074e+00 5.090329999999999577e-01 2.031250000000000000e+00 2.143555000000000099e+00
6.591800000000000437e-02 1.197510000000000074e+00 5.126950000000000118e-01 2.031250000000000000e+00 2.133789000000000158e+00
6.469700000000000450e-02 1.197510000000000074e+00 5.090329999999999577e-01 2.031250000000000000e+00 2.133789000000000158e+00
6.469700000000000450e-02 1.196288999999999936e+00 5.090329999999999577e-01 2.031250000000000000e+00 2.127686000000000188e+00
6.469700000000000450e-02 1.196288999999999936e+00 5.102539999999999853e-01 2.031250000000000000e+00 2.133789000000000158e+00
6.469700000000000450e-02 1.196288999999999936e+00 5.090329999999999577e-01 2.031250000000000000e+00 2.133789000000000158e+00
6.469700000000000450e-02 1.196288999999999936e+00 5.090329999999999577e-01 2.028808999999999862e+00 2.133789000000000158e+00
6.469700000000000450e-02 1.196288999999999936e+00 5.090329999999999577e-01 2.031250000000000000e+00 2.128906000000000187e+00
6.469700000000000450e-02 1.196288999999999936e+00 5.090329999999999577e-01 2.031250000000000000e+00 2.137450999999999990e+00
6.469700000000000450e-02 1.196288999999999936e+00 5.090329999999999577e-01 2.031250000000000000e+00 2.143555000000000099e+00
6.469700000000000450e-02 1.196288999999999936e+00 5.090329999999999577e-01 2.031250000000000000e+00 2.133789000000000158e+00
6.469700000000000450e-02 1.196288999999999936e+00 5.090329999999999577e-01 2.031250000000000000e+00 2.133789000000000158e+00
6.469700000000000450e-02 1.196288999999999936e+00 5.126950000000000118e-01 2.027588000000000168e+00 2.104492000000000029e+00
6.469700000000000450e-02 1.196288999999999936e+00 5.090329999999999577e-01 2.027588000000000168e+00 2.094726999999999784e+00
6.469700000000000450e-02 1.196288999999999936e+00 5.090329999999999577e-01 2.028808999999999862e+00 2.109375000000000000e+00
6.469700000000000450e-02 1.196288999999999936e+00 5.090329999999999577e-01 2.027588000000000168e+00 2.104492000000000029e+00
6.469700000000000450e-02 1.196288999999999936e+00 5.090329999999999577e-01 2.031250000000000000e+00 2.109375000000000000e+00
6.469700000000000450e-02 1.196288999999999936e+00 5.090329999999999577e-01 2.028808999999999862e+00 2.133789000000000158e+00
6.469700000000000450e-02 1.196288999999999936e+00 5.090329999999999577e-01 2.031250000000000000e+00 2.125243999999999911e+00
6.469700000000000450e-02 1.196288999999999936e+00 5.090329999999999577e-01 2.031250000000000000e+00 2.124023000000000216e+00
6.591800000000000437e-02 1.196288999999999936e+00 5.090329999999999577e-01 2.031250000000000000e+00 2.124023000000000216e+00
6.591800000000000437e-02 1.197510000000000074e+00 5.090329999999999577e-01 2.031250000000000000e+00 2.125243999999999911e+00
6.713900000000000423e-02 1.202393000000000045e+00 5.102539999999999853e-01 2.031250000000000000e+00 2.117919999999999803e+00
6.713900000000000423e-02 1.206055000000000099e+00 5.126950000000000118e-01 2.031250000000000000e+00 2.128906000000000187e+00
6.835900000000000309e-02 1.207275000000000098e+00 5.126950000000000118e-01 2.036132999999999971e+00 2.137450999999999990e+00
6.958000000000000296e-02 1.215819999999999901e+00 5.139160000000000394e-01 2.036132999999999971e+00 2.143555000000000099e+00
7.202100000000000168e-02 1.220703000000000094e+00 5.163569999999999549e-01 2.039794999999999803e+00 2.115479000000000109e+00
7.446300000000000141e-02 1.226806999999999981e+00 5.187990000000000101e-01 2.045898000000000216e+00 2.117919999999999803e+00
7.812500000000000000e-02 1.239014000000000060e+00 5.236819999999999808e-01 2.050781000000000187e+00 2.139892999999999823e+00
8.178699999999999859e-02 1.250000000000000000e+00 5.261230000000000073e-01 2.056884999999999852e+00 2.133789000000000158e+00
8.666999999999999704e-02 1.260985999999999940e+00 5.285640000000000338e-01 2.069091999999999931e+00 2.114257999999999971e+00
9.155299999999999550e-02 1.274413999999999936e+00 5.334470000000000045e-01 2.075194999999999901e+00 2.133789000000000158e+00
9.643599999999999395e-02 1.285400000000000098e+00 5.383299999999999752e-01 2.084960999999999842e+00 2.144775000000000098e+00
1.025390000000000051e-01 1.303711000000000064e+00 5.432129999999999459e-01 2.095946999999999782e+00 2.133789000000000158e+00
1.086430000000000035e-01 1.314697000000000005e+00 5.468750000000000000e-01 2.106933999999999862e+00 2.147216999999999931e+00
1.147460000000000008e-01 1.328125000000000000e+00 5.517579999999999707e-01 2.117919999999999803e+00 2.147216999999999931e+00
1.220699999999999980e-01 1.343993999999999911e+00 5.566410000000000524e-01 2.133789000000000158e+00 2.167968999999999813e+00
1.281740000000000101e-01 1.362305000000000099e+00 5.615229999999999944e-01 2.143555000000000099e+00 2.194824000000000108e+00
1.367190000000000072e-01 1.381836000000000064e+00 5.676269999999999927e-01 2.163085999999999842e+00 2.215575999999999990e+00
1.477050000000000030e-01 1.406250000000000000e+00 5.725099999999999634e-01 2.174071999999999782e+00 2.202148000000000216e+00
1.574709999999999999e-01 1.424560999999999966e+00 5.810549999999999882e-01 2.193604000000000109e+00 2.192382999999999971e+00
1.708979999999999944e-01 1.450194999999999901e+00 5.908200000000000118e-01 2.215575999999999990e+00 2.192382999999999971e+00
1.843259999999999899e-01 1.479492000000000029e+00 6.005859999999999532e-01 2.241210999999999842e+00 2.221680000000000099e+00
2.001950000000000118e-01 1.508788999999999936e+00 6.103520000000000056e-01 2.271729000000000109e+00 2.224120999999999793e+00
2.148440000000000072e-01 1.538086000000000064e+00 6.176760000000000028e-01 2.293700999999999990e+00 2.242431999999999981e+00
2.331540000000000001e-01 1.560059000000000085e+00 6.298829999999999707e-01 2.321776999999999980e+00 2.270507999999999971e+00
2.502440000000000220e-01 1.586913999999999936e+00 6.359860000000000513e-01 2.349854000000000109e+00 2.280273000000000216e+00
2.648929999999999896e-01 1.607666000000000039e+00 6.481930000000000192e-01 2.379150000000000098e+00 2.290039000000000158e+00
2.807620000000000116e-01 1.635742000000000029e+00 6.542970000000000175e-01 2.407226999999999784e+00 2.319335999999999842e+00
2.954100000000000059e-01 1.651610999999999940e+00 6.603999999999999870e-01 2.427979000000000109e+00 2.329101999999999784e+00
3.100589999999999735e-01 1.669921999999999906e+00 6.689450000000000118e-01 2.456055000000000099e+00 2.358398000000000216e+00
3.234859999999999958e-01 1.684569999999999901e+00 6.750490000000000101e-01 2.475585999999999842e+00 2.387694999999999901e+00
3.332519999999999927e-01 1.696776999999999980e+00 6.799319999999999808e-01 2.495117000000000029e+00 2.398681999999999981e+00
3.430179999999999896e-01 1.713867000000000029e+00 6.835940000000000349e-01 2.504882999999999971e+00 2.407226999999999784e+00
3.527830000000000132e-01 1.723632999999999971e+00 6.884770000000000056e-01 2.520751999999999882e+00 2.397460999999999842e+00
3.613279999999999825e-01 1.733397999999999994e+00 6.896970000000000045e-01 2.534180000000000099e+00 2.426757999999999971e+00
3.698730000000000073e-01 1.743163999999999936e+00 6.933589999999999476e-01 2.543944999999999901e+00 2.431640999999999941e+00
3.759770000000000056e-01 1.746825999999999990e+00 6.982420000000000293e-01 2.553710999999999842e+00 2.456055000000000099e+00
3.820799999999999752e-01 1.752930000000000099e+00 6.982420000000000293e-01 2.567139000000000060e+00 2.436523000000000216e+00
3.869630000000000014e-01 1.756591999999999931e+00 6.982420000000000293e-01 2.573242000000000029e+00 2.446289000000000158e+00
3.906250000000000000e-01 1.763916000000000039e+00 6.982420000000000293e-01 2.583007999999999971e+00 2.456055000000000099e+00
3.930660000000000265e-01 1.762694999999999901e+00 6.994629999999999459e-01 2.584229000000000109e+00 2.446289000000000158e+00
3.967289999999999983e-01 1.763916000000000039e+00 6.994629999999999459e-01 2.592773000000000216e+00 2.459716999999999931e+00
3.979489999999999972e-01 1.767578000000000094e+00 6.994629999999999459e-01 2.593993999999999911e+00 2.459716999999999931e+00
4.003909999999999969e-01 1.772461000000000064e+00 6.994629999999999459e-01 2.597656000000000187e+00 2.469482000000000177e+00
4.016109999999999958e-01 1.772461000000000064e+00 6.982420000000000293e-01 2.602539000000000158e+00 2.486571999999999782e+00
4.028320000000000234e-01 1.772461000000000064e+00 6.982420000000000293e-01 2.602539000000000158e+00 2.481688999999999812e+00
4.052729999999999944e-01 1.772461000000000064e+00 6.982420000000000293e-01 2.607422000000000128e+00 2.497558999999999862e+00
4.052729999999999944e-01 1.772461000000000064e+00 6.945799999999999752e-01 2.604979999999999851e+00 2.504882999999999971e+00
4.052729999999999944e-01 1.772461000000000064e+00 6.982420000000000293e-01 2.612305000000000099e+00 2.497558999999999862e+00
4.052729999999999944e-01 1.772461000000000064e+00 6.982420000000000293e-01 2.612305000000000099e+00 2.497558999999999862e+00
4.064940000000000220e-01 1.773681999999999981e+00 6.945799999999999752e-01 2.612305000000000099e+00 2.508544999999999803e+00
4.064940000000000220e-01 1.772461000000000064e+00 6.945799999999999752e-01 2.612305000000000099e+00 2.514648000000000216e+00
4.064940000000000220e-01 1.772461000000000064e+00 6.933589999999999476e-01 2.612305000000000099e+00 2.504882999999999971e+00
4.077149999999999941e-01 1.773681999999999981e+00 6.921389999999999487e-01 2.613525000000000098e+00 2.485351999999999784e+00
4.064940000000000220e-01 1.773681999999999981e+00 6.909180000000000321e-01 2.613525000000000098e+00 2.467041000000000039e+00
4.052729999999999944e-01 1.772461000000000064e+00 6.896970000000000045e-01 2.622069999999999901e+00 2.475585999999999842e+00
4.052729999999999944e-01 1.773681999999999981e+00 6.896970000000000045e-01 2.615966999999999931e+00 2.475585999999999842e+00
4.052729999999999944e-01 1.772461000000000064e+00 6.884770000000000056e-01 2.613525000000000098e+00 2.459716999999999931e+00
4.040529999999999955e-01 1.772461000000000064e+00 6.848140000000000338e-01 2.617188000000000070e+00 2.486571999999999782e+00
4.016109999999999958e-01 1.766356999999999955e+00 6.848140000000000338e-01 2.615966999999999931e+00 2.476806999999999981e+00
4.003909999999999969e-01 1.763916000000000039e+00 6.811519999999999797e-01 2.612305000000000099e+00 2.476806999999999981e+00
3.991700000000000248e-01 1.763916000000000039e+00 6.799319999999999808e-01 2.613525000000000098e+00 2.475585999999999842e+00
3.967289999999999983e-01 1.760253999999999985e+00 6.799319999999999808e-01 2.613525000000000098e+00 2.467041000000000039e+00
3.955080000000000262e-01 1.762694999999999901e+00 6.787109999999999532e-01 2.613525000000000098e+00 2.459716999999999931e+00
3.918460000000000276e-01 1.754150000000000098e+00 6.750490000000000101e-01 2.612305000000000099e+00 2.486571999999999782e+00
3.906250000000000000e-01 1.752930000000000099e+00 6.738279999999999825e-01 2.612305000000000099e+00 2.495117000000000029e+00
3.894039999999999724e-01 1.752930000000000099e+00 6.701660000000000394e-01 2.612305000000000099e+00 2.496338000000000168e+00
3.857419999999999738e-01 1.744385000000000074e+00 6.689450000000000118e-01 2.604979999999999851e+00 2.495117000000000029e+00
3.857419999999999738e-01 1.743163999999999936e+00 6.689450000000000118e-01 2.603759999999999852e+00 2.485351999999999784e+00
3.796390000000000042e-01 1.738280999999999965e+00 6.652829999999999577e-01 2.602539000000000158e+00 2.485351999999999784e+00
3.771970000000000045e-01 1.734618999999999911e+00 6.628420000000000423e-01 2.602539000000000158e+00 2.489014000000000060e+00
3.759770000000000056e-01 1.733397999999999994e+00 6.603999999999999870e-01 2.593993999999999911e+00 2.495117000000000029e+00
3.710939999999999794e-01 1.727295000000000025e+00 6.591799999999999882e-01 2.592773000000000216e+00 2.485351999999999784e+00
3.674319999999999808e-01 1.723632999999999971e+00 6.555180000000000451e-01 2.592773000000000216e+00 2.489014000000000060e+00
3.625490000000000101e-01 1.718750000000000000e+00 6.530759999999999899e-01 2.585449000000000108e+00 2.504882999999999971e+00
3.601070000000000104e-01 1.713867000000000029e+00 6.506349999999999634e-01 2.583007999999999971e+00 2.495117000000000029e+00
3.564450000000000118e-01 1.710204999999999975e+00 6.494140000000000468e-01 2.578125000000000000e+00 2.486571999999999782e+00
3.527830000000000132e-01 1.704102000000000006e+00 6.457519999999999927e-01 2.573242000000000029e+00 2.486571999999999782e+00
3.503419999999999868e-01 1.704102000000000006e+00 6.433109999999999662e-01 2.573242000000000029e+00 2.485351999999999784e+00
3.466799999999999882e-01 1.694336000000000064e+00 6.420900000000000496e-01 2.564696999999999782e+00 2.480468999999999813e+00
3.417970000000000175e-01 1.688231999999999955e+00 6.359860000000000513e-01 2.563476999999999784e+00 2.479248000000000118e+00
3.381350000000000189e-01 1.684569999999999901e+00 6.347660000000000524e-01 2.558593999999999813e+00 2.485351999999999784e+00
3.344730000000000203e-01 1.676025000000000098e+00 6.323239999999999972e-01 2.553710999999999842e+00 2.479248000000000118e+00
3.308110000000000217e-01 1.674805000000000099e+00 6.298829999999999707e-01 2.553710999999999842e+00 2.485351999999999784e+00
3.271479999999999944e-01 1.668700999999999990e+00 6.298829999999999707e-01 2.545166000000000039e+00 2.467041000000000039e+00
3.234859999999999958e-01 1.665038999999999936e+00 6.250000000000000000e-01 2.543944999999999901e+00 2.456055000000000099e+00
3.186039999999999983e-01 1.660155999999999965e+00 6.225589999999999735e-01 2.535400000000000098e+00 2.457275000000000098e+00
3.149410000000000265e-01 1.655272999999999994e+00 6.213379999999999459e-01 2.534180000000000099e+00 2.456055000000000099e+00
3.125000000000000000e-01 1.655272999999999994e+00 6.213379999999999459e-01 2.526854999999999851e+00 2.457275000000000098e+00
3.088380000000000014e-01 1.649170000000000025e+00 6.176760000000000028e-01 2.525634999999999852e+00 2.456055000000000099e+00
3.039549999999999752e-01 1.645507999999999971e+00 6.152339999999999476e-01 2.524414000000000158e+00 2.446289000000000158e+00
3.015140000000000042e-01 1.640625000000000000e+00 6.115720000000000045e-01 2.519531000000000187e+00 2.447509999999999852e+00
2.978520000000000056e-01 1.636962999999999946e+00 6.115720000000000045e-01 2.514648000000000216e+00 2.456055000000000099e+00
2.941889999999999783e-01 1.635742000000000029e+00 6.103520000000000056e-01 2.514648000000000216e+00 2.446289000000000158e+00
2.917480000000000073e-01 1.628417999999999921e+00 6.103520000000000056e-01 2.504882999999999971e+00 2.446289000000000158e+00
2.880860000000000087e-01 1.628417999999999921e+00 6.066890000000000338e-01 2.504882999999999971e+00 2.446289000000000158e+00
2.844240000000000101e-01 1.625977000000000006e+00 6.054690000000000349e-01 2.498778999999999861e+00 2.446289000000000158e+00
2.807620000000000116e-01 1.617431999999999981e+00 6.018069999999999808e-01 2.495117000000000029e+00 2.436523000000000216e+00
2.783200000000000118e-01 1.616211000000000064e+00 6.018069999999999808e-01 2.495117000000000029e+00 2.436523000000000216e+00
2.746580000000000132e-01 1.610106999999999955e+00 6.005859999999999532e-01 2.487792999999999921e+00 2.436523000000000216e+00
2.722169999999999868e-01 1.607666000000000039e+00 5.969240000000000101e-01 2.485351999999999784e+00 2.435303000000000218e+00
2.685549999999999882e-01 1.602783000000000069e+00 5.957029999999999825e-01 2.480468999999999813e+00 2.446289000000000158e+00
2.648929999999999896e-01 1.597900000000000098e+00 5.932619999999999560e-01 2.475585999999999842e+00 2.436523000000000216e+00
2.612300000000000177e-01 1.593018000000000045e+00 5.920410000000000394e-01 2.475585999999999842e+00 2.437743999999999911e+00
2.575680000000000192e-01 1.590575999999999990e+00 5.908200000000000118e-01 2.467041000000000039e+00 2.426757999999999971e+00
2.539060000000000206e-01 1.586913999999999936e+00 5.908200000000000118e-01 2.465819999999999901e+00 2.416992000000000029e+00
2.502440000000000220e-01 1.582030999999999965e+00 5.871579999999999577e-01 2.458495999999999793e+00 2.426757999999999971e+00
2.478029999999999955e-01 1.579590000000000050e+00 5.859379999999999589e-01 2.456055000000000099e+00 2.416992000000000029e+00
2.429199999999999970e-01 1.572265999999999941e+00 5.847170000000000423e-01 2.456055000000000099e+00 2.421875000000000000e+00
2.404789999999999983e-01 1.568604000000000109e+00 5.822749999999999870e-01 2.446289000000000158e+00 2.427979000000000109e+00
2.355959999999999999e-01 1.567382999999999971e+00 5.810549999999999882e-01 2.446289000000000158e+00 2.416992000000000029e+00
2.331540000000000001e-01 1.561279000000000083e+00 5.773930000000000451e-01 2.440186000000000188e+00 2.418213000000000168e+00
2.307130000000000014e-01 1.557617000000000029e+00 5.773930000000000451e-01 2.436523000000000216e+00 2.407226999999999784e+00
2.282710000000000017e-01 1.551514000000000060e+00 5.749509999999999899e-01 2.436523000000000216e+00 2.407226999999999784e+00
2.246090000000000031e-01 1.547852000000000006e+00 5.737299999999999622e-01 2.427979000000000109e+00 2.403563999999999812e+00
2.209470000000000045e-01 1.547852000000000006e+00 5.725099999999999634e-01 2.426757999999999971e+00 2.407226999999999784e+00
2.172850000000000059e-01 1.539306999999999981e+00 5.712890000000000468e-01 2.426757999999999971e+00 2.397460999999999842e+00
2.148440000000000072e-01 1.538086000000000064e+00 5.712890000000000468e-01 2.416992000000000029e+00 2.397460999999999842e+00
2.111820000000000086e-01 1.531981999999999955e+00 5.676269999999999927e-01 2.416992000000000029e+00 2.397460999999999842e+00
2.099610000000000087e-01 1.529541000000000039e+00 5.664059999999999651e-01 2.410889000000000060e+00 2.397460999999999842e+00
2.062990000000000101e-01 1.528319999999999901e+00 5.664059999999999651e-01 2.407226999999999784e+00 2.377930000000000099e+00
2.026370000000000116e-01 1.522216999999999931e+00 5.639650000000000496e-01 2.407226999999999784e+00 2.381591999999999931e+00
2.001950000000000118e-01 1.520996000000000015e+00 5.627440000000000220e-01 2.398681999999999981e+00 2.397460999999999842e+00
1.977540000000000131e-01 1.518555000000000099e+00 5.627440000000000220e-01 2.397460999999999842e+00 2.379150000000000098e+00
1.953129999999999866e-01 1.518555000000000099e+00 5.615229999999999944e-01 2.397460999999999842e+00 2.381591999999999931e+00
1.940919999999999868e-01 1.513671999999999906e+00 5.615229999999999944e-01 2.388916000000000039e+00 2.387694999999999901e+00
1.916499999999999870e-01 1.510010000000000074e+00 5.615229999999999944e-01 2.387694999999999901e+00 2.368164000000000158e+00
1.904299999999999882e-01 1.508788999999999936e+00 5.578610000000000513e-01 2.387694999999999901e+00 2.377930000000000099e+00
1.867679999999999896e-01 1.508788999999999936e+00 5.578610000000000513e-01 2.387694999999999901e+00 2.377930000000000099e+00
1.855469999999999897e-01 1.508788999999999936e+00 5.578610000000000513e-01 2.380370999999999793e+00 2.377930000000000099e+00
1.831049999999999900e-01 1.503905999999999965e+00 5.578610000000000513e-01 2.377930000000000099e+00 2.377930000000000099e+00
1.818849999999999911e-01 1.503905999999999965e+00 5.566410000000000524e-01 2.377930000000000099e+00 2.370604999999999851e+00
1.806639999999999913e-01 1.499022999999999994e+00 5.566410000000000524e-01 2.377930000000000099e+00 2.377930000000000099e+00
1.782229999999999925e-01 1.499022999999999994e+00 5.554200000000000248e-01 2.370604999999999851e+00 2.377930000000000099e+00
1.770019999999999927e-01 1.499022999999999994e+00 5.566410000000000524e-01 2.368164000000000158e+00 2.368164000000000158e+00
1.757809999999999928e-01 1.499022999999999994e+00 5.554200000000000248e-01 2.368164000000000158e+00 2.369384999999999852e+00
1.745609999999999939e-01 1.499022999999999994e+00 5.541989999999999972e-01 2.368164000000000158e+00 2.368164000000000158e+00
1.733399999999999941e-01 1.499022999999999994e+00 5.554200000000000248e-01 2.368164000000000158e+00 2.368164000000000158e+00
1.721189999999999942e-01 1.494140999999999941e+00 5.554200000000000248e-01 2.368164000000000158e+00 2.368164000000000158e+00
1.721189999999999942e-01 1.494140999999999941e+00 5.554200000000000248e-01 2.368164000000000158e+00 2.368164000000000158e+00
1.708979999999999944e-01 1.492920000000000025e+00 5.541989999999999972e-01 2.359618999999999911e+00 2.368164000000000158e+00
1.708979999999999944e-01 1.492920000000000025e+00 5.554200000000000248e-01 2.360840000000000050e+00 2.358398000000000216e+00
1.696779999999999955e-01 1.490479000000000109e+00 5.529789999999999983e-01 2.358398000000000216e+00 2.358398000000000216e+00
1.684569999999999956e-01 1.490479000000000109e+00 5.541989999999999972e-01 2.360840000000000050e+00 2.358398000000000216e+00
1.672359999999999958e-01 1.490479000000000109e+00 5.554200000000000248e-01 2.358398000000000216e+00 2.359618999999999911e+00
1.672359999999999958e-01 1.490479000000000109e+00 5.541989999999999972e-01 2.358398000000000216e+00 2.358398000000000216e+00
1.660159999999999969e-01 1.490479000000000109e+00 5.554200000000000248e-01 2.358398000000000216e+00 2.360840000000000050e+00
1.660159999999999969e-01 1.489257999999999971e+00 5.554200000000000248e-01 2.352294999999999803e+00 2.370604999999999851e+00
1.647949999999999970e-01 1.489257999999999971e+00 5.541989999999999972e-01 2.358398000000000216e+00 2.359618999999999911e+00
1.647949999999999970e-01 1.489257999999999971e+00 5.541989999999999972e-01 2.351074000000000108e+00 2.358398000000000216e+00
1.647949999999999970e-01 1.489257999999999971e+00 5.529789999999999983e-01 2.349854000000000109e+00 2.358398000000000216e+00
1.623539999999999983e-01 1.489257999999999971e+00 5.541989999999999972e-01 2.349854000000000109e+00 2.348632999999999971e+00
1.623539999999999983e-01 1.489257999999999971e+00 5.529789999999999983e-01 2.348632999999999971e+00 2.340088000000000168e+00
1.611329999999999985e-01 1.489257999999999971e+00 5.529789999999999983e-01 2.348632999999999971e+00 2.348632999999999971e+00
1.611329999999999985e-01 1.484375000000000000e+00 5.529789999999999983e-01 2.349854000000000109e+00 2.352294999999999803e+00
1.599119999999999986e-01 1.480712999999999946e+00 5.517579999999999707e-01 2.349854000000000109e+00 2.348632999999999971e+00
1.599119999999999986e-01 1.480712999999999946e+00 5.529789999999999983e-01 2.348632999999999971e+00 2.343750000000000000e+00
1.574709999999999999e-01 1.480712999999999946e+00 5.517579999999999707e-01 2.348632999999999971e+00 2.349854000000000109e+00
1.574709999999999999e-01 1.479492000000000029e+00 5.517579999999999707e-01 2.343750000000000000e+00 2.349854000000000109e+00
1.562500000000000000e-01 1.474609000000000059e+00 5.517579999999999707e-01 2.340088000000000168e+00 2.348632999999999971e+00
1.550290000000000001e-01 1.470947000000000005e+00 5.517579999999999707e-01 2.338867000000000029e+00 2.338867000000000029e+00
1.550290000000000001e-01 1.469727000000000006e+00 5.517579999999999707e-01 2.338867000000000029e+00 2.340088000000000168e+00
1.525880000000000014e-01 1.469727000000000006e+00 5.480960000000000276e-01 2.338867000000000029e+00 2.343750000000000000e+00
1.525880000000000014e-01 1.469727000000000006e+00 5.480960000000000276e-01 2.338867000000000029e+00 2.358398000000000216e+00
1.513670000000000015e-01 1.469727000000000006e+00 5.480960000000000276e-01 2.331542999999999921e+00 2.348632999999999971e+00
1.501460000000000017e-01 1.463622999999999896e+00 5.468750000000000000e-01 2.329101999999999784e+00 2.343750000000000000e+00
1.489260000000000028e-01 1.461181999999999981e+00 5.468750000000000000e-01 2.330321999999999782e+00 2.348632999999999971e+00
1.489260000000000028e-01 1.461181999999999981e+00 5.468750000000000000e-01 2.329101999999999784e+00 2.329101999999999784e+00
1.464840000000000031e-01 1.459961000000000064e+00 5.468750000000000000e-01 2.329101999999999784e+00 2.332764000000000060e+00
1.464840000000000031e-01 1.459961000000000064e+00 5.468750000000000000e-01 2.320556999999999981e+00 2.348632999999999971e+00
1.452640000000000042e-01 1.453856999999999955e+00 5.456539999999999724e-01 2.321776999999999980e+00 2.338867000000000029e+00
1.440430000000000044e-01 1.453856999999999955e+00 5.456539999999999724e-01 2.319335999999999842e+00 2.338867000000000029e+00
1.428220000000000045e-01 1.453856999999999955e+00 5.456539999999999724e-01 2.319335999999999842e+00 2.338867000000000029e+00
1.416020000000000056e-01 1.450194999999999901e+00 5.444339999999999735e-01 2.319335999999999842e+00 2.330321999999999782e+00
1.416020000000000056e-01 1.450194999999999901e+00 5.456539999999999724e-01 2.319335999999999842e+00 2.331542999999999921e+00
1.416020000000000056e-01 1.450194999999999901e+00 5.444339999999999735e-01 2.313232000000000177e+00 2.338867000000000029e+00
1.403810000000000058e-01 1.450194999999999901e+00 5.444339999999999735e-01 2.310791000000000039e+00 2.319335999999999842e+00
1.391600000000000059e-01 1.450194999999999901e+00 5.432129999999999459e-01 2.309569999999999901e+00 2.324218999999999813e+00
1.379390000000000061e-01 1.445313000000000070e+00 5.432129999999999459e-01 2.309569999999999901e+00 2.338867000000000029e+00
1.379390000000000061e-01 1.444091999999999931e+00 5.432129999999999459e-01 2.309569999999999901e+00 2.332764000000000060e+00
1.379390000000000061e-01 1.441650000000000098e+00 5.432129999999999459e-01 2.309569999999999901e+00 2.340088000000000168e+00
1.367190000000000072e-01 1.441650000000000098e+00 5.419920000000000293e-01 2.305908000000000069e+00 2.329101999999999784e+00
1.354980000000000073e-01 1.440430000000000099e+00 5.432129999999999459e-01 2.309569999999999901e+00 2.319335999999999842e+00
1.354980000000000073e-01 1.440430000000000099e+00 5.419920000000000293e-01 2.301025000000000098e+00 2.319335999999999842e+00
1.342770000000000075e-01 1.440430000000000099e+00 5.432129999999999459e-01 2.302245999999999793e+00 2.319335999999999842e+00
1.330570000000000086e-01 1.436768000000000045e+00 5.419920000000000293e-01 2.299805000000000099e+00 2.313232000000000177e+00
1.330570000000000086e-01 1.435546999999999906e+00 5.419920000000000293e-01 2.299805000000000099e+00 2.329101999999999784e+00
1.330570000000000086e-01 1.434325999999999990e+00 5.419920000000000293e-01 2.299805000000000099e+00 2.321776999999999980e+00
1.318360000000000087e-01 1.431885000000000074e+00 5.407710000000000017e-01 2.299805000000000099e+00 2.332764000000000060e+00
1.318360000000000087e-01 1.431885000000000074e+00 5.419920000000000293e-01 2.293700999999999990e+00 2.330321999999999782e+00
1.318360000000000087e-01 1.431885000000000074e+00 5.419920000000000293e-01 2.292479999999999851e+00 2.313232000000000177e+00
1.306150000000000089e-01 1.430663999999999936e+00 5.419920000000000293e-01 2.291259999999999852e+00 2.319335999999999842e+00
1.293950000000000100e-01 1.430663999999999936e+00 5.383299999999999752e-01 2.290039000000000158e+00 2.310791000000000039e+00
1.293950000000000100e-01 1.430663999999999936e+00 5.395510000000000028e-01 2.290039000000000158e+00 2.309569999999999901e+00
1.281740000000000101e-01 1.425780999999999965e+00 5.383299999999999752e-01 2.290039000000000158e+00 2.319335999999999842e+00
1.281740000000000101e-01 1.425780999999999965e+00 5.383299999999999752e-01 2.290039000000000158e+00 2.319335999999999842e+00
1.281740000000000101e-01 1.425780999999999965e+00 5.383299999999999752e-01 2.290039000000000158e+00 2.319335999999999842e+00
1.269530000000000103e-01 1.425780999999999965e+00 5.383299999999999752e-01 2.290039000000000158e+00 2.313232000000000177e+00
1.269530000000000103e-01 1.424560999999999966e+00 5.383299999999999752e-01 2.290039000000000158e+00 2.329101999999999784e+00
1.269530000000000103e-01 1.424560999999999966e+00 5.383299999999999752e-01 2.290039000000000158e+00 2.319335999999999842e+00
1.269530000000000103e-01 1.425780999999999965e+00 5.383299999999999752e-01 2.283936000000000188e+00 2.314452999999999872e+00
1.269530000000000103e-01 1.425780999999999965e+00 5.383299999999999752e-01 2.283936000000000188e+00 2.313232000000000177e+00
1.269530000000000103e-01 1.430663999999999936e+00 5.395510000000000028e-01 2.282715000000000050e+00 2.310791000000000039e+00
1.269530000000000103e-01 1.430663999999999936e+00 5.395510000000000028e-01 2.282715000000000050e+00 2.309569999999999901e+00
1.269530000000000103e-01 1.430663999999999936e+00 5.419920000000000293e-01 2.286376999999999882e+00 2.303466999999999931e+00
1.281740000000000101e-01 1.430663999999999936e+00 5.419920000000000293e-01 2.290039000000000158e+00 2.309569999999999901e+00
1.281740000000000101e-01 1.430663999999999936e+00 5.419920000000000293e-01 2.290039000000000158e+00 2.309569999999999901e+00
1.293950000000000100e-01 1.430663999999999936e+00 5.419920000000000293e-01 2.290039000000000158e+00 2.309569999999999901e+00
1.281740000000000101e-01 1.430663999999999936e+00 5.419920000000000293e-01 2.283936000000000188e+00 2.309569999999999901e+00
1.293950000000000100e-01 1.430663999999999936e+00 5.432129999999999459e-01 2.291259999999999852e+00 2.299805000000000099e+00
1.293950000000000100e-01 1.430663999999999936e+00 5.432129999999999459e-01 2.290039000000000158e+00 2.299805000000000099e+00
1.293950000000000100e-01 1.430663999999999936e+00 5.432129999999999459e-01 2.290039000000000158e+00 2.309569999999999901e+00
1.293950000000000100e-01 1.430663999999999936e+00 5.432129999999999459e-01 2.290039000000000158e+00 2.309569999999999901e+00
1.293950000000000100e-01 1.430663999999999936e+00 5.432129999999999459e-01 2.285156000000000187e+00 2.309569999999999901e+00
1.293950000000000100e-01 1.430663999999999936e+00 5.432129999999999459e-01 2.285156000000000187e+00 2.309569999999999901e+00
1.293950000000000100e-01 1.430663999999999936e+00 5.432129999999999459e-01 2.283936000000000188e+00 2.309569999999999901e+00
1.293950000000000100e-01 1.427002000000000104e+00 5.432129999999999459e-01 2.281493999999999911e+00 2.299805000000000099e+00
1.293950000000000100e-01 1.425780999999999965e+00 5.432129999999999459e-01 2.281493999999999911e+00 2.291259999999999852e+00
1.293950000000000100e-01 1.427002000000000104e+00 5.419920000000000293e-01 2.283936000000000188e+00 2.290039000000000158e+00
1.293950000000000100e-01 1.430663999999999936e+00 5.432129999999999459e-01 2.281493999999999911e+00 2.285156000000000187e+00
1.306150000000000089e-01 1.430663999999999936e+00 5.432129999999999459e-01 2.281493999999999911e+00 2.299805000000000099e+00
1.318360000000000087e-01 1.430663999999999936e+00 5.432129999999999459e-01 2.283936000000000188e+00 2.291259999999999852e+00
1.318360000000000087e-01 1.431885000000000074e+00 5.444339999999999735e-01 2.290039000000000158e+00 2.290039000000000158e+00
1.318360000000000087e-01 1.430663999999999936e+00 5.456539999999999724e-01 2.285156000000000187e+00 2.301025000000000098e+00
1.318360000000000087e-01 1.430663999999999936e+00 5.444339999999999735e-01 2.290039000000000158e+00 2.299805000000000099e+00
1.318360000000000087e-01 1.430663999999999936e+00 5.432129999999999459e-01 2.290039000000000158e+00 2.309569999999999901e+00
1.318360000000000087e-01 1.430663999999999936e+00 5.456539999999999724e-01 2.290039000000000158e+00 2.309569999999999901e+00
1.318360000000000087e-01 1.430663999999999936e+00 5.456539999999999724e-01 2.290039000000000158e+00 2.309569999999999901e+00
1.330570000000000086e-01 1.430663999999999936e+00 5.444339999999999735e-01 2.290039000000000158e+00 2.309569999999999901e+00
1.318360000000000087e-01 1.430663999999999936e+00 5.456539999999999724e-01 2.290039000000000158e+00 2.309569999999999901e+00
1.318360000000000087e-01 1.425780999999999965e+00 5.432129999999999459e-01 2.290039000000000158e+00 2.309569999999999901e+00
1.318360000000000087e-01 1.430663999999999936e+00 5.432129999999999459e-01 2.283936000000000188e+00 2.303466999999999931e+00
1.318360000000000087e-01 1.425780999999999965e+00 5.419920000000000293e-01 2.281493999999999911e+00 2.299805000000000099e+00
1.318360000000000087e-01 1.422118999999999911e+00 5.432129999999999459e-01 2.280273000000000216e+00 2.293700999999999990e+00
1.293950000000000100e-01 1.420897999999999994e+00 5.419920000000000293e-01 2.280273000000000216e+00 2.309569999999999901e+00
1.293950000000000100e-01 1.420897999999999994e+00 5.419920000000000293e-01 2.280273000000000216e+00 2.301025000000000098e+00
1.281740000000000101e-01 1.416015999999999941e+00 5.419920000000000293e-01 2.280273000000000216e+00 2.299805000000000099e+00
1.269530000000000103e-01 1.412354000000000109e+00 5.419920000000000293e-01 2.280273000000000216e+00 2.304688000000000070e+00
1.269530000000000103e-01 1.411132999999999971e+00 5.395510000000000028e-01 2.280273000000000216e+00 2.310791000000000039e+00
1.257320000000000104e-01 1.411132999999999971e+00 5.383299999999999752e-01 2.274169999999999803e+00 2.299805000000000099e+00
1.257320000000000104e-01 1.411132999999999971e+00 5.383299999999999752e-01 2.271729000000000109e+00 2.290039000000000158e+00
1.245119999999999977e-01 1.406250000000000000e+00 5.371089999999999476e-01 2.270507999999999971e+00 2.281493999999999911e+00
1.245119999999999977e-01 1.406250000000000000e+00 5.371089999999999476e-01 2.272949000000000108e+00 2.290039000000000158e+00
1.232909999999999978e-01 1.402587999999999946e+00 5.358889999999999487e-01 2.270507999999999971e+00 2.293700999999999990e+00
1.220699999999999980e-01 1.401367000000000029e+00 5.346680000000000321e-01 2.265625000000000000e+00 2.299805000000000099e+00
1.220699999999999980e-01 1.401367000000000029e+00 5.358889999999999487e-01 2.263183999999999862e+00 2.302245999999999793e+00
1.208499999999999991e-01 1.398925999999999892e+00 5.346680000000000321e-01 2.265625000000000000e+00 2.301025000000000098e+00
1.208499999999999991e-01 1.401367000000000029e+00 5.334470000000000045e-01 2.265625000000000000e+00 2.301025000000000098e+00
1.196289999999999992e-01 1.401367000000000029e+00 5.346680000000000321e-01 2.260742000000000029e+00 2.293700999999999990e+00
1.196289999999999992e-01 1.401367000000000029e+00 5.358889999999999487e-01 2.260742000000000029e+00 2.309569999999999901e+00
1.196289999999999992e-01 1.401367000000000029e+00 5.358889999999999487e-01 2.260742000000000029e+00 2.299805000000000099e+00
1.196289999999999992e-01 1.401367000000000029e+00 5.358889999999999487e-01 2.260742000000000029e+00 2.299805000000000099e+00
1.196289999999999992e-01 1.401367000000000029e+00 5.371089999999999476e-01 2.260742000000000029e+00 2.291259999999999852e+00
1.208499999999999991e-01 1.402587999999999946e+00 5.371089999999999476e-01 2.260742000000000029e+00 2.291259999999999852e+00
1.208499999999999991e-01 1.402587999999999946e+00 5.383299999999999752e-01 2.260742000000000029e+00 2.290039000000000158e+00
1.220699999999999980e-01 1.406250000000000000e+00 5.383299999999999752e-01 2.260742000000000029e+00 2.293700999999999990e+00
1.220699999999999980e-01 1.406250000000000000e+00 5.395510000000000028e-01 2.260742000000000029e+00 2.301025000000000098e+00
1.220699999999999980e-01 1.411132999999999971e+00 5.383299999999999752e-01 2.261963000000000168e+00 2.294922000000000128e+00
1.220699999999999980e-01 1.411132999999999971e+00 5.419920000000000293e-01 2.265625000000000000e+00 2.291259999999999852e+00
1.232909999999999978e-01 1.411132999999999971e+00 5.419920000000000293e-01 2.265625000000000000e+00 2.291259999999999852e+00
1.245119999999999977e-01 1.412354000000000109e+00 5.419920000000000293e-01 2.270507999999999971e+00 2.290039000000000158e+00
1.269530000000000103e-01 1.417235999999999940e+00 5.432129999999999459e-01 2.270507999999999971e+00 2.299805000000000099e+00
1.281740000000000101e-01 1.420897999999999994e+00 5.432129999999999459e-01 2.270507999999999971e+00 2.299805000000000099e+00
1.293950000000000100e-01 1.422118999999999911e+00 5.468750000000000000e-01 2.270507999999999971e+00 2.292479999999999851e+00
1.318360000000000087e-01 1.425780999999999965e+00 5.468750000000000000e-01 2.272949000000000108e+00 2.303466999999999931e+00
1.318360000000000087e-01 1.430663999999999936e+00 5.480960000000000276e-01 2.280273000000000216e+00 2.319335999999999842e+00
1.342770000000000075e-01 1.434325999999999990e+00 5.480960000000000276e-01 2.276610999999999940e+00 2.301025000000000098e+00
1.367190000000000072e-01 1.441650000000000098e+00 5.517579999999999707e-01 2.280273000000000216e+00 2.291259999999999852e+00
1.391600000000000059e-01 1.444091999999999931e+00 5.529789999999999983e-01 2.285156000000000187e+00 2.299805000000000099e+00
1.416020000000000056e-01 1.451416000000000039e+00 5.541989999999999972e-01 2.290039000000000158e+00 2.301025000000000098e+00
1.452640000000000042e-01 1.459961000000000064e+00 5.578610000000000513e-01 2.291259999999999852e+00 2.301025000000000098e+00
1.477050000000000030e-01 1.464844000000000035e+00 5.615229999999999944e-01 2.299805000000000099e+00 2.299805000000000099e+00
1.525880000000000014e-01 1.470947000000000005e+00 5.627440000000000220e-01 2.302245999999999793e+00 2.310791000000000039e+00
1.550290000000000001e-01 1.479492000000000029e+00 5.627440000000000220e-01 2.309569999999999901e+00 2.319335999999999842e+00
1.599119999999999986e-01 1.484375000000000000e+00 5.676269999999999927e-01 2.310791000000000039e+00 2.310791000000000039e+00
1.623539999999999983e-01 1.489257999999999971e+00 5.712890000000000468e-01 2.313232000000000177e+00 2.299805000000000099e+00
1.660159999999999969e-01 1.494140999999999941e+00 5.712890000000000468e-01 2.320556999999999981e+00 2.299805000000000099e+00
1.708979999999999944e-01 1.500243999999999911e+00 5.725099999999999634e-01 2.324218999999999813e+00 2.309569999999999901e+00
1.733399999999999941e-01 1.508788999999999936e+00 5.749509999999999899e-01 2.329101999999999784e+00 2.329101999999999784e+00
1.770019999999999927e-01 1.508788999999999936e+00 5.761720000000000175e-01 2.330321999999999782e+00 2.319335999999999842e+00
1.818849999999999911e-01 1.518555000000000099e+00 5.773930000000000451e-01 2.343750000000000000e+00 2.330321999999999782e+00
1.855469999999999897e-01 1.518555000000000099e+00 5.786130000000000440e-01 2.343750000000000000e+00 2.338867000000000029e+00
1.867679999999999896e-01 1.518555000000000099e+00 5.810549999999999882e-01 2.348632999999999971e+00 2.343750000000000000e+00
1.904299999999999882e-01 1.519775000000000098e+00 5.810549999999999882e-01 2.348632999999999971e+00 2.351074000000000108e+00
1.916499999999999870e-01 1.519775000000000098e+00 5.810549999999999882e-01 2.349854000000000109e+00 2.349854000000000109e+00
1.916499999999999870e-01 1.519775000000000098e+00 5.810549999999999882e-01 2.353515999999999941e+00 2.338867000000000029e+00
1.940919999999999868e-01 1.519775000000000098e+00 5.810549999999999882e-01 2.352294999999999803e+00 2.338867000000000029e+00
1.940919999999999868e-01 1.520996000000000015e+00 5.810549999999999882e-01 2.360840000000000050e+00 2.338867000000000029e+00
1.940919999999999868e-01 1.518555000000000099e+00 5.810549999999999882e-01 2.358398000000000216e+00 2.338867000000000029e+00
1.953129999999999866e-01 1.518555000000000099e+00 5.773930000000000451e-01 2.358398000000000216e+00 2.348632999999999971e+00
1.953129999999999866e-01 1.518555000000000099e+00 5.773930000000000451e-01 2.358398000000000216e+00 2.348632999999999971e+00
1.953129999999999866e-01 1.518555000000000099e+00 5.810549999999999882e-01 2.359618999999999911e+00 2.340088000000000168e+00
1.965330000000000132e-01 1.519775000000000098e+00 5.786130000000000440e-01 2.358398000000000216e+00 2.338867000000000029e+00
1.977540000000000131e-01 1.519775000000000098e+00 5.773930000000000451e-01 2.359618999999999911e+00 2.340088000000000168e+00
2.001950000000000118e-01 1.523438000000000070e+00 5.810549999999999882e-01 2.368164000000000158e+00 2.338867000000000029e+00
2.014160000000000117e-01 1.528319999999999901e+00 5.810549999999999882e-01 2.368164000000000158e+00 2.348632999999999971e+00
2.014160000000000117e-01 1.528319999999999901e+00 5.822749999999999870e-01 2.368164000000000158e+00 2.352294999999999803e+00
2.038570000000000104e-01 1.533203000000000094e+00 5.822749999999999870e-01 2.370604999999999851e+00 2.368164000000000158e+00
2.062990000000000101e-01 1.538086000000000064e+00 5.834960000000000147e-01 2.377930000000000099e+00 2.362061000000000188e+00
2.099610000000000087e-01 1.541747999999999896e+00 5.847170000000000423e-01 2.377930000000000099e+00 2.377930000000000099e+00
2.111820000000000086e-01 1.547852000000000006e+00 5.859379999999999589e-01 2.387694999999999901e+00 2.368164000000000158e+00
2.136230000000000073e-01 1.547852000000000006e+00 5.871579999999999577e-01 2.387694999999999901e+00 2.369384999999999852e+00
2.160640000000000061e-01 1.550292999999999921e+00 5.883789999999999853e-01 2.391357000000000177e+00 2.368164000000000158e+00
2.172850000000000059e-01 1.557617000000000029e+00 5.908200000000000118e-01 2.397460999999999842e+00 2.358398000000000216e+00
2.221680000000000044e-01 1.557617000000000029e+00 5.920410000000000394e-01 2.402343999999999813e+00 2.363281000000000187e+00
2.221680000000000044e-01 1.560059000000000085e+00 5.920410000000000394e-01 2.407226999999999784e+00 2.387694999999999901e+00
2.233890000000000042e-01 1.560059000000000085e+00 5.920410000000000394e-01 2.407226999999999784e+00 2.387694999999999901e+00
2.246090000000000031e-01 1.561279000000000083e+00 5.920410000000000394e-01 2.408446999999999782e+00 2.377930000000000099e+00
2.258300000000000030e-01 1.566162000000000054e+00 5.920410000000000394e-01 2.410889000000000060e+00 2.368164000000000158e+00
2.270510000000000028e-01 1.561279000000000083e+00 5.920410000000000394e-01 2.410889000000000060e+00 2.363281000000000187e+00
2.270510000000000028e-01 1.561279000000000083e+00 5.920410000000000394e-01 2.421875000000000000e+00 2.377930000000000099e+00
2.282710000000000017e-01 1.558837999999999946e+00 5.908200000000000118e-01 2.416992000000000029e+00 2.387694999999999901e+00
2.270510000000000028e-01 1.558837999999999946e+00 5.908200000000000118e-01 2.416992000000000029e+00 2.381591999999999931e+00
2.270510000000000028e-01 1.560059000000000085e+00 5.908200000000000118e-01 2.410889000000000060e+00 2.387694999999999901e+00
2.270510000000000028e-01 1.557617000000000029e+00 5.908200000000000118e-01 2.416992000000000029e+00 2.377930000000000099e+00
2.270510000000000028e-01 1.557617000000000029e+00 5.908200000000000118e-01 2.416992000000000029e+00 2.377930000000000099e+00
2.258300000000000030e-01 1.557617000000000029e+00 5.871579999999999577e-01 2.416992000000000029e+00 2.387694999999999901e+00
2.258300000000000030e-01 1.550292999999999921e+00 5.859379999999999589e-01 2.416992000000000029e+00 2.379150000000000098e+00
2.246090000000000031e-01 1.549072000000000005e+00 5.871579999999999577e-01 2.410889000000000060e+00 2.379150000000000098e+00
2.246090000000000031e-01 1.547852000000000006e+00 5.847170000000000423e-01 2.410889000000000060e+00 2.368164000000000158e+00
2.233890000000000042e-01 1.547852000000000006e+00 5.847170000000000423e-01 2.407226999999999784e+00 2.368164000000000158e+00
2.221680000000000044e-01 1.542969000000000035e+00 5.834960000000000147e-01 2.407226999999999784e+00 2.371825999999999990e+00
2.209470000000000045e-01 1.539306999999999981e+00 5.822749999999999870e-01 2.407226999999999784e+00 2.387694999999999901e+00
2.197270000000000056e-01 1.538086000000000064e+00 5.810549999999999882e-01 2.407226999999999784e+00 2.380370999999999793e+00
2.185060000000000058e-01 1.538086000000000064e+00 5.810549999999999882e-01 2.407226999999999784e+00 2.388916000000000039e+00
2.172850000000000059e-01 1.531981999999999955e+00 5.810549999999999882e-01 2.407226999999999784e+00 2.381591999999999931e+00
2.148440000000000072e-01 1.528319999999999901e+00 5.786130000000000440e-01 2.399901999999999980e+00 2.388916000000000039e+00
2.136230000000000073e-01 1.528319999999999901e+00 5.773930000000000451e-01 2.397460999999999842e+00 2.381591999999999931e+00
2.124020000000000075e-01 1.528319999999999901e+00 5.761720000000000175e-01 2.397460999999999842e+00 2.387694999999999901e+00
2.111820000000000086e-01 1.522216999999999931e+00 5.761720000000000175e-01 2.397460999999999842e+00 2.379150000000000098e+00
2.099610000000000087e-01 1.519775000000000098e+00 5.737299999999999622e-01 2.397460999999999842e+00 2.377930000000000099e+00
2.099610000000000087e-01 1.518555000000000099e+00 5.725099999999999634e-01 2.391357000000000177e+00 2.369384999999999852e+00
2.062990000000000101e-01 1.518555000000000099e+00 5.725099999999999634e-01 2.387694999999999901e+00 2.360840000000000050e+00
2.050780000000000103e-01 1.518555000000000099e+00 5.712890000000000468e-01 2.387694999999999901e+00 2.377930000000000099e+00
2.026370000000000116e-01 1.518555000000000099e+00 5.712890000000000468e-01 2.387694999999999901e+00 2.369384999999999852e+00
2.001950000000000118e-01 1.508788999999999936e+00 5.676269999999999927e-01 2.377930000000000099e+00 2.368164000000000158e+00
1.977540000000000131e-01 1.503905999999999965e+00 5.664059999999999651e-01 2.377930000000000099e+00 2.363281000000000187e+00
1.965330000000000132e-01 1.502685999999999966e+00 5.664059999999999651e-01 2.377930000000000099e+00 2.377930000000000099e+00
1.953129999999999866e-01 1.499022999999999994e+00 5.664059999999999651e-01 2.371825999999999990e+00 2.360840000000000050e+00
1.940919999999999868e-01 1.499022999999999994e+00 5.651859999999999662e-01 2.373047000000000128e+00 2.363281000000000187e+00
1.916499999999999870e-01 1.499022999999999994e+00 5.627440000000000220e-01 2.369384999999999852e+00 2.369384999999999852e+00
1.904299999999999882e-01 1.491699000000000108e+00 5.627440000000000220e-01 2.362061000000000188e+00 2.349854000000000109e+00
1.879879999999999884e-01 1.490479000000000109e+00 5.615229999999999944e-01 2.360840000000000050e+00 2.358398000000000216e+00
1.867679999999999896e-01 1.489257999999999971e+00 5.615229999999999944e-01 2.358398000000000216e+00 2.349854000000000109e+00
1.843259999999999899e-01 1.484375000000000000e+00 5.615229999999999944e-01 2.359618999999999911e+00 2.348632999999999971e+00
1.831049999999999900e-01 1.480712999999999946e+00 5.615229999999999944e-01 2.363281000000000187e+00 2.338867000000000029e+00
1.818849999999999911e-01 1.480712999999999946e+00 5.578610000000000513e-01 2.358398000000000216e+00 2.352294999999999803e+00
1.806639999999999913e-01 1.479492000000000029e+00 5.578610000000000513e-01 2.351074000000000108e+00 2.359618999999999911e+00
1.782229999999999925e-01 1.474609000000000059e+00 5.578610000000000513e-01 2.349854000000000109e+00 2.348632999999999971e+00
1.770019999999999927e-01 1.473389000000000060e+00 5.566410000000000524e-01 2.348632999999999971e+00 2.338867000000000029e+00
1.757809999999999928e-01 1.470947000000000005e+00 5.566410000000000524e-01 2.348632999999999971e+00 2.340088000000000168e+00
1.745609999999999939e-01 1.469727000000000006e+00 5.541989999999999972e-01 2.348632999999999971e+00 2.338867000000000029e+00
1.721189999999999942e-01 1.469727000000000006e+00 5.541989999999999972e-01 2.343750000000000000e+00 2.340088000000000168e+00
1.721189999999999942e-01 1.469727000000000006e+00 5.529789999999999983e-01 2.343750000000000000e+00 2.343750000000000000e+00
1.708979999999999944e-01 1.464844000000000035e+00 5.529789999999999983e-01 2.338867000000000029e+00 2.358398000000000216e+00
1.684569999999999956e-01 1.459961000000000064e+00 5.529789999999999983e-01 2.338867000000000029e+00 2.348632999999999971e+00
1.672359999999999958e-01 1.459961000000000064e+00 5.517579999999999707e-01 2.338867000000000029e+00 2.338867000000000029e+00
1.660159999999999969e-01 1.459961000000000064e+00 5.517579999999999707e-01 2.331542999999999921e+00 2.338867000000000029e+00
1.647949999999999970e-01 1.459961000000000064e+00 5.517579999999999707e-01 2.329101999999999784e+00 2.338867000000000029e+00
1.635739999999999972e-01 1.459961000000000064e+00 5.517579999999999707e-01 2.329101999999999784e+00 2.333984000000000059e+00
1.623539999999999983e-01 1.459961000000000064e+00 5.517579999999999707e-01 2.329101999999999784e+00 2.348632999999999971e+00
1.623539999999999983e-01 1.455078000000000094e+00 5.517579999999999707e-01 2.329101999999999784e+00 2.338867000000000029e+00
1.611329999999999985e-01 1.453856999999999955e+00 5.517579999999999707e-01 2.329101999999999784e+00 2.338867000000000029e+00
1.611329999999999985e-01 1.453856999999999955e+00 5.517579999999999707e-01 2.329101999999999784e+00 2.330321999999999782e+00
1.611329999999999985e-01 1.459961000000000064e+00 5.517579999999999707e-01 2.329101999999999784e+00 2.330321999999999782e+00
1.611329999999999985e-01 1.456299000000000010e+00 5.517579999999999707e-01 2.329101999999999784e+00 2.329101999999999784e+00
1.611329999999999985e-01 1.459961000000000064e+00 5.517579999999999707e-01 2.329101999999999784e+00 2.329101999999999784e+00
1.611329999999999985e-01 1.459961000000000064e+00 5.517579999999999707e-01 2.329101999999999784e+00 2.330321999999999782e+00
1.611329999999999985e-01 1.459961000000000064e+00 5.529789999999999983e-01 2.330321999999999782e+00 2.329101999999999784e+00
1.611329999999999985e-01 1.461181999999999981e+00 5.554200000000000248e-01 2.329101999999999784e+00 2.324218999999999813e+00
1.611329999999999985e-01 1.463622999999999896e+00 5.529789999999999983e-01 2.329101999999999784e+00 2.340088000000000168e+00
1.623539999999999983e-01 1.464844000000000035e+00 5.554200000000000248e-01 2.329101999999999784e+00 2.340088000000000168e+00
1.623539999999999983e-01 1.469727000000000006e+00 5.566410000000000524e-01 2.329101999999999784e+00 2.338867000000000029e+00
1.635739999999999972e-01 1.469727000000000006e+00 5.566410000000000524e-01 2.338867000000000029e+00 2.338867000000000029e+00
1.647949999999999970e-01 1.472167999999999921e+00 5.578610000000000513e-01 2.330321999999999782e+00 2.331542999999999921e+00
1.647949999999999970e-01 1.470947000000000005e+00 5.578610000000000513e-01 2.333984000000000059e+00 2.338867000000000029e+00
1.660159999999999969e-01 1.473389000000000060e+00 5.590819999999999679e-01 2.338867000000000029e+00 2.338867000000000029e+00
1.672359999999999958e-01 1.479492000000000029e+00 5.603029999999999955e-01 2.338867000000000029e+00 2.342528999999999861e+00
1.684569999999999956e-01 1.479492000000000029e+00 5.615229999999999944e-01 2.343750000000000000e+00 2.348632999999999971e+00
1.684569999999999956e-01 1.479492000000000029e+00 5.615229999999999944e-01 2.338867000000000029e+00 2.342528999999999861e+00
1.684569999999999956e-01 1.479492000000000029e+00 5.615229999999999944e-01 2.343750000000000000e+00 2.349854000000000109e+00
1.696779999999999955e-01 1.479492000000000029e+00 5.615229999999999944e-01 2.343750000000000000e+00 2.343750000000000000e+00
1.696779999999999955e-01 1.479492000000000029e+00 5.615229999999999944e-01 2.338867000000000029e+00 2.358398000000000216e+00
1.708979999999999944e-01 1.479492000000000029e+00 5.615229999999999944e-01 2.340088000000000168e+00 2.340088000000000168e+00
