8.422899999999999832e-02 1.250000000000000000e+00 5.187990000000000101e-01 2.104492000000000029e+00
8.422899999999999832e-02 1.250000000000000000e+00 5.187990000000000101e-01 2.104492000000000029e+00
8.422899999999999832e-02 1.251220999999999917e+00 5.187990000000000101e-01 2.105713000000000168e+00
8.422899999999999832e-02 1.250000000000000000e+00 5.224609999999999532e-01 2.104492000000000029e+00
8.422899999999999832e-02 1.250000000000000000e+00 5.187990000000000101e-01 2.104492000000000029e+00
8.422899999999999832e-02 1.250000000000000000e+00 5.187990000000000101e-01 2.104492000000000029e+00
8.422899999999999832e-02 1.250000000000000000e+00 5.187990000000000101e-01 2.109375000000000000e+00
8.422899999999999832e-02 1.250000000000000000e+00 5.187990000000000101e-01 2.104492000000000029e+00
8.544899999999999718e-02 1.250000000000000000e+00 5.187990000000000101e-01 2.104492000000000029e+00
8.422899999999999832e-02 1.250000000000000000e+00 5.187990000000000101e-01 2.104492000000000029e+00
8.544899999999999718e-02 1.254882999999999971e+00 5.187990000000000101e-01 2.104492000000000029e+00
8.422899999999999832e-02 1.250000000000000000e+00 5.187990000000000101e-01 2.104492000000000029e+00
8.422899999999999832e-02 1.250000000000000000e+00 5.187990000000000101e-01 2.104492000000000029e+00
8.422899999999999832e-02 1.250000000000000000e+00 5.187990000000000101e-01 2.104492000000000029e+00
8.422899999999999832e-02 1.254882999999999971e+00 5.224609999999999532e-01 2.104492000000000029e+00
8.422899999999999832e-02 1.250000000000000000e+00 5.187990000000000101e-01 2.098389000000000060e+00
8.422899999999999832e-02 1.250000000000000000e+00 5.187990000000000101e-01 2.104492000000000029e+00
8.422899999999999832e-02 1.250000000000000000e+00 5.187990000000000101e-01 2.104492000000000029e+00
8.422899999999999832e-02 1.250000000000000000e+00 5.187990000000000101e-01 2.104492000000000029e+00
8.422899999999999832e-02 1.250000000000000000e+00 5.187990000000000101e-01 2.104492000000000029e+00
8.544899999999999718e-02 1.250000000000000000e+00 5.187990000000000101e-01 2.104492000000000029e+00
8.422899999999999832e-02 1.250000000000000000e+00 5.187990000000000101e-01 2.104492000000000029e+00
8.422899999999999832e-02 1.250000000000000000e+00 5.187990000000000101e-01 2.104492000000000029e+00
8.544899999999999718e-02 1.250000000000000000e+00 5.187990000000000101e-01 2.104492000000000029e+00
8.422899999999999832e-02 1.250000000000000000e+00 5.187990000000000101e-01 2.104492000000000029e+00
8.422899999999999832e-02 1.250000000000000000e+00 5.187990000000000101e-01 2.104492000000000029e+00
8.422899999999999832e-02 1.250000000000000000e+00 5.187990000000000101e-01 2.104492000000000029e+00
8.422899999999999832e-02 1.254882999999999971e+00 5.187990000000000101e-01 2.104492000000000029e+00
8.422899999999999832e-02 1.250000000000000000e+00 5.187990000000000101e-01 2.104492000000000029e+00
8.422899999999999832e-02 1.250000000000000000e+00 5.187990000000000101e-01 2.098389000000000060e+00
8.422899999999999832e-02 1.251220999999999917e+00 5.187990000000000101e-01 2.104492000000000029e+00
8.422899999999999832e-02 1.250000000000000000e+00 5.175779999999999825e-01 2.104492000000000029e+00
8.422899999999999832e-02 1.250000000000000000e+00 5.187990000000000101e-01 2.104492000000000029e+00
8.422899999999999832e-02 1.250000000000000000e+00 5.187990000000000101e-01 2.104492000000000029e+00
8.422899999999999832e-02 1.250000000000000000e+00 5.187990000000000101e-01 2.104492000000000029e+00
8.422899999999999832e-02 1.250000000000000000e+00 5.187990000000000101e-01 2.098389000000000060e+00
8.422899999999999832e-02 1.250000000000000000e+00 5.187990000000000101e-01 2.099609000000000059e+00
8.422899999999999832e-02 1.250000000000000000e+00 5.187990000000000101e-01 2.104492000000000029e+00
8.422899999999999832e-02 1.250000000000000000e+00 5.187990000000000101e-01 2.104492000000000029e+00
8.422899999999999832e-02 1.250000000000000000e+00 5.187990000000000101e-01 2.104492000000000029e+00
8.422899999999999832e-02 1.254882999999999971e+00 5.187990000000000101e-01 2.104492000000000029e+00
8.422899999999999832e-02 1.250000000000000000e+00 5.187990000000000101e-01 2.098389000000000060e+00
8.544899999999999718e-02 1.262207000000000079e+00 5.187990000000000101e-01 2.104492000000000029e+00
9.277299999999999436e-02 1.287841999999999931e+00 5.236819999999999808e-01 2.114257999999999971e+00
1.025390000000000051e-01 1.333007999999999971e+00 5.383299999999999752e-01 2.133789000000000158e+00
1.220699999999999980e-01 1.406250000000000000e+00 5.615229999999999944e-01 2.165526999999999980e+00
1.477050000000000030e-01 1.489257999999999971e+00 5.920410000000000394e-01 2.221680000000000099e+00
1.806639999999999913e-01 1.568604000000000109e+00 6.250000000000000000e-01 2.281493999999999911e+00
2.148440000000000072e-01 1.635742000000000029e+00 6.530759999999999899e-01 2.348632999999999971e+00
2.502440000000000220e-01 1.694336000000000064e+00 6.750490000000000101e-01 2.409667999999999921e+00
2.844240000000000101e-01 1.738280999999999965e+00 6.982420000000000293e-01 2.469482000000000177e+00
3.161619999999999986e-01 1.777344000000000035e+00 7.141110000000000513e-01 2.517090000000000050e+00
3.442379999999999884e-01 1.806640999999999941e+00 7.275390000000000468e-01 2.557373000000000118e+00
3.674319999999999808e-01 1.831055000000000099e+00 7.373049999999999882e-01 2.596436000000000188e+00
3.869630000000000014e-01 1.842041000000000039e+00 7.434079999999999577e-01 2.622069999999999901e+00
4.016109999999999958e-01 1.851806999999999981e+00 7.470700000000000118e-01 2.642821999999999782e+00
4.150389999999999913e-01 1.860352000000000006e+00 7.482910000000000394e-01 2.661132999999999971e+00
4.235840000000000161e-01 1.860352000000000006e+00 7.482910000000000394e-01 2.670898000000000216e+00
4.284669999999999868e-01 1.860352000000000006e+00 7.482910000000000394e-01 2.680664000000000158e+00
4.309080000000000132e-01 1.860352000000000006e+00 7.470700000000000118e-01 2.684325999999999990e+00
4.345700000000000118e-01 1.850586000000000064e+00 7.421879999999999589e-01 2.690430000000000099e+00
4.357909999999999839e-01 1.850586000000000064e+00 7.385249999999999870e-01 2.690430000000000099e+00
4.357909999999999839e-01 1.842041000000000039e+00 7.385249999999999870e-01 2.690430000000000099e+00
4.357909999999999839e-01 1.840819999999999901e+00 7.373049999999999882e-01 2.690430000000000099e+00
4.345700000000000118e-01 1.835938000000000070e+00 7.336430000000000451e-01 2.691650000000000098e+00
4.357909999999999839e-01 1.832275000000000098e+00 7.312009999999999899e-01 2.690430000000000099e+00
4.345700000000000118e-01 1.831055000000000099e+00 7.287599999999999634e-01 2.690430000000000099e+00
4.321289999999999853e-01 1.826171999999999906e+00 7.275390000000000468e-01 2.690430000000000099e+00
4.309080000000000132e-01 1.822510000000000074e+00 7.226559999999999651e-01 2.691650000000000098e+00
4.309080000000000132e-01 1.821288999999999936e+00 7.189940000000000220e-01 2.690430000000000099e+00
4.284669999999999868e-01 1.816405999999999965e+00 7.189940000000000220e-01 2.690430000000000099e+00
4.284669999999999868e-01 1.816405999999999965e+00 7.189940000000000220e-01 2.690430000000000099e+00
4.260249999999999870e-01 1.813965000000000050e+00 7.177729999999999944e-01 2.690430000000000099e+00
4.248049999999999882e-01 1.811522999999999994e+00 7.128910000000000524e-01 2.683104999999999851e+00
4.223629999999999884e-01 1.806640999999999941e+00 7.092289999999999983e-01 2.681884999999999852e+00
4.199220000000000175e-01 1.802979000000000109e+00 7.080079999999999707e-01 2.685547000000000128e+00
4.187009999999999899e-01 1.802979000000000109e+00 7.080079999999999707e-01 2.683104999999999851e+00
4.162600000000000189e-01 1.801757999999999971e+00 7.043460000000000276e-01 2.680664000000000158e+00
4.150389999999999913e-01 1.801757999999999971e+00 7.031250000000000000e-01 2.680664000000000158e+00
4.150389999999999913e-01 1.801757999999999971e+00 7.019039999999999724e-01 2.674561000000000188e+00
4.125980000000000203e-01 1.801757999999999971e+00 7.019039999999999724e-01 2.675781000000000187e+00
4.101560000000000206e-01 1.801757999999999971e+00 6.982420000000000293e-01 2.680664000000000158e+00
4.101560000000000206e-01 1.801757999999999971e+00 6.994629999999999459e-01 2.675781000000000187e+00
4.077149999999999941e-01 1.801757999999999971e+00 6.982420000000000293e-01 2.675781000000000187e+00
4.064940000000000220e-01 1.801757999999999971e+00 6.945799999999999752e-01 2.674561000000000188e+00
4.052729999999999944e-01 1.793212999999999946e+00 6.921389999999999487e-01 2.670898000000000216e+00
4.016109999999999958e-01 1.791992000000000029e+00 6.896970000000000045e-01 2.670898000000000216e+00
4.003909999999999969e-01 1.791992000000000029e+00 6.884770000000000056e-01 2.672118999999999911e+00
3.967289999999999983e-01 1.782227000000000006e+00 6.848140000000000338e-01 2.664794999999999803e+00
3.930660000000000265e-01 1.782227000000000006e+00 6.799319999999999808e-01 2.661132999999999971e+00
3.906250000000000000e-01 1.772461000000000064e+00 6.787109999999999532e-01 2.661132999999999971e+00
3.869630000000000014e-01 1.772461000000000064e+00 6.787109999999999532e-01 2.656250000000000000e+00
3.820799999999999752e-01 1.765136999999999956e+00 6.726069999999999549e-01 2.651367000000000029e+00
3.784179999999999766e-01 1.755371000000000015e+00 6.689450000000000118e-01 2.642821999999999782e+00
3.759770000000000056e-01 1.752930000000000099e+00 6.652829999999999577e-01 2.641601999999999784e+00
3.698730000000000073e-01 1.743163999999999936e+00 6.628420000000000423e-01 2.636718999999999813e+00
3.674319999999999808e-01 1.738280999999999965e+00 6.603999999999999870e-01 2.631835999999999842e+00
3.625490000000000101e-01 1.733397999999999994e+00 6.555180000000000451e-01 2.624512000000000178e+00
3.576659999999999839e-01 1.727295000000000025e+00 6.542970000000000175e-01 2.622069999999999901e+00
3.576659999999999839e-01 1.727295000000000025e+00 6.542970000000000175e-01 2.622069999999999901e+00
3.527830000000000132e-01 1.723632999999999971e+00 6.506349999999999634e-01 2.615966999999999931e+00
3.503419999999999868e-01 1.718750000000000000e+00 6.494140000000000468e-01 2.612305000000000099e+00
3.466799999999999882e-01 1.713867000000000029e+00 6.445309999999999651e-01 2.606200999999999990e+00
3.417970000000000175e-01 1.706542999999999921e+00 6.433109999999999662e-01 2.607422000000000128e+00
3.381350000000000189e-01 1.704102000000000006e+00 6.396479999999999944e-01 2.596436000000000188e+00
3.332519999999999927e-01 1.704102000000000006e+00 6.396479999999999944e-01 2.592773000000000216e+00
3.283690000000000220e-01 1.695556999999999981e+00 6.359860000000000513e-01 2.587890999999999941e+00
3.271479999999999944e-01 1.694336000000000064e+00 6.347660000000000524e-01 2.584229000000000109e+00
3.234859999999999958e-01 1.694336000000000064e+00 6.311039999999999983e-01 2.583007999999999971e+00
3.198239999999999972e-01 1.687011999999999956e+00 6.323239999999999972e-01 2.583007999999999971e+00
3.186039999999999983e-01 1.684569999999999901e+00 6.298829999999999707e-01 2.573242000000000029e+00
3.137210000000000276e-01 1.684569999999999901e+00 6.298829999999999707e-01 2.573242000000000029e+00
3.125000000000000000e-01 1.678466999999999931e+00 6.262210000000000276e-01 2.573242000000000029e+00
3.088380000000000014e-01 1.676025000000000098e+00 6.237789999999999724e-01 2.567139000000000060e+00
3.076169999999999738e-01 1.674805000000000099e+00 6.237789999999999724e-01 2.563476999999999784e+00
3.039549999999999752e-01 1.674805000000000099e+00 6.237789999999999724e-01 2.563476999999999784e+00
3.015140000000000042e-01 1.669921999999999906e+00 6.213379999999999459e-01 2.563476999999999784e+00
2.990720000000000045e-01 1.666260000000000074e+00 6.201170000000000293e-01 2.554931999999999981e+00
2.954100000000000059e-01 1.666260000000000074e+00 6.201170000000000293e-01 2.553710999999999842e+00
2.929689999999999794e-01 1.667480000000000073e+00 6.201170000000000293e-01 2.553710999999999842e+00
2.905269999999999797e-01 1.665038999999999936e+00 6.164549999999999752e-01 2.546387000000000178e+00
2.893069999999999808e-01 1.660155999999999965e+00 6.164549999999999752e-01 2.546387000000000178e+00
2.880860000000000087e-01 1.656493999999999911e+00 6.152339999999999476e-01 2.543944999999999901e+00
2.844240000000000101e-01 1.660155999999999965e+00 6.127930000000000321e-01 2.543944999999999901e+00
2.832029999999999825e-01 1.655272999999999994e+00 6.115720000000000045e-01 2.543944999999999901e+00
2.795409999999999839e-01 1.655272999999999994e+00 6.103520000000000056e-01 2.537841999999999931e+00
2.783200000000000118e-01 1.649170000000000025e+00 6.103520000000000056e-01 2.534180000000000099e+00
2.758789999999999853e-01 1.646729000000000109e+00 6.103520000000000056e-01 2.534180000000000099e+00
2.734380000000000144e-01 1.645507999999999971e+00 6.103520000000000056e-01 2.534180000000000099e+00
2.722169999999999868e-01 1.645507999999999971e+00 6.066890000000000338e-01 2.526854999999999851e+00
2.697749999999999870e-01 1.640625000000000000e+00 6.054690000000000349e-01 2.524414000000000158e+00
2.685549999999999882e-01 1.636962999999999946e+00 6.054690000000000349e-01 2.525634999999999852e+00
2.648929999999999896e-01 1.635742000000000029e+00 6.042480000000000073e-01 2.519531000000000187e+00
2.624509999999999899e-01 1.627197000000000005e+00 6.018069999999999808e-01 2.514648000000000216e+00
2.600100000000000189e-01 1.628417999999999921e+00 6.005859999999999532e-01 2.514648000000000216e+00
2.563480000000000203e-01 1.625977000000000006e+00 6.005859999999999532e-01 2.508544999999999803e+00
2.539060000000000206e-01 1.617431999999999981e+00 5.969240000000000101e-01 2.504882999999999971e+00
2.502440000000000220e-01 1.616211000000000064e+00 5.969240000000000101e-01 2.504882999999999971e+00
2.490229999999999944e-01 1.608886999999999956e+00 5.969240000000000101e-01 2.497558999999999862e+00
2.465819999999999956e-01 1.606444999999999901e+00 5.920410000000000394e-01 2.495117000000000029e+00
2.429199999999999970e-01 1.606444999999999901e+00 5.920410000000000394e-01 2.495117000000000029e+00
2.404789999999999983e-01 1.597900000000000098e+00 5.908200000000000118e-01 2.495117000000000029e+00
2.392579999999999985e-01 1.601563000000000070e+00 5.908200000000000118e-01 2.486571999999999782e+00
2.429199999999999970e-01 1.625977000000000006e+00 5.920410000000000394e-01 2.489014000000000060e+00
2.551269999999999927e-01 1.674805000000000099e+00 6.103520000000000056e-01 2.508544999999999803e+00
2.783200000000000118e-01 1.733397999999999994e+00 6.347660000000000524e-01 2.537841999999999931e+00
3.039549999999999752e-01 1.801757999999999971e+00 6.628420000000000423e-01 2.579346000000000139e+00
3.332519999999999927e-01 1.851806999999999981e+00 6.909180000000000321e-01 2.631835999999999842e+00
3.625490000000000101e-01 1.899413999999999936e+00 7.141110000000000513e-01 2.670898000000000216e+00
3.894039999999999724e-01 1.928711000000000064e+00 7.324220000000000175e-01 2.709960999999999842e+00
4.125980000000000203e-01 1.954345999999999917e+00 7.470700000000000118e-01 2.739257999999999971e+00
4.345700000000000118e-01 1.977538999999999936e+00 7.568359999999999532e-01 2.768555000000000099e+00
4.492189999999999794e-01 1.987305000000000099e+00 7.641599999999999504e-01 2.788085999999999842e+00
4.638669999999999738e-01 1.990966999999999931e+00 7.702639999999999487e-01 2.807617000000000029e+00
4.736330000000000262e-01 1.997069999999999901e+00 7.727049999999999752e-01 2.811278999999999861e+00
4.833979999999999944e-01 1.997069999999999901e+00 7.763670000000000293e-01 2.819824000000000108e+00
4.870610000000000217e-01 1.997069999999999901e+00 7.763670000000000293e-01 2.828368999999999911e+00
4.882810000000000206e-01 1.989746000000000015e+00 7.727049999999999752e-01 2.833251999999999882e+00
4.895019999999999927e-01 1.983643000000000045e+00 7.678220000000000045e-01 2.836914000000000158e+00
4.895019999999999927e-01 1.977538999999999936e+00 7.666020000000000056e-01 2.836914000000000158e+00
4.882810000000000206e-01 1.968993999999999911e+00 7.617190000000000349e-01 2.836914000000000158e+00
4.858399999999999941e-01 1.959229000000000109e+00 7.568359999999999532e-01 2.829590000000000050e+00
4.833979999999999944e-01 1.953125000000000000e+00 7.531740000000000101e-01 2.827148000000000216e+00
4.772950000000000248e-01 1.944579999999999975e+00 7.482910000000000394e-01 2.819824000000000108e+00
4.748539999999999983e-01 1.938477000000000006e+00 7.434079999999999577e-01 2.817382999999999971e+00
4.699710000000000276e-01 1.928711000000000064e+00 7.385249999999999870e-01 2.808838000000000168e+00
4.650880000000000014e-01 1.918944999999999901e+00 7.348630000000000440e-01 2.801514000000000060e+00
4.650880000000000014e-01 1.918944999999999901e+00 7.348630000000000440e-01 2.801514000000000060e+00
4.602049999999999752e-01 1.909180000000000099e+00 7.275390000000000468e-01 2.797851999999999784e+00
4.541020000000000056e-01 1.899413999999999936e+00 7.226559999999999651e-01 2.789306999999999981e+00
4.479980000000000073e-01 1.889647999999999994e+00 7.177729999999999944e-01 2.781982000000000177e+00
4.443360000000000087e-01 1.884765999999999941e+00 7.116700000000000248e-01 2.778319999999999901e+00
4.357909999999999839e-01 1.871337999999999946e+00 7.080079999999999707e-01 2.769775000000000098e+00
4.309080000000000132e-01 1.862792999999999921e+00 7.031250000000000000e-01 2.761229999999999851e+00
4.260249999999999870e-01 1.855469000000000035e+00 6.982420000000000293e-01 2.752686000000000188e+00
4.199220000000000175e-01 1.842041000000000039e+00 6.921389999999999487e-01 2.749023000000000216e+00
4.150389999999999913e-01 1.834716999999999931e+00 6.884770000000000056e-01 2.739257999999999971e+00
4.064940000000000220e-01 1.831055000000000099e+00 6.823730000000000073e-01 2.734375000000000000e+00
4.016109999999999958e-01 1.821288999999999936e+00 6.787109999999999532e-01 2.729492000000000029e+00
3.955080000000000262e-01 1.811522999999999994e+00 6.726069999999999549e-01 2.719726999999999784e+00
3.906250000000000000e-01 1.806640999999999941e+00 6.689450000000000118e-01 2.711181999999999981e+00
3.857419999999999738e-01 1.796875000000000000e+00 6.640629999999999589e-01 2.703857000000000177e+00
3.784179999999999766e-01 1.791992000000000029e+00 6.603999999999999870e-01 2.700194999999999901e+00
3.735350000000000059e-01 1.782227000000000006e+00 6.591799999999999882e-01 2.690430000000000099e+00
3.674319999999999808e-01 1.772461000000000064e+00 6.530759999999999899e-01 2.681884999999999852e+00
3.625490000000000101e-01 1.772461000000000064e+00 6.494140000000000468e-01 2.677001999999999882e+00
3.576659999999999839e-01 1.762694999999999901e+00 6.445309999999999651e-01 2.670898000000000216e+00
3.515630000000000144e-01 1.752930000000000099e+00 6.420900000000000496e-01 2.662354000000000109e+00
3.466799999999999882e-01 1.746825999999999990e+00 6.396479999999999944e-01 2.661132999999999971e+00
3.417970000000000175e-01 1.744385000000000074e+00 6.359860000000000513e-01 2.656250000000000000e+00
3.369139999999999913e-01 1.739502000000000104e+00 6.323239999999999972e-01 2.651367000000000029e+00
3.320310000000000206e-01 1.733397999999999994e+00 6.298829999999999707e-01 2.644042999999999921e+00
3.271479999999999944e-01 1.724854000000000109e+00 6.298829999999999707e-01 2.636718999999999813e+00
3.222659999999999969e-01 1.723632999999999971e+00 6.237789999999999724e-01 2.634276999999999980e+00
3.173830000000000262e-01 1.718750000000000000e+00 6.213379999999999459e-01 2.623291000000000039e+00
3.125000000000000000e-01 1.708984000000000059e+00 6.201170000000000293e-01 2.622069999999999901e+00
3.076169999999999738e-01 1.704102000000000006e+00 6.164549999999999752e-01 2.612305000000000099e+00
3.039549999999999752e-01 1.699219000000000035e+00 6.140139999999999487e-01 2.606200999999999990e+00
2.990720000000000045e-01 1.694336000000000064e+00 6.115720000000000045e-01 2.602539000000000158e+00
2.954100000000000059e-01 1.688231999999999955e+00 6.103520000000000056e-01 2.595215000000000050e+00
2.905269999999999797e-01 1.684569999999999901e+00 6.079099999999999504e-01 2.592773000000000216e+00
2.868649999999999811e-01 1.678466999999999931e+00 6.054690000000000349e-01 2.585449000000000108e+00
2.832029999999999825e-01 1.676025000000000098e+00 6.030269999999999797e-01 2.583007999999999971e+00
2.783200000000000118e-01 1.674805000000000099e+00 6.005859999999999532e-01 2.575683999999999862e+00
2.746580000000000132e-01 1.665038999999999936e+00 6.005859999999999532e-01 2.573242000000000029e+00
2.685549999999999882e-01 1.660155999999999965e+00 5.969240000000000101e-01 2.564696999999999782e+00
2.661129999999999884e-01 1.656493999999999911e+00 5.944819999999999549e-01 2.563476999999999784e+00
2.600100000000000189e-01 1.655272999999999994e+00 5.920410000000000394e-01 2.556151999999999980e+00
2.587889999999999913e-01 1.646729000000000109e+00 5.908200000000000118e-01 2.556151999999999980e+00
2.539060000000000206e-01 1.645507999999999971e+00 5.908200000000000118e-01 2.546387000000000178e+00
2.490229999999999944e-01 1.639404000000000083e+00 5.871579999999999577e-01 2.543944999999999901e+00
2.453609999999999958e-01 1.635742000000000029e+00 5.859379999999999589e-01 2.537841999999999931e+00
2.416989999999999972e-01 1.635742000000000029e+00 5.859379999999999589e-01 2.534180000000000099e+00
2.392579999999999985e-01 1.625977000000000006e+00 5.847170000000000423e-01 2.534180000000000099e+00
2.355959999999999999e-01 1.625977000000000006e+00 5.822749999999999870e-01 2.525634999999999852e+00
2.319340000000000013e-01 1.619872999999999896e+00 5.810549999999999882e-01 2.524414000000000158e+00
2.294920000000000015e-01 1.617431999999999981e+00 5.810549999999999882e-01 2.517090000000000050e+00
2.258300000000000030e-01 1.616211000000000064e+00 5.773930000000000451e-01 2.514648000000000216e+00
2.221680000000000044e-01 1.610106999999999955e+00 5.773930000000000451e-01 2.514648000000000216e+00
2.197270000000000056e-01 1.606444999999999901e+00 5.761720000000000175e-01 2.506104000000000109e+00
2.160640000000000061e-01 1.606444999999999901e+00 5.737299999999999622e-01 2.504882999999999971e+00
2.148440000000000072e-01 1.600341999999999931e+00 5.725099999999999634e-01 2.500000000000000000e+00
2.111820000000000086e-01 1.596680000000000099e+00 5.712890000000000468e-01 2.496338000000000168e+00
2.087400000000000089e-01 1.596680000000000099e+00 5.712890000000000468e-01 2.495117000000000029e+00
2.062990000000000101e-01 1.596680000000000099e+00 5.712890000000000468e-01 2.489014000000000060e+00
2.026370000000000116e-01 1.588135000000000074e+00 5.712890000000000468e-01 2.487792999999999921e+00
2.001950000000000118e-01 1.586913999999999936e+00 5.688480000000000203e-01 2.485351999999999784e+00
1.965330000000000132e-01 1.586913999999999936e+00 5.676269999999999927e-01 2.485351999999999784e+00
1.953129999999999866e-01 1.580810999999999966e+00 5.664059999999999651e-01 2.480468999999999813e+00
1.940919999999999868e-01 1.578368999999999911e+00 5.664059999999999651e-01 2.475585999999999842e+00
1.916499999999999870e-01 1.577147999999999994e+00 5.651859999999999662e-01 2.475585999999999842e+00
1.904299999999999882e-01 1.573485999999999940e+00 5.627440000000000220e-01 2.465819999999999901e+00
1.867679999999999896e-01 1.568604000000000109e+00 5.627440000000000220e-01 2.465819999999999901e+00
1.843259999999999899e-01 1.567382999999999971e+00 5.627440000000000220e-01 2.465819999999999901e+00
1.818849999999999911e-01 1.567382999999999971e+00 5.627440000000000220e-01 2.465819999999999901e+00
1.806639999999999913e-01 1.567382999999999971e+00 5.627440000000000220e-01 2.457275000000000098e+00
1.794429999999999914e-01 1.561279000000000083e+00 5.615229999999999944e-01 2.456055000000000099e+00
1.770019999999999927e-01 1.558837999999999946e+00 5.615229999999999944e-01 2.456055000000000099e+00
1.745609999999999939e-01 1.557617000000000029e+00 5.590819999999999679e-01 2.448729999999999851e+00
1.733399999999999941e-01 1.557617000000000029e+00 5.615229999999999944e-01 2.447509999999999852e+00
1.721189999999999942e-01 1.557617000000000029e+00 5.578610000000000513e-01 2.446289000000000158e+00
1.696779999999999955e-01 1.551514000000000060e+00 5.578610000000000513e-01 2.440186000000000188e+00
1.684569999999999956e-01 1.549072000000000005e+00 5.554200000000000248e-01 2.441406000000000187e+00
1.672359999999999958e-01 1.547852000000000006e+00 5.554200000000000248e-01 2.436523000000000216e+00
1.647949999999999970e-01 1.547852000000000006e+00 5.554200000000000248e-01 2.436523000000000216e+00
1.647949999999999970e-01 1.542969000000000035e+00 5.554200000000000248e-01 2.436523000000000216e+00
1.623539999999999983e-01 1.542969000000000035e+00 5.554200000000000248e-01 2.430419999999999803e+00
1.611329999999999985e-01 1.539306999999999981e+00 5.554200000000000248e-01 2.430419999999999803e+00
1.599119999999999986e-01 1.538086000000000064e+00 5.529789999999999983e-01 2.427979000000000109e+00
1.586909999999999987e-01 1.541747999999999896e+00 5.529789999999999983e-01 2.426757999999999971e+00
1.574709999999999999e-01 1.538086000000000064e+00 5.529789999999999983e-01 2.426757999999999971e+00
1.562500000000000000e-01 1.538086000000000064e+00 5.529789999999999983e-01 2.426757999999999971e+00
1.562500000000000000e-01 1.538086000000000064e+00 5.541989999999999972e-01 2.426757999999999971e+00
1.550290000000000001e-01 1.538086000000000064e+00 5.541989999999999972e-01 2.426757999999999971e+00
1.550290000000000001e-01 1.538086000000000064e+00 5.529789999999999983e-01 2.421875000000000000e+00
1.538090000000000013e-01 1.533203000000000094e+00 5.529789999999999983e-01 2.421875000000000000e+00
1.525880000000000014e-01 1.531981999999999955e+00 5.529789999999999983e-01 2.416992000000000029e+00
1.525880000000000014e-01 1.529541000000000039e+00 5.529789999999999983e-01 2.416992000000000029e+00
1.513670000000000015e-01 1.529541000000000039e+00 5.529789999999999983e-01 2.416992000000000029e+00
1.513670000000000015e-01 1.528319999999999901e+00 5.517579999999999707e-01 2.416992000000000029e+00
1.513670000000000015e-01 1.529541000000000039e+00 5.529789999999999983e-01 2.410889000000000060e+00
1.489260000000000028e-01 1.528319999999999901e+00 5.529789999999999983e-01 2.409667999999999921e+00
1.489260000000000028e-01 1.523438000000000070e+00 5.529789999999999983e-01 2.408446999999999782e+00
1.477050000000000030e-01 1.520996000000000015e+00 5.517579999999999707e-01 2.407226999999999784e+00
1.464840000000000031e-01 1.519775000000000098e+00 5.529789999999999983e-01 2.407226999999999784e+00
1.464840000000000031e-01 1.518555000000000099e+00 5.517579999999999707e-01 2.407226999999999784e+00
1.452640000000000042e-01 1.519775000000000098e+00 5.517579999999999707e-01 2.401123000000000118e+00
1.440430000000000044e-01 1.518555000000000099e+00 5.517579999999999707e-01 2.407226999999999784e+00
1.440430000000000044e-01 1.518555000000000099e+00 5.480960000000000276e-01 2.402343999999999813e+00
1.428220000000000045e-01 1.512450999999999990e+00 5.493160000000000265e-01 2.398681999999999981e+00
1.416020000000000056e-01 1.511230000000000073e+00 5.480960000000000276e-01 2.397460999999999842e+00
1.416020000000000056e-01 1.508788999999999936e+00 5.517579999999999707e-01 2.398681999999999981e+00
1.416020000000000056e-01 1.508788999999999936e+00 5.480960000000000276e-01 2.397460999999999842e+00
1.416020000000000056e-01 1.508788999999999936e+00 5.480960000000000276e-01 2.397460999999999842e+00
1.391600000000000059e-01 1.502685999999999966e+00 5.480960000000000276e-01 2.390137000000000178e+00
1.391600000000000059e-01 1.508788999999999936e+00 5.480960000000000276e-01 2.390137000000000178e+00
1.379390000000000061e-01 1.501465000000000050e+00 5.468750000000000000e-01 2.388916000000000039e+00
1.379390000000000061e-01 1.500243999999999911e+00 5.468750000000000000e-01 2.390137000000000178e+00
1.367190000000000072e-01 1.499022999999999994e+00 5.468750000000000000e-01 2.387694999999999901e+00
1.354980000000000073e-01 1.499022999999999994e+00 5.468750000000000000e-01 2.387694999999999901e+00
1.354980000000000073e-01 1.495360999999999940e+00 5.468750000000000000e-01 2.387694999999999901e+00
1.342770000000000075e-01 1.490479000000000109e+00 5.456539999999999724e-01 2.387694999999999901e+00
1.330570000000000086e-01 1.490479000000000109e+00 5.456539999999999724e-01 2.379150000000000098e+00
1.330570000000000086e-01 1.490479000000000109e+00 5.456539999999999724e-01 2.379150000000000098e+00
1.330570000000000086e-01 1.489257999999999971e+00 5.468750000000000000e-01 2.377930000000000099e+00
1.318360000000000087e-01 1.489257999999999971e+00 5.444339999999999735e-01 2.377930000000000099e+00
1.318360000000000087e-01 1.489257999999999971e+00 5.432129999999999459e-01 2.377930000000000099e+00
1.318360000000000087e-01 1.489257999999999971e+00 5.432129999999999459e-01 2.373047000000000128e+00
1.293950000000000100e-01 1.484375000000000000e+00 5.432129999999999459e-01 2.370604999999999851e+00
1.281740000000000101e-01 1.480712999999999946e+00 5.432129999999999459e-01 2.368164000000000158e+00
1.281740000000000101e-01 1.479492000000000029e+00 5.432129999999999459e-01 2.368164000000000158e+00
1.281740000000000101e-01 1.479492000000000029e+00 5.432129999999999459e-01 2.368164000000000158e+00
1.269530000000000103e-01 1.479492000000000029e+00 5.419920000000000293e-01 2.368164000000000158e+00
1.269530000000000103e-01 1.479492000000000029e+00 5.419920000000000293e-01 2.368164000000000158e+00
1.269530000000000103e-01 1.479492000000000029e+00 5.419920000000000293e-01 2.362061000000000188e+00
1.257320000000000104e-01 1.472167999999999921e+00 5.419920000000000293e-01 2.362061000000000188e+00
1.257320000000000104e-01 1.470947000000000005e+00 5.419920000000000293e-01 2.358398000000000216e+00
1.245119999999999977e-01 1.470947000000000005e+00 5.419920000000000293e-01 2.358398000000000216e+00
1.232909999999999978e-01 1.470947000000000005e+00 5.419920000000000293e-01 2.358398000000000216e+00
1.232909999999999978e-01 1.472167999999999921e+00 5.432129999999999459e-01 2.358398000000000216e+00
1.232909999999999978e-01 1.469727000000000006e+00 5.419920000000000293e-01 2.352294999999999803e+00
1.232909999999999978e-01 1.469727000000000006e+00 5.419920000000000293e-01 2.353515999999999941e+00
1.220699999999999980e-01 1.469727000000000006e+00 5.419920000000000293e-01 2.349854000000000109e+00
1.220699999999999980e-01 1.462401999999999980e+00 5.419920000000000293e-01 2.349854000000000109e+00
1.220699999999999980e-01 1.461181999999999981e+00 5.383299999999999752e-01 2.349854000000000109e+00
1.220699999999999980e-01 1.461181999999999981e+00 5.419920000000000293e-01 2.348632999999999971e+00
1.220699999999999980e-01 1.459961000000000064e+00 5.383299999999999752e-01 2.348632999999999971e+00
1.208499999999999991e-01 1.459961000000000064e+00 5.383299999999999752e-01 2.349854000000000109e+00
1.208499999999999991e-01 1.459961000000000064e+00 5.383299999999999752e-01 2.348632999999999971e+00
1.208499999999999991e-01 1.459961000000000064e+00 5.383299999999999752e-01 2.348632999999999971e+00
1.196289999999999992e-01 1.459961000000000064e+00 5.383299999999999752e-01 2.343750000000000000e+00
1.196289999999999992e-01 1.455078000000000094e+00 5.383299999999999752e-01 2.343750000000000000e+00
1.184079999999999994e-01 1.459961000000000064e+00 5.383299999999999752e-01 2.343750000000000000e+00
1.184079999999999994e-01 1.452636999999999956e+00 5.383299999999999752e-01 2.338867000000000029e+00
1.184079999999999994e-01 1.453856999999999955e+00 5.383299999999999752e-01 2.338867000000000029e+00
1.184079999999999994e-01 1.451416000000000039e+00 5.383299999999999752e-01 2.341308999999999862e+00
1.184079999999999994e-01 1.451416000000000039e+00 5.383299999999999752e-01 2.338867000000000029e+00
1.184079999999999994e-01 1.450194999999999901e+00 5.371089999999999476e-01 2.338867000000000029e+00
1.184079999999999994e-01 1.450194999999999901e+00 5.358889999999999487e-01 2.338867000000000029e+00
1.184079999999999994e-01 1.450194999999999901e+00 5.383299999999999752e-01 2.343750000000000000e+00
1.171880000000000005e-01 1.450194999999999901e+00 5.395510000000000028e-01 2.332764000000000060e+00
1.171880000000000005e-01 1.446533000000000069e+00 5.383299999999999752e-01 2.330321999999999782e+00
1.171880000000000005e-01 1.450194999999999901e+00 5.383299999999999752e-01 2.329101999999999784e+00
1.171880000000000005e-01 1.446533000000000069e+00 5.371089999999999476e-01 2.329101999999999784e+00
1.171880000000000005e-01 1.450194999999999901e+00 5.383299999999999752e-01 2.329101999999999784e+00
1.171880000000000005e-01 1.445313000000000070e+00 5.371089999999999476e-01 2.329101999999999784e+00
1.171880000000000005e-01 1.444091999999999931e+00 5.371089999999999476e-01 2.331542999999999921e+00
1.171880000000000005e-01 1.444091999999999931e+00 5.383299999999999752e-01 2.329101999999999784e+00
1.171880000000000005e-01 1.444091999999999931e+00 5.371089999999999476e-01 2.329101999999999784e+00
1.171880000000000005e-01 1.441650000000000098e+00 5.371089999999999476e-01 2.329101999999999784e+00
1.171880000000000005e-01 1.440430000000000099e+00 5.371089999999999476e-01 2.329101999999999784e+00
1.171880000000000005e-01 1.440430000000000099e+00 5.371089999999999476e-01 2.324218999999999813e+00
1.171880000000000005e-01 1.440430000000000099e+00 5.371089999999999476e-01 2.321776999999999980e+00
1.159670000000000006e-01 1.440430000000000099e+00 5.383299999999999752e-01 2.324218999999999813e+00
1.171880000000000005e-01 1.440430000000000099e+00 5.371089999999999476e-01 2.322998000000000118e+00
1.171880000000000005e-01 1.440430000000000099e+00 5.371089999999999476e-01 2.324218999999999813e+00
1.159670000000000006e-01 1.440430000000000099e+00 5.358889999999999487e-01 2.320556999999999981e+00
1.159670000000000006e-01 1.435546999999999906e+00 5.383299999999999752e-01 2.319335999999999842e+00
1.159670000000000006e-01 1.434325999999999990e+00 5.371089999999999476e-01 2.319335999999999842e+00
1.159670000000000006e-01 1.433105000000000073e+00 5.358889999999999487e-01 2.319335999999999842e+00
1.159670000000000006e-01 1.434325999999999990e+00 5.358889999999999487e-01 2.319335999999999842e+00
1.159670000000000006e-01 1.431885000000000074e+00 5.358889999999999487e-01 2.319335999999999842e+00
1.159670000000000006e-01 1.430663999999999936e+00 5.358889999999999487e-01 2.313232000000000177e+00
1.159670000000000006e-01 1.430663999999999936e+00 5.358889999999999487e-01 2.319335999999999842e+00
1.159670000000000006e-01 1.430663999999999936e+00 5.358889999999999487e-01 2.313232000000000177e+00
1.147460000000000008e-01 1.430663999999999936e+00 5.346680000000000321e-01 2.312012000000000178e+00
1.147460000000000008e-01 1.430663999999999936e+00 5.346680000000000321e-01 2.310791000000000039e+00
1.159670000000000006e-01 1.430663999999999936e+00 5.346680000000000321e-01 2.310791000000000039e+00
1.159670000000000006e-01 1.425780999999999965e+00 5.358889999999999487e-01 2.309569999999999901e+00
1.147460000000000008e-01 1.425780999999999965e+00 5.346680000000000321e-01 2.309569999999999901e+00
1.147460000000000008e-01 1.424560999999999966e+00 5.346680000000000321e-01 2.309569999999999901e+00
1.135250000000000009e-01 1.422118999999999911e+00 5.346680000000000321e-01 2.309569999999999901e+00
1.135250000000000009e-01 1.423340000000000050e+00 5.346680000000000321e-01 2.309569999999999901e+00
1.147460000000000008e-01 1.422118999999999911e+00 5.346680000000000321e-01 2.309569999999999901e+00
1.147460000000000008e-01 1.420897999999999994e+00 5.358889999999999487e-01 2.309569999999999901e+00
1.135250000000000009e-01 1.420897999999999994e+00 5.334470000000000045e-01 2.303466999999999931e+00
1.135250000000000009e-01 1.420897999999999994e+00 5.334470000000000045e-01 2.302245999999999793e+00
1.135250000000000009e-01 1.420897999999999994e+00 5.334470000000000045e-01 2.301025000000000098e+00
1.135250000000000009e-01 1.420897999999999994e+00 5.334470000000000045e-01 2.301025000000000098e+00
1.135250000000000009e-01 1.418457000000000079e+00 5.334470000000000045e-01 2.299805000000000099e+00
1.123050000000000020e-01 1.416015999999999941e+00 5.334470000000000045e-01 2.299805000000000099e+00
1.123050000000000020e-01 1.416015999999999941e+00 5.334470000000000045e-01 2.299805000000000099e+00
1.123050000000000020e-01 1.416015999999999941e+00 5.334470000000000045e-01 2.299805000000000099e+00
1.123050000000000020e-01 1.413574000000000108e+00 5.334470000000000045e-01 2.299805000000000099e+00
1.123050000000000020e-01 1.412354000000000109e+00 5.334470000000000045e-01 2.299805000000000099e+00
1.123050000000000020e-01 1.411132999999999971e+00 5.334470000000000045e-01 2.299805000000000099e+00
1.123050000000000020e-01 1.411132999999999971e+00 5.334470000000000045e-01 2.291259999999999852e+00
1.123050000000000020e-01 1.411132999999999971e+00 5.322270000000000056e-01 2.293700999999999990e+00
1.110840000000000022e-01 1.411132999999999971e+00 5.334470000000000045e-01 2.292479999999999851e+00
1.123050000000000020e-01 1.411132999999999971e+00 5.334470000000000045e-01 2.291259999999999852e+00
1.110840000000000022e-01 1.411132999999999971e+00 5.322270000000000056e-01 2.291259999999999852e+00
1.110840000000000022e-01 1.406250000000000000e+00 5.322270000000000056e-01 2.294922000000000128e+00
1.110840000000000022e-01 1.411132999999999971e+00 5.334470000000000045e-01 2.291259999999999852e+00
1.123050000000000020e-01 1.406250000000000000e+00 5.322270000000000056e-01 2.290039000000000158e+00
1.110840000000000022e-01 1.406250000000000000e+00 5.322270000000000056e-01 2.290039000000000158e+00
1.110840000000000022e-01 1.406250000000000000e+00 5.322270000000000056e-01 2.290039000000000158e+00
1.110840000000000022e-01 1.411132999999999971e+00 5.334470000000000045e-01 2.290039000000000158e+00
1.098630000000000023e-01 1.406250000000000000e+00 5.334470000000000045e-01 2.290039000000000158e+00
1.098630000000000023e-01 1.403809000000000085e+00 5.322270000000000056e-01 2.290039000000000158e+00
1.098630000000000023e-01 1.402587999999999946e+00 5.322270000000000056e-01 2.290039000000000158e+00
1.110840000000000022e-01 1.401367000000000029e+00 5.322270000000000056e-01 2.285156000000000187e+00
1.098630000000000023e-01 1.401367000000000029e+00 5.322270000000000056e-01 2.286376999999999882e+00
1.098630000000000023e-01 1.401367000000000029e+00 5.322270000000000056e-01 2.282715000000000050e+00
1.098630000000000023e-01 1.401367000000000029e+00 5.322270000000000056e-01 2.281493999999999911e+00
1.098630000000000023e-01 1.396484000000000059e+00 5.322270000000000056e-01 2.281493999999999911e+00
1.098630000000000023e-01 1.396484000000000059e+00 5.322270000000000056e-01 2.280273000000000216e+00
1.086430000000000035e-01 1.395264000000000060e+00 5.322270000000000056e-01 2.280273000000000216e+00
1.086430000000000035e-01 1.396484000000000059e+00 5.322270000000000056e-01 2.280273000000000216e+00
1.086430000000000035e-01 1.396484000000000059e+00 5.322270000000000056e-01 2.280273000000000216e+00
1.086430000000000035e-01 1.395264000000000060e+00 5.322270000000000056e-01 2.280273000000000216e+00
1.086430000000000035e-01 1.392822000000000005e+00 5.322270000000000056e-01 2.276610999999999940e+00
1.086430000000000035e-01 1.392822000000000005e+00 5.322270000000000056e-01 2.280273000000000216e+00
1.074220000000000036e-01 1.391602000000000006e+00 5.322270000000000056e-01 2.276610999999999940e+00
1.074220000000000036e-01 1.391602000000000006e+00 5.322270000000000056e-01 2.280273000000000216e+00
1.074220000000000036e-01 1.391602000000000006e+00 5.322270000000000056e-01 2.272949000000000108e+00
1.074220000000000036e-01 1.391602000000000006e+00 5.322270000000000056e-01 2.272949000000000108e+00
1.074220000000000036e-01 1.391602000000000006e+00 5.322270000000000056e-01 2.271729000000000109e+00
1.062010000000000037e-01 1.391602000000000006e+00 5.297849999999999504e-01 2.271729000000000109e+00
1.062010000000000037e-01 1.386719000000000035e+00 5.322270000000000056e-01 2.270507999999999971e+00
1.062010000000000037e-01 1.391602000000000006e+00 5.322270000000000056e-01 2.270507999999999971e+00
1.049800000000000039e-01 1.385497999999999896e+00 5.322270000000000056e-01 2.270507999999999971e+00
1.062010000000000037e-01 1.386719000000000035e+00 5.322270000000000056e-01 2.270507999999999971e+00
1.049800000000000039e-01 1.385497999999999896e+00 5.285640000000000338e-01 2.270507999999999971e+00
1.049800000000000039e-01 1.383056999999999981e+00 5.285640000000000338e-01 2.270507999999999971e+00
1.049800000000000039e-01 1.384276999999999980e+00 5.285640000000000338e-01 2.270507999999999971e+00
1.049800000000000039e-01 1.381836000000000064e+00 5.285640000000000338e-01 2.265625000000000000e+00
1.037600000000000050e-01 1.381836000000000064e+00 5.285640000000000338e-01 2.265625000000000000e+00
1.037600000000000050e-01 1.381836000000000064e+00 5.285640000000000338e-01 2.265625000000000000e+00
1.025390000000000051e-01 1.381836000000000064e+00 5.273440000000000349e-01 2.261963000000000168e+00
1.025390000000000051e-01 1.381836000000000064e+00 5.273440000000000349e-01 2.263183999999999862e+00
1.025390000000000051e-01 1.378174000000000010e+00 5.285640000000000338e-01 2.260742000000000029e+00
1.025390000000000051e-01 1.381836000000000064e+00 5.285640000000000338e-01 2.260742000000000029e+00
1.025390000000000051e-01 1.376953000000000094e+00 5.273440000000000349e-01 2.260742000000000029e+00
1.025390000000000051e-01 1.381836000000000064e+00 5.285640000000000338e-01 2.260742000000000029e+00
1.025390000000000051e-01 1.376953000000000094e+00 5.273440000000000349e-01 2.260742000000000029e+00
1.025390000000000051e-01 1.375731999999999955e+00 5.261230000000000073e-01 2.258300999999999892e+00
1.000980000000000064e-01 1.373291000000000039e+00 5.285640000000000338e-01 2.254639000000000060e+00
1.013180000000000053e-01 1.372069999999999901e+00 5.273440000000000349e-01 2.254639000000000060e+00
1.013180000000000053e-01 1.373291000000000039e+00 5.261230000000000073e-01 2.255859000000000059e+00
1.013180000000000053e-01 1.372069999999999901e+00 5.273440000000000349e-01 2.252196999999999782e+00
1.000980000000000064e-01 1.372069999999999901e+00 5.273440000000000349e-01 2.253417999999999921e+00
1.000980000000000064e-01 1.372069999999999901e+00 5.273440000000000349e-01 2.252196999999999782e+00
1.000980000000000064e-01 1.372069999999999901e+00 5.273440000000000349e-01 2.250976999999999784e+00
9.887700000000000655e-02 1.372069999999999901e+00 5.273440000000000349e-01 2.250976999999999784e+00
9.887700000000000655e-02 1.372069999999999901e+00 5.273440000000000349e-01 2.250976999999999784e+00
9.887700000000000655e-02 1.367188000000000070e+00 5.273440000000000349e-01 2.250976999999999784e+00
