8.300799999999999845e-02 1.217041000000000039e+00 5.139160000000000394e-01 2.075194999999999901e+00
8.300799999999999845e-02 1.217041000000000039e+00 5.126950000000000118e-01 2.076416000000000039e+00
8.300799999999999845e-02 1.217041000000000039e+00 5.139160000000000394e-01 2.075194999999999901e+00
8.300799999999999845e-02 1.217041000000000039e+00 5.139160000000000394e-01 2.075194999999999901e+00
8.300799999999999845e-02 1.218261999999999956e+00 5.139160000000000394e-01 2.075194999999999901e+00
8.300799999999999845e-02 1.217041000000000039e+00 5.139160000000000394e-01 2.075194999999999901e+00
8.300799999999999845e-02 1.218261999999999956e+00 5.139160000000000394e-01 2.075194999999999901e+00
8.300799999999999845e-02 1.217041000000000039e+00 5.139160000000000394e-01 2.075194999999999901e+00
8.300799999999999845e-02 1.217041000000000039e+00 5.139160000000000394e-01 2.075194999999999901e+00
8.300799999999999845e-02 1.219481999999999955e+00 5.139160000000000394e-01 2.075194999999999901e+00
8.300799999999999845e-02 1.217041000000000039e+00 5.139160000000000394e-01 2.075194999999999901e+00
8.300799999999999845e-02 1.217041000000000039e+00 5.126950000000000118e-01 2.075194999999999901e+00
8.300799999999999845e-02 1.217041000000000039e+00 5.126950000000000118e-01 2.075194999999999901e+00
8.300799999999999845e-02 1.217041000000000039e+00 5.139160000000000394e-01 2.075194999999999901e+00
8.300799999999999845e-02 1.217041000000000039e+00 5.139160000000000394e-01 2.075194999999999901e+00
8.300799999999999845e-02 1.219481999999999955e+00 5.139160000000000394e-01 2.075194999999999901e+00
8.300799999999999845e-02 1.218261999999999956e+00 5.139160000000000394e-01 2.075194999999999901e+00
8.300799999999999845e-02 1.219481999999999955e+00 5.139160000000000394e-01 2.075194999999999901e+00
8.300799999999999845e-02 1.219481999999999955e+00 5.139160000000000394e-01 2.075194999999999901e+00
8.300799999999999845e-02 1.219481999999999955e+00 5.139160000000000394e-01 2.075194999999999901e+00
8.300799999999999845e-02 1.225586000000000064e+00 5.139160000000000394e-01 2.076416000000000039e+00
8.300799999999999845e-02 1.219481999999999955e+00 5.139160000000000394e-01 2.075194999999999901e+00
8.300799999999999845e-02 1.220703000000000094e+00 5.139160000000000394e-01 2.075194999999999901e+00
8.300799999999999845e-02 1.220703000000000094e+00 5.139160000000000394e-01 2.075194999999999901e+00
8.300799999999999845e-02 1.220703000000000094e+00 5.139160000000000394e-01 2.075194999999999901e+00
8.300799999999999845e-02 1.220703000000000094e+00 5.126950000000000118e-01 2.075194999999999901e+00
8.300799999999999845e-02 1.220703000000000094e+00 5.139160000000000394e-01 2.075194999999999901e+00
8.300799999999999845e-02 1.221924000000000010e+00 5.139160000000000394e-01 2.075194999999999901e+00
8.300799999999999845e-02 1.225586000000000064e+00 5.139160000000000394e-01 2.075194999999999901e+00
8.300799999999999845e-02 1.219481999999999955e+00 5.139160000000000394e-01 2.075194999999999901e+00
8.300799999999999845e-02 1.221924000000000010e+00 5.139160000000000394e-01 2.076416000000000039e+00
8.300799999999999845e-02 1.220703000000000094e+00 5.139160000000000394e-01 2.076416000000000039e+00
8.300799999999999845e-02 1.220703000000000094e+00 5.139160000000000394e-01 2.075194999999999901e+00
8.300799999999999845e-02 1.225586000000000064e+00 5.126950000000000118e-01 2.076416000000000039e+00
8.300799999999999845e-02 1.225586000000000064e+00 5.139160000000000394e-01 2.075194999999999901e+00
8.300799999999999845e-02 1.225586000000000064e+00 5.139160000000000394e-01 2.076416000000000039e+00
8.300799999999999845e-02 1.225586000000000064e+00 5.139160000000000394e-01 2.076416000000000039e+00
8.300799999999999845e-02 1.225586000000000064e+00 5.139160000000000394e-01 2.075194999999999901e+00
8.300799999999999845e-02 1.221924000000000010e+00 5.139160000000000394e-01 2.076416000000000039e+00
8.300799999999999845e-02 1.225586000000000064e+00 5.139160000000000394e-01 2.080077999999999872e+00
8.300799999999999845e-02 1.225586000000000064e+00 5.139160000000000394e-01 2.077637000000000178e+00
8.300799999999999845e-02 1.220703000000000094e+00 5.139160000000000394e-01 2.075194999999999901e+00
8.300799999999999845e-02 1.225586000000000064e+00 5.139160000000000394e-01 2.078857000000000177e+00
8.300799999999999845e-02 1.225586000000000064e+00 5.139160000000000394e-01 2.076416000000000039e+00
8.300799999999999845e-02 1.225586000000000064e+00 5.139160000000000394e-01 2.076416000000000039e+00
8.300799999999999845e-02 1.225586000000000064e+00 5.139160000000000394e-01 2.076416000000000039e+00
8.300799999999999845e-02 1.225586000000000064e+00 5.139160000000000394e-01 2.075194999999999901e+00
8.544899999999999718e-02 1.245117000000000029e+00 5.163569999999999549e-01 2.088623000000000118e+00
9.521499999999999408e-02 1.303711000000000064e+00 5.261230000000000073e-01 2.109375000000000000e+00
1.135250000000000009e-01 1.391602000000000006e+00 5.517579999999999707e-01 2.156982000000000177e+00
1.428220000000000045e-01 1.503905999999999965e+00 5.822749999999999870e-01 2.231444999999999901e+00
1.806639999999999913e-01 1.601563000000000070e+00 6.213379999999999459e-01 2.319335999999999842e+00
2.233890000000000042e-01 1.684569999999999901e+00 6.555180000000000451e-01 2.407226999999999784e+00
2.673340000000000161e-01 1.748046999999999906e+00 6.835940000000000349e-01 2.489014000000000060e+00
3.051760000000000028e-01 1.796875000000000000e+00 7.043460000000000276e-01 2.553710999999999842e+00
3.051760000000000028e-01 1.796875000000000000e+00 7.043460000000000276e-01 2.553710999999999842e+00
3.405759999999999899e-01 1.831055000000000099e+00 7.226559999999999651e-01 2.603759999999999852e+00
3.686519999999999797e-01 1.854247999999999896e+00 7.373049999999999882e-01 2.651367000000000029e+00
3.918460000000000276e-01 1.870117000000000029e+00 7.434079999999999577e-01 2.680664000000000158e+00
4.101560000000000206e-01 1.879882999999999971e+00 7.482910000000000394e-01 2.700194999999999901e+00
4.248049999999999882e-01 1.889647999999999994e+00 7.519529999999999825e-01 2.719726999999999784e+00
4.345700000000000118e-01 1.890868999999999911e+00 7.531740000000000101e-01 2.731933999999999862e+00
4.443360000000000087e-01 1.890868999999999911e+00 7.531740000000000101e-01 2.740479000000000109e+00
4.479980000000000073e-01 1.889647999999999994e+00 7.531740000000000101e-01 2.749023000000000216e+00
4.516600000000000059e-01 1.889647999999999994e+00 7.495119999999999560e-01 2.751465000000000050e+00
4.541020000000000056e-01 1.881104000000000109e+00 7.482910000000000394e-01 2.758789000000000158e+00
4.541020000000000056e-01 1.879882999999999971e+00 7.470700000000000118e-01 2.753906000000000187e+00
4.541020000000000056e-01 1.870117000000000029e+00 7.409670000000000423e-01 2.753906000000000187e+00
4.541020000000000056e-01 1.864014000000000060e+00 7.385249999999999870e-01 2.749023000000000216e+00
4.516600000000000059e-01 1.855469000000000035e+00 7.336430000000000451e-01 2.749023000000000216e+00
4.492189999999999794e-01 1.850586000000000064e+00 7.299799999999999622e-01 2.749023000000000216e+00
4.455569999999999808e-01 1.838378999999999985e+00 7.275390000000000468e-01 2.739257999999999971e+00
4.382320000000000104e-01 1.821288999999999936e+00 7.141110000000000513e-01 2.729492000000000029e+00
4.345700000000000118e-01 1.804199000000000108e+00 7.092289999999999983e-01 2.719726999999999784e+00
4.284669999999999868e-01 1.794434000000000085e+00 7.043460000000000276e-01 2.709960999999999842e+00
4.248049999999999882e-01 1.784667999999999921e+00 6.994629999999999459e-01 2.701416000000000039e+00
4.174800000000000177e-01 1.777344000000000035e+00 6.945799999999999752e-01 2.700194999999999901e+00
4.125980000000000203e-01 1.767578000000000094e+00 6.896970000000000045e-01 2.690430000000000099e+00
4.077149999999999941e-01 1.762694999999999901e+00 6.848140000000000338e-01 2.680664000000000158e+00
4.016109999999999958e-01 1.752930000000000099e+00 6.799319999999999808e-01 2.673340000000000050e+00
3.967289999999999983e-01 1.744385000000000074e+00 6.787109999999999532e-01 2.670898000000000216e+00
3.918460000000000276e-01 1.739502000000000104e+00 6.726069999999999549e-01 2.661132999999999971e+00
3.869630000000000014e-01 1.733397999999999994e+00 6.689450000000000118e-01 2.661132999999999971e+00
3.833010000000000028e-01 1.724854000000000109e+00 6.652829999999999577e-01 2.653808999999999862e+00
3.784179999999999766e-01 1.723632999999999971e+00 6.628420000000000423e-01 2.642821999999999782e+00
3.759770000000000056e-01 1.715087999999999946e+00 6.603999999999999870e-01 2.641601999999999784e+00
3.698730000000000073e-01 1.713867000000000029e+00 6.591799999999999882e-01 2.631835999999999842e+00
3.674319999999999808e-01 1.705322000000000005e+00 6.555180000000000451e-01 2.631835999999999842e+00
3.625490000000000101e-01 1.705322000000000005e+00 6.518549999999999622e-01 2.622069999999999901e+00
3.601070000000000104e-01 1.704102000000000006e+00 6.506349999999999634e-01 2.622069999999999901e+00
3.564450000000000118e-01 1.704102000000000006e+00 6.494140000000000468e-01 2.613525000000000098e+00
3.527830000000000132e-01 1.696776999999999980e+00 6.457519999999999927e-01 2.612305000000000099e+00
3.503419999999999868e-01 1.695556999999999981e+00 6.457519999999999927e-01 2.614745999999999793e+00
3.478999999999999870e-01 1.694336000000000064e+00 6.433109999999999662e-01 2.603759999999999852e+00
3.442379999999999884e-01 1.694336000000000064e+00 6.408690000000000220e-01 2.602539000000000158e+00
3.430179999999999896e-01 1.691894999999999927e+00 6.396479999999999944e-01 2.598876999999999882e+00
3.393550000000000177e-01 1.685791000000000039e+00 6.396479999999999944e-01 2.595215000000000050e+00
3.369139999999999913e-01 1.684569999999999901e+00 6.384279999999999955e-01 2.592773000000000216e+00
3.344730000000000203e-01 1.684569999999999901e+00 6.359860000000000513e-01 2.592773000000000216e+00
3.320310000000000206e-01 1.684569999999999901e+00 6.335450000000000248e-01 2.584229000000000109e+00
3.295899999999999941e-01 1.678466999999999931e+00 6.335450000000000248e-01 2.583007999999999971e+00
3.271479999999999944e-01 1.676025000000000098e+00 6.311039999999999983e-01 2.576903999999999861e+00
3.234859999999999958e-01 1.674805000000000099e+00 6.298829999999999707e-01 2.578125000000000000e+00
3.210450000000000248e-01 1.671143000000000045e+00 6.298829999999999707e-01 2.575683999999999862e+00
3.186039999999999983e-01 1.668700999999999990e+00 6.262210000000000276e-01 2.573242000000000029e+00
3.137210000000000276e-01 1.666260000000000074e+00 6.250000000000000000e-01 2.573242000000000029e+00
3.125000000000000000e-01 1.665038999999999936e+00 6.237789999999999724e-01 2.564696999999999782e+00
3.112789999999999724e-01 1.665038999999999936e+00 6.237789999999999724e-01 2.563476999999999784e+00
3.088380000000000014e-01 1.660155999999999965e+00 6.213379999999999459e-01 2.563476999999999784e+00
3.051760000000000028e-01 1.655272999999999994e+00 6.201170000000000293e-01 2.563476999999999784e+00
3.027340000000000031e-01 1.656493999999999911e+00 6.201170000000000293e-01 2.553710999999999842e+00
2.990720000000000045e-01 1.650390999999999941e+00 6.164549999999999752e-01 2.553710999999999842e+00
2.941889999999999783e-01 1.645507999999999971e+00 6.140139999999999487e-01 2.546387000000000178e+00
2.917480000000000073e-01 1.645507999999999971e+00 6.127930000000000321e-01 2.543944999999999901e+00
2.880860000000000087e-01 1.640625000000000000e+00 6.103520000000000056e-01 2.543944999999999901e+00
2.856449999999999823e-01 1.636962999999999946e+00 6.103520000000000056e-01 2.537841999999999931e+00
2.832029999999999825e-01 1.635742000000000029e+00 6.103520000000000056e-01 2.534180000000000099e+00
2.807620000000000116e-01 1.629639000000000060e+00 6.066890000000000338e-01 2.534180000000000099e+00
2.783200000000000118e-01 1.625977000000000006e+00 6.042480000000000073e-01 2.526854999999999851e+00
2.722169999999999868e-01 1.621094000000000035e+00 6.018069999999999808e-01 2.524414000000000158e+00
2.697749999999999870e-01 1.618651999999999980e+00 6.018069999999999808e-01 2.517090000000000050e+00
2.685549999999999882e-01 1.616211000000000064e+00 6.005859999999999532e-01 2.514648000000000216e+00
2.648929999999999896e-01 1.611328000000000094e+00 6.005859999999999532e-01 2.514648000000000216e+00
2.612300000000000177e-01 1.607666000000000039e+00 5.969240000000000101e-01 2.507324000000000108e+00
2.587889999999999913e-01 1.606444999999999901e+00 5.969240000000000101e-01 2.504882999999999971e+00
2.551269999999999927e-01 1.606444999999999901e+00 5.944819999999999549e-01 2.504882999999999971e+00
2.539060000000000206e-01 1.596680000000000099e+00 5.920410000000000394e-01 2.498778999999999861e+00
2.539060000000000206e-01 1.596680000000000099e+00 5.920410000000000394e-01 2.498778999999999861e+00
2.502440000000000220e-01 1.596680000000000099e+00 5.908200000000000118e-01 2.495117000000000029e+00
2.490229999999999944e-01 1.591796999999999906e+00 5.908200000000000118e-01 2.495117000000000029e+00
2.453609999999999958e-01 1.586913999999999936e+00 5.908200000000000118e-01 2.489014000000000060e+00
2.416989999999999972e-01 1.586913999999999936e+00 5.859379999999999589e-01 2.485351999999999784e+00
2.392579999999999985e-01 1.582030999999999965e+00 5.859379999999999589e-01 2.485351999999999784e+00
2.368159999999999987e-01 1.578368999999999911e+00 5.859379999999999589e-01 2.479248000000000118e+00
2.343750000000000000e-01 1.577147999999999994e+00 5.847170000000000423e-01 2.475585999999999842e+00
2.331540000000000001e-01 1.577147999999999994e+00 5.822749999999999870e-01 2.475585999999999842e+00
2.307130000000000014e-01 1.571045000000000025e+00 5.822749999999999870e-01 2.475585999999999842e+00
2.294920000000000015e-01 1.569824000000000108e+00 5.822749999999999870e-01 2.467041000000000039e+00
2.270510000000000028e-01 1.568604000000000109e+00 5.810549999999999882e-01 2.465819999999999901e+00
2.246090000000000031e-01 1.568604000000000109e+00 5.810549999999999882e-01 2.465819999999999901e+00
2.233890000000000042e-01 1.567382999999999971e+00 5.810549999999999882e-01 2.465819999999999901e+00
2.221680000000000044e-01 1.567382999999999971e+00 5.810549999999999882e-01 2.465819999999999901e+00
2.197270000000000056e-01 1.567382999999999971e+00 5.810549999999999882e-01 2.459716999999999931e+00
2.197270000000000056e-01 1.567382999999999971e+00 5.810549999999999882e-01 2.457275000000000098e+00
2.197270000000000056e-01 1.567382999999999971e+00 5.798339999999999606e-01 2.457275000000000098e+00
2.172850000000000059e-01 1.567382999999999971e+00 5.810549999999999882e-01 2.456055000000000099e+00
2.160640000000000061e-01 1.562500000000000000e+00 5.786130000000000440e-01 2.456055000000000099e+00
2.148440000000000072e-01 1.561279000000000083e+00 5.773930000000000451e-01 2.456055000000000099e+00
2.136230000000000073e-01 1.561279000000000083e+00 5.773930000000000451e-01 2.456055000000000099e+00
2.111820000000000086e-01 1.562500000000000000e+00 5.773930000000000451e-01 2.456055000000000099e+00
2.111820000000000086e-01 1.558837999999999946e+00 5.773930000000000451e-01 2.456055000000000099e+00
2.111820000000000086e-01 1.558837999999999946e+00 5.810549999999999882e-01 2.451172000000000128e+00
2.099610000000000087e-01 1.557617000000000029e+00 5.773930000000000451e-01 2.447509999999999852e+00
2.075200000000000100e-01 1.557617000000000029e+00 5.773930000000000451e-01 2.446289000000000158e+00
2.075200000000000100e-01 1.557617000000000029e+00 5.773930000000000451e-01 2.446289000000000158e+00
2.062990000000000101e-01 1.557617000000000029e+00 5.773930000000000451e-01 2.446289000000000158e+00
2.050780000000000103e-01 1.557617000000000029e+00 5.761720000000000175e-01 2.446289000000000158e+00
2.050780000000000103e-01 1.552734000000000059e+00 5.761720000000000175e-01 2.446289000000000158e+00
2.026370000000000116e-01 1.550292999999999921e+00 5.761720000000000175e-01 2.446289000000000158e+00
2.001950000000000118e-01 1.547852000000000006e+00 5.737299999999999622e-01 2.436523000000000216e+00
2.001950000000000118e-01 1.547852000000000006e+00 5.725099999999999634e-01 2.436523000000000216e+00
1.977540000000000131e-01 1.547852000000000006e+00 5.725099999999999634e-01 2.436523000000000216e+00
1.965330000000000132e-01 1.541747999999999896e+00 5.725099999999999634e-01 2.436523000000000216e+00
1.965330000000000132e-01 1.544189000000000034e+00 5.712890000000000468e-01 2.436523000000000216e+00
1.965330000000000132e-01 1.547852000000000006e+00 5.737299999999999622e-01 2.436523000000000216e+00
2.038570000000000104e-01 1.577147999999999994e+00 5.810549999999999882e-01 2.446289000000000158e+00
2.148440000000000072e-01 1.617431999999999981e+00 5.920410000000000394e-01 2.456055000000000099e+00
2.331540000000000001e-01 1.678466999999999931e+00 6.115720000000000045e-01 2.487792999999999921e+00
2.587889999999999913e-01 1.752930000000000099e+00 6.396479999999999944e-01 2.534180000000000099e+00
2.893069999999999808e-01 1.822510000000000074e+00 6.652829999999999577e-01 2.583007999999999971e+00
3.222659999999999969e-01 1.875000000000000000e+00 6.921389999999999487e-01 2.631835999999999842e+00
3.527830000000000132e-01 1.912841999999999931e+00 7.116700000000000248e-01 2.680664000000000158e+00
3.820799999999999752e-01 1.948242000000000029e+00 7.299799999999999622e-01 2.719726999999999784e+00
4.064940000000000220e-01 1.972655999999999965e+00 7.434079999999999577e-01 2.750243999999999911e+00
4.284669999999999868e-01 1.982421999999999906e+00 7.531740000000000101e-01 2.778319999999999901e+00
4.455569999999999808e-01 1.997069999999999901e+00 7.604980000000000073e-01 2.797851999999999784e+00
4.602049999999999752e-01 2.006835999999999842e+00 7.666020000000000056e-01 2.811278999999999861e+00
4.699710000000000276e-01 2.011718999999999813e+00 7.702639999999999487e-01 2.827148000000000216e+00
4.833979999999999944e-01 2.016601999999999784e+00 7.727049999999999752e-01 2.836914000000000158e+00
4.882810000000000206e-01 2.014159999999999950e+00 7.763670000000000293e-01 2.851563000000000070e+00
4.943850000000000189e-01 2.016601999999999784e+00 7.775879999999999459e-01 2.856444999999999901e+00
4.992679999999999896e-01 2.016601999999999784e+00 7.763670000000000293e-01 2.856444999999999901e+00
5.029299999999999882e-01 2.008056999999999981e+00 7.763670000000000293e-01 2.856444999999999901e+00
5.041499999999999870e-01 2.006835999999999842e+00 7.727049999999999752e-01 2.856444999999999901e+00
5.041499999999999870e-01 2.006835999999999842e+00 7.714839999999999476e-01 2.857666000000000039e+00
5.065920000000000423e-01 1.999511999999999956e+00 7.678220000000000045e-01 2.857666000000000039e+00
5.053710000000000147e-01 1.997069999999999901e+00 7.678220000000000045e-01 2.857666000000000039e+00
5.041499999999999870e-01 1.989746000000000015e+00 7.666020000000000056e-01 2.856444999999999901e+00
5.041499999999999870e-01 1.987305000000000099e+00 7.617190000000000349e-01 2.856444999999999901e+00
4.992679999999999896e-01 1.977538999999999936e+00 7.580569999999999808e-01 2.847900000000000098e+00
4.968259999999999899e-01 1.968993999999999911e+00 7.568359999999999532e-01 2.846680000000000099e+00
4.895019999999999927e-01 1.953125000000000000e+00 7.470700000000000118e-01 2.836914000000000158e+00
4.846190000000000220e-01 1.944579999999999975e+00 7.409670000000000423e-01 2.832031000000000187e+00
4.797359999999999958e-01 1.938477000000000006e+00 7.373049999999999882e-01 2.827148000000000216e+00
4.748539999999999983e-01 1.928711000000000064e+00 7.324220000000000175e-01 2.817382999999999971e+00
4.699710000000000276e-01 1.918944999999999901e+00 7.275390000000000468e-01 2.808838000000000168e+00
4.663089999999999735e-01 1.910400000000000098e+00 7.226559999999999651e-01 2.807617000000000029e+00
4.638669999999999738e-01 1.909180000000000099e+00 7.189940000000000220e-01 2.800292999999999921e+00
4.565429999999999766e-01 1.899413999999999936e+00 7.141110000000000513e-01 2.792968999999999813e+00
4.541020000000000056e-01 1.892090000000000050e+00 7.116700000000000248e-01 2.788085999999999842e+00
4.479980000000000073e-01 1.890868999999999911e+00 7.080079999999999707e-01 2.781982000000000177e+00
4.443360000000000087e-01 1.881104000000000109e+00 7.043460000000000276e-01 2.778319999999999901e+00
4.394529999999999825e-01 1.881104000000000109e+00 7.031250000000000000e-01 2.773438000000000070e+00
4.345700000000000118e-01 1.875000000000000000e+00 6.994629999999999459e-01 2.772216999999999931e+00
4.309080000000000132e-01 1.871337999999999946e+00 6.982420000000000293e-01 2.768555000000000099e+00
4.272460000000000147e-01 1.865234000000000059e+00 6.945799999999999752e-01 2.760009999999999852e+00
4.248049999999999882e-01 1.860352000000000006e+00 6.921389999999999487e-01 2.758789000000000158e+00
4.187009999999999899e-01 1.855469000000000035e+00 6.884770000000000056e-01 2.758789000000000158e+00
4.150389999999999913e-01 1.850586000000000064e+00 6.848140000000000338e-01 2.749023000000000216e+00
4.101560000000000206e-01 1.842041000000000039e+00 6.811519999999999797e-01 2.749023000000000216e+00
4.052729999999999944e-01 1.840819999999999901e+00 6.787109999999999532e-01 2.739257999999999971e+00
4.003909999999999969e-01 1.831055000000000099e+00 6.738279999999999825e-01 2.739257999999999971e+00
3.955080000000000262e-01 1.824950999999999990e+00 6.701660000000000394e-01 2.729492000000000029e+00
3.906250000000000000e-01 1.821288999999999936e+00 6.689450000000000118e-01 2.723389000000000060e+00
3.857419999999999738e-01 1.812743999999999911e+00 6.640629999999999589e-01 2.719726999999999784e+00
3.808590000000000031e-01 1.805420000000000025e+00 6.603999999999999870e-01 2.713623000000000118e+00
3.759770000000000056e-01 1.801757999999999971e+00 6.591799999999999882e-01 2.705077999999999872e+00
3.698730000000000073e-01 1.791992000000000029e+00 6.591799999999999882e-01 2.700194999999999901e+00
3.662110000000000087e-01 1.784667999999999921e+00 6.506349999999999634e-01 2.691650000000000098e+00
3.601070000000000104e-01 1.777344000000000035e+00 6.494140000000000468e-01 2.690430000000000099e+00
3.527830000000000132e-01 1.772461000000000064e+00 6.445309999999999651e-01 2.681884999999999852e+00
3.491210000000000147e-01 1.762694999999999901e+00 6.408690000000000220e-01 2.680664000000000158e+00
3.442379999999999884e-01 1.755371000000000015e+00 6.396479999999999944e-01 2.670898000000000216e+00
3.332519999999999927e-01 1.743163999999999936e+00 6.311039999999999983e-01 2.661132999999999971e+00
3.271479999999999944e-01 1.740723000000000020e+00 6.298829999999999707e-01 2.651367000000000029e+00
3.222659999999999969e-01 1.733397999999999994e+00 6.250000000000000000e-01 2.644042999999999921e+00
3.186039999999999983e-01 1.726074000000000108e+00 6.225589999999999735e-01 2.641601999999999784e+00
3.125000000000000000e-01 1.723632999999999971e+00 6.201170000000000293e-01 2.631835999999999842e+00
3.088380000000000014e-01 1.713867000000000029e+00 6.164549999999999752e-01 2.625732000000000177e+00
3.027340000000000031e-01 1.708984000000000059e+00 6.152339999999999476e-01 2.622069999999999901e+00
2.929689999999999794e-01 1.696776999999999980e+00 6.103520000000000056e-01 2.614745999999999793e+00
2.893069999999999808e-01 1.694336000000000064e+00 6.103520000000000056e-01 2.603759999999999852e+00
2.844240000000000101e-01 1.685791000000000039e+00 6.054690000000000349e-01 2.602539000000000158e+00
2.795409999999999839e-01 1.684569999999999901e+00 6.018069999999999808e-01 2.592773000000000216e+00
2.758789999999999853e-01 1.676025000000000098e+00 6.005859999999999532e-01 2.592773000000000216e+00
2.709960000000000147e-01 1.677246000000000015e+00 6.005859999999999532e-01 2.583007999999999971e+00
2.685549999999999882e-01 1.668700999999999990e+00 5.969240000000000101e-01 2.578125000000000000e+00
2.636720000000000175e-01 1.666260000000000074e+00 5.944819999999999549e-01 2.573242000000000029e+00
2.587889999999999913e-01 1.660155999999999965e+00 5.920410000000000394e-01 2.573242000000000029e+00
2.551269999999999927e-01 1.656493999999999911e+00 5.908200000000000118e-01 2.563476999999999784e+00
2.514649999999999941e-01 1.655272999999999994e+00 5.908200000000000118e-01 2.563476999999999784e+00
2.490229999999999944e-01 1.650390999999999941e+00 5.871579999999999577e-01 2.553710999999999842e+00
2.441409999999999969e-01 1.645507999999999971e+00 5.871579999999999577e-01 2.558593999999999813e+00
2.404789999999999983e-01 1.645507999999999971e+00 5.859379999999999589e-01 2.553710999999999842e+00
2.392579999999999985e-01 1.640625000000000000e+00 5.847170000000000423e-01 2.545166000000000039e+00
2.355959999999999999e-01 1.639404000000000083e+00 5.822749999999999870e-01 2.543944999999999901e+00
2.331540000000000001e-01 1.635742000000000029e+00 5.822749999999999870e-01 2.537841999999999931e+00
2.294920000000000015e-01 1.635742000000000029e+00 5.822749999999999870e-01 2.534180000000000099e+00
2.282710000000000017e-01 1.629639000000000060e+00 5.810549999999999882e-01 2.534180000000000099e+00
2.246090000000000031e-01 1.628417999999999921e+00 5.810549999999999882e-01 2.534180000000000099e+00
2.233890000000000042e-01 1.628417999999999921e+00 5.810549999999999882e-01 2.528075999999999990e+00
2.209470000000000045e-01 1.625977000000000006e+00 5.810549999999999882e-01 2.526854999999999851e+00
2.197270000000000056e-01 1.627197000000000005e+00 5.798339999999999606e-01 2.524414000000000158e+00
2.197270000000000056e-01 1.627197000000000005e+00 5.810549999999999882e-01 2.524414000000000158e+00
2.160640000000000061e-01 1.629639000000000060e+00 5.822749999999999870e-01 2.524414000000000158e+00
2.160640000000000061e-01 1.635742000000000029e+00 5.822749999999999870e-01 2.524414000000000158e+00
2.148440000000000072e-01 1.635742000000000029e+00 5.834960000000000147e-01 2.525634999999999852e+00
2.148440000000000072e-01 1.635742000000000029e+00 5.847170000000000423e-01 2.525634999999999852e+00
2.148440000000000072e-01 1.636962999999999946e+00 5.847170000000000423e-01 2.528075999999999990e+00
2.160640000000000061e-01 1.639404000000000083e+00 5.859379999999999589e-01 2.528075999999999990e+00
2.160640000000000061e-01 1.640625000000000000e+00 5.859379999999999589e-01 2.528075999999999990e+00
2.160640000000000061e-01 1.640625000000000000e+00 5.859379999999999589e-01 2.534180000000000099e+00
2.160640000000000061e-01 1.645507999999999971e+00 5.871579999999999577e-01 2.534180000000000099e+00
2.160640000000000061e-01 1.645507999999999971e+00 5.871579999999999577e-01 2.534180000000000099e+00
2.160640000000000061e-01 1.646729000000000109e+00 5.908200000000000118e-01 2.534180000000000099e+00
2.172850000000000059e-01 1.649170000000000025e+00 5.908200000000000118e-01 2.539063000000000070e+00
2.197270000000000056e-01 1.655272999999999994e+00 5.908200000000000118e-01 2.535400000000000098e+00
2.197270000000000056e-01 1.655272999999999994e+00 5.920410000000000394e-01 2.536620999999999793e+00
2.209470000000000045e-01 1.655272999999999994e+00 5.920410000000000394e-01 2.537841999999999931e+00
2.197270000000000056e-01 1.655272999999999994e+00 5.957029999999999825e-01 2.543944999999999901e+00
2.209470000000000045e-01 1.656493999999999911e+00 5.920410000000000394e-01 2.543944999999999901e+00
2.221680000000000044e-01 1.656493999999999911e+00 5.944819999999999549e-01 2.540283000000000069e+00
2.233890000000000042e-01 1.657715000000000050e+00 5.957029999999999825e-01 2.543944999999999901e+00
2.233890000000000042e-01 1.665038999999999936e+00 5.957029999999999825e-01 2.543944999999999901e+00
2.258300000000000030e-01 1.661377000000000104e+00 5.969240000000000101e-01 2.543944999999999901e+00
2.258300000000000030e-01 1.665038999999999936e+00 6.005859999999999532e-01 2.546387000000000178e+00
2.294920000000000015e-01 1.671143000000000045e+00 6.005859999999999532e-01 2.553710999999999842e+00
2.319340000000000013e-01 1.679688000000000070e+00 6.054690000000000349e-01 2.554931999999999981e+00
2.319340000000000013e-01 1.679688000000000070e+00 6.054690000000000349e-01 2.554931999999999981e+00
2.355959999999999999e-01 1.694336000000000064e+00 6.103520000000000056e-01 2.563476999999999784e+00
2.392579999999999985e-01 1.704102000000000006e+00 6.115720000000000045e-01 2.567139000000000060e+00
2.453609999999999958e-01 1.713867000000000029e+00 6.164549999999999752e-01 2.575683999999999862e+00
2.514649999999999941e-01 1.723632999999999971e+00 6.213379999999999459e-01 2.586669999999999803e+00
2.587889999999999913e-01 1.734618999999999911e+00 6.262210000000000276e-01 2.592773000000000216e+00
2.648929999999999896e-01 1.748046999999999906e+00 6.311039999999999983e-01 2.604979999999999851e+00
2.722169999999999868e-01 1.762694999999999901e+00 6.359860000000000513e-01 2.613525000000000098e+00
2.795409999999999839e-01 1.772461000000000064e+00 6.408690000000000220e-01 2.624512000000000178e+00
2.795409999999999839e-01 1.772461000000000064e+00 6.408690000000000220e-01 2.624512000000000178e+00
2.856449999999999823e-01 1.782227000000000006e+00 6.457519999999999927e-01 2.634276999999999980e+00
2.917480000000000073e-01 1.783447000000000005e+00 6.494140000000000468e-01 2.644042999999999921e+00
2.990720000000000045e-01 1.796875000000000000e+00 6.542970000000000175e-01 2.651367000000000029e+00
3.051760000000000028e-01 1.801757999999999971e+00 6.555180000000000451e-01 2.661132999999999971e+00
3.112789999999999724e-01 1.811522999999999994e+00 6.603999999999999870e-01 2.670898000000000216e+00
3.186039999999999983e-01 1.821288999999999936e+00 6.640629999999999589e-01 2.680664000000000158e+00
3.271479999999999944e-01 1.834716999999999931e+00 6.689450000000000118e-01 2.690430000000000099e+00
3.344730000000000203e-01 1.850586000000000064e+00 6.750490000000000101e-01 2.703857000000000177e+00
3.466799999999999882e-01 1.870117000000000029e+00 6.835940000000000349e-01 2.719726999999999784e+00
3.576659999999999839e-01 1.889647999999999994e+00 6.945799999999999752e-01 2.734375000000000000e+00
3.698730000000000073e-01 1.900635000000000074e+00 7.031250000000000000e-01 2.753906000000000187e+00
3.820799999999999752e-01 1.918944999999999901e+00 7.080079999999999707e-01 2.768555000000000099e+00
3.918460000000000276e-01 1.928711000000000064e+00 7.141110000000000513e-01 2.779541000000000039e+00
4.016109999999999958e-01 1.938477000000000006e+00 7.214359999999999662e-01 2.789306999999999981e+00
4.101560000000000206e-01 1.942139000000000060e+00 7.275390000000000468e-01 2.801514000000000060e+00
4.162600000000000189e-01 1.948242000000000029e+00 7.275390000000000468e-01 2.808838000000000168e+00
4.162600000000000189e-01 1.948242000000000029e+00 7.275390000000000468e-01 2.808838000000000168e+00
4.162600000000000189e-01 1.948242000000000029e+00 7.275390000000000468e-01 2.808838000000000168e+00
4.248049999999999882e-01 1.948242000000000029e+00 7.287599999999999634e-01 2.817382999999999971e+00
4.272460000000000147e-01 1.953125000000000000e+00 7.287599999999999634e-01 2.818604000000000109e+00
4.284669999999999868e-01 1.948242000000000029e+00 7.275390000000000468e-01 2.817382999999999971e+00
4.296880000000000144e-01 1.942139000000000060e+00 7.275390000000000468e-01 2.821044999999999803e+00
4.309080000000000132e-01 1.939697000000000005e+00 7.250980000000000203e-01 2.819824000000000108e+00
4.309080000000000132e-01 1.938477000000000006e+00 7.238769999999999927e-01 2.819824000000000108e+00
4.309080000000000132e-01 1.929931999999999981e+00 7.214359999999999662e-01 2.822265999999999941e+00
4.309080000000000132e-01 1.928711000000000064e+00 7.189940000000000220e-01 2.817382999999999971e+00
4.284669999999999868e-01 1.921386999999999956e+00 7.177729999999999944e-01 2.817382999999999971e+00
4.260249999999999870e-01 1.915283000000000069e+00 7.128910000000000524e-01 2.808838000000000168e+00
4.248049999999999882e-01 1.910400000000000098e+00 7.092289999999999983e-01 2.808838000000000168e+00
4.211429999999999896e-01 1.909180000000000099e+00 7.080079999999999707e-01 2.801514000000000060e+00
4.187009999999999899e-01 1.899413999999999936e+00 7.043460000000000276e-01 2.797851999999999784e+00
4.162600000000000189e-01 1.889647999999999994e+00 6.982420000000000293e-01 2.797851999999999784e+00
4.113769999999999927e-01 1.882324000000000108e+00 6.982420000000000293e-01 2.788085999999999842e+00
4.064940000000000220e-01 1.875000000000000000e+00 6.933589999999999476e-01 2.779541000000000039e+00
4.016109999999999958e-01 1.870117000000000029e+00 6.884770000000000056e-01 2.778319999999999901e+00
3.979489999999999972e-01 1.860352000000000006e+00 6.835940000000000349e-01 2.768555000000000099e+00
3.918460000000000276e-01 1.850586000000000064e+00 6.799319999999999808e-01 2.762450999999999990e+00
3.881839999999999735e-01 1.844481999999999955e+00 6.787109999999999532e-01 2.758789000000000158e+00
3.833010000000000028e-01 1.840819999999999901e+00 6.713869999999999560e-01 2.749023000000000216e+00
3.784179999999999766e-01 1.831055000000000099e+00 6.689450000000000118e-01 2.742919999999999803e+00
3.735350000000000059e-01 1.822510000000000074e+00 6.640629999999999589e-01 2.739257999999999971e+00
3.674319999999999808e-01 1.813965000000000050e+00 6.616210000000000147e-01 2.729492000000000029e+00
3.625490000000000101e-01 1.811522999999999994e+00 6.591799999999999882e-01 2.723389000000000060e+00
3.576659999999999839e-01 1.801757999999999971e+00 6.530759999999999899e-01 2.719726999999999784e+00
3.527830000000000132e-01 1.791992000000000029e+00 6.494140000000000468e-01 2.709960999999999842e+00
3.478999999999999870e-01 1.783447000000000005e+00 6.457519999999999927e-01 2.703857000000000177e+00
3.430179999999999896e-01 1.776122999999999896e+00 6.408690000000000220e-01 2.700194999999999901e+00
3.381350000000000189e-01 1.772461000000000064e+00 6.396479999999999944e-01 2.690430000000000099e+00
3.320310000000000206e-01 1.763916000000000039e+00 6.347660000000000524e-01 2.685547000000000128e+00
3.271479999999999944e-01 1.757813000000000070e+00 6.311039999999999983e-01 2.680664000000000158e+00
3.222659999999999969e-01 1.752930000000000099e+00 6.298829999999999707e-01 2.670898000000000216e+00
3.173830000000000262e-01 1.744385000000000074e+00 6.262210000000000276e-01 2.664794999999999803e+00
3.137210000000000276e-01 1.743163999999999936e+00 6.237789999999999724e-01 2.661132999999999971e+00
3.137210000000000276e-01 1.743163999999999936e+00 6.237789999999999724e-01 2.661132999999999971e+00
3.100589999999999735e-01 1.734618999999999911e+00 6.201170000000000293e-01 2.656250000000000000e+00
3.063960000000000017e-01 1.729735999999999940e+00 6.201170000000000293e-01 2.651367000000000029e+00
3.015140000000000042e-01 1.724854000000000109e+00 6.164549999999999752e-01 2.644042999999999921e+00
2.978520000000000056e-01 1.723632999999999971e+00 6.140139999999999487e-01 2.641601999999999784e+00
2.941889999999999783e-01 1.715087999999999946e+00 6.115720000000000045e-01 2.641601999999999784e+00
2.893069999999999808e-01 1.711425999999999892e+00 6.103520000000000056e-01 2.631835999999999842e+00
2.856449999999999823e-01 1.707764000000000060e+00 6.103520000000000056e-01 2.625732000000000177e+00
2.832029999999999825e-01 1.704102000000000006e+00 6.066890000000000338e-01 2.622069999999999901e+00
2.783200000000000118e-01 1.699219000000000035e+00 6.042480000000000073e-01 2.617188000000000070e+00
2.783200000000000118e-01 1.699219000000000035e+00 6.042480000000000073e-01 2.617188000000000070e+00
2.746580000000000132e-01 1.694336000000000064e+00 6.018069999999999808e-01 2.612305000000000099e+00
2.722169999999999868e-01 1.694336000000000064e+00 6.005859999999999532e-01 2.612305000000000099e+00
2.685549999999999882e-01 1.687011999999999956e+00 6.005859999999999532e-01 2.602539000000000158e+00
2.648929999999999896e-01 1.684569999999999901e+00 5.969240000000000101e-01 2.602539000000000158e+00
2.612300000000000177e-01 1.678466999999999931e+00 5.969240000000000101e-01 2.597656000000000187e+00
2.587889999999999913e-01 1.676025000000000098e+00 5.944819999999999549e-01 2.592773000000000216e+00
2.551269999999999927e-01 1.669921999999999906e+00 5.920410000000000394e-01 2.586669999999999803e+00
2.514649999999999941e-01 1.668700999999999990e+00 5.920410000000000394e-01 2.583007999999999971e+00
2.490229999999999944e-01 1.665038999999999936e+00 5.908200000000000118e-01 2.583007999999999971e+00
2.453609999999999958e-01 1.665038999999999936e+00 5.908200000000000118e-01 2.578125000000000000e+00
2.429199999999999970e-01 1.660155999999999965e+00 5.871579999999999577e-01 2.573242000000000029e+00
2.404789999999999983e-01 1.656493999999999911e+00 5.871579999999999577e-01 2.573242000000000029e+00
2.380369999999999986e-01 1.655272999999999994e+00 5.859379999999999589e-01 2.567139000000000060e+00
2.380369999999999986e-01 1.655272999999999994e+00 5.859379999999999589e-01 2.567139000000000060e+00
2.343750000000000000e-01 1.650390999999999941e+00 5.859379999999999589e-01 2.564696999999999782e+00
2.319340000000000013e-01 1.646729000000000109e+00 5.847170000000000423e-01 2.563476999999999784e+00
2.307130000000000014e-01 1.645507999999999971e+00 5.834960000000000147e-01 2.558593999999999813e+00
2.270510000000000028e-01 1.645507999999999971e+00 5.822749999999999870e-01 2.554931999999999981e+00
2.258300000000000030e-01 1.636962999999999946e+00 5.822749999999999870e-01 2.553710999999999842e+00
2.221680000000000044e-01 1.636962999999999946e+00 5.810549999999999882e-01 2.553710999999999842e+00
2.197270000000000056e-01 1.635742000000000029e+00 5.810549999999999882e-01 2.547607000000000177e+00
2.172850000000000059e-01 1.635742000000000029e+00 5.810549999999999882e-01 2.543944999999999901e+00
2.148440000000000072e-01 1.627197000000000005e+00 5.773930000000000451e-01 2.543944999999999901e+00
2.124020000000000075e-01 1.625977000000000006e+00 5.810549999999999882e-01 2.536620999999999793e+00
2.099610000000000087e-01 1.625977000000000006e+00 5.773930000000000451e-01 2.535400000000000098e+00
2.087400000000000089e-01 1.619872999999999896e+00 5.761720000000000175e-01 2.534180000000000099e+00
2.062990000000000101e-01 1.617431999999999981e+00 5.761720000000000175e-01 2.534180000000000099e+00
2.038570000000000104e-01 1.616211000000000064e+00 5.737299999999999622e-01 2.525634999999999852e+00
2.014160000000000117e-01 1.616211000000000064e+00 5.725099999999999634e-01 2.528075999999999990e+00
2.001950000000000118e-01 1.610106999999999955e+00 5.725099999999999634e-01 2.524414000000000158e+00
1.977540000000000131e-01 1.607666000000000039e+00 5.712890000000000468e-01 2.524414000000000158e+00
1.953129999999999866e-01 1.606444999999999901e+00 5.712890000000000468e-01 2.519531000000000187e+00
1.940919999999999868e-01 1.606444999999999901e+00 5.712890000000000468e-01 2.514648000000000216e+00
1.916499999999999870e-01 1.600341999999999931e+00 5.712890000000000468e-01 2.514648000000000216e+00
1.904299999999999882e-01 1.597900000000000098e+00 5.712890000000000468e-01 2.514648000000000216e+00
1.879879999999999884e-01 1.596680000000000099e+00 5.676269999999999927e-01 2.504882999999999971e+00
1.867679999999999896e-01 1.596680000000000099e+00 5.676269999999999927e-01 2.504882999999999971e+00
1.843259999999999899e-01 1.590575999999999990e+00 5.664059999999999651e-01 2.504882999999999971e+00
1.831049999999999900e-01 1.590575999999999990e+00 5.664059999999999651e-01 2.498778999999999861e+00
1.818849999999999911e-01 1.586913999999999936e+00 5.664059999999999651e-01 2.496338000000000168e+00
1.806639999999999913e-01 1.586913999999999936e+00 5.651859999999999662e-01 2.495117000000000029e+00
1.770019999999999927e-01 1.586913999999999936e+00 5.651859999999999662e-01 2.495117000000000029e+00
1.770019999999999927e-01 1.586913999999999936e+00 5.627440000000000220e-01 2.495117000000000029e+00
1.757809999999999928e-01 1.580810999999999966e+00 5.627440000000000220e-01 2.489014000000000060e+00
1.745609999999999939e-01 1.578368999999999911e+00 5.639650000000000496e-01 2.486571999999999782e+00
1.721189999999999942e-01 1.577147999999999994e+00 5.627440000000000220e-01 2.486571999999999782e+00
1.708979999999999944e-01 1.577147999999999994e+00 5.627440000000000220e-01 2.485351999999999784e+00
1.708979999999999944e-01 1.573485999999999940e+00 5.627440000000000220e-01 2.485351999999999784e+00
1.696779999999999955e-01 1.572265999999999941e+00 5.627440000000000220e-01 2.485351999999999784e+00
1.672359999999999958e-01 1.571045000000000025e+00 5.627440000000000220e-01 2.478026999999999980e+00
1.672359999999999958e-01 1.569824000000000108e+00 5.627440000000000220e-01 2.480468999999999813e+00
1.672359999999999958e-01 1.572265999999999941e+00 5.627440000000000220e-01 2.476806999999999981e+00
1.647949999999999970e-01 1.567382999999999971e+00 5.615229999999999944e-01 2.475585999999999842e+00
1.647949999999999970e-01 1.567382999999999971e+00 5.615229999999999944e-01 2.475585999999999842e+00
1.635739999999999972e-01 1.567382999999999971e+00 5.615229999999999944e-01 2.471924000000000010e+00
1.623539999999999983e-01 1.567382999999999971e+00 5.615229999999999944e-01 2.469482000000000177e+00
1.611329999999999985e-01 1.562500000000000000e+00 5.615229999999999944e-01 2.468262000000000178e+00
1.611329999999999985e-01 1.560059000000000085e+00 5.615229999999999944e-01 2.467041000000000039e+00
1.611329999999999985e-01 1.558837999999999946e+00 5.615229999999999944e-01 2.465819999999999901e+00
1.586909999999999987e-01 1.557617000000000029e+00 5.615229999999999944e-01 2.465819999999999901e+00
1.574709999999999999e-01 1.558837999999999946e+00 5.578610000000000513e-01 2.465819999999999901e+00
1.562500000000000000e-01 1.557617000000000029e+00 5.615229999999999944e-01 2.465819999999999901e+00
1.562500000000000000e-01 1.552734000000000059e+00 5.590819999999999679e-01 2.465819999999999901e+00
1.550290000000000001e-01 1.551514000000000060e+00 5.578610000000000513e-01 2.457275000000000098e+00
1.538090000000000013e-01 1.547852000000000006e+00 5.578610000000000513e-01 2.457275000000000098e+00
1.538090000000000013e-01 1.547852000000000006e+00 5.566410000000000524e-01 2.456055000000000099e+00
1.525880000000000014e-01 1.547852000000000006e+00 5.566410000000000524e-01 2.449950999999999990e+00
1.513670000000000015e-01 1.547852000000000006e+00 5.566410000000000524e-01 2.456055000000000099e+00
1.513670000000000015e-01 1.547852000000000006e+00 5.554200000000000248e-01 2.456055000000000099e+00
1.501460000000000017e-01 1.540526999999999980e+00 5.566410000000000524e-01 2.456055000000000099e+00
1.489260000000000028e-01 1.539306999999999981e+00 5.541989999999999972e-01 2.446289000000000158e+00
1.489260000000000028e-01 1.538086000000000064e+00 5.541989999999999972e-01 2.445068000000000019e+00
1.477050000000000030e-01 1.538086000000000064e+00 5.529789999999999983e-01 2.446289000000000158e+00
1.464840000000000031e-01 1.538086000000000064e+00 5.517579999999999707e-01 2.446289000000000158e+00
