8.178699999999999859e-02 1.212158000000000069e+00 5.249019999999999797e-01 2.084960999999999842e+00 2.163085999999999842e+00
8.300799999999999845e-02 1.212158000000000069e+00 5.261230000000000073e-01 2.084960999999999842e+00 2.165526999999999980e+00
8.178699999999999859e-02 1.210938000000000070e+00 5.261230000000000073e-01 2.084960999999999842e+00 2.175292999999999921e+00
8.178699999999999859e-02 1.212158000000000069e+00 5.261230000000000073e-01 2.084960999999999842e+00 2.182617000000000029e+00
8.178699999999999859e-02 1.215819999999999901e+00 5.261230000000000073e-01 2.084960999999999842e+00 2.172851999999999784e+00
8.056599999999999873e-02 1.215819999999999901e+00 5.261230000000000073e-01 2.084960999999999842e+00 2.172851999999999784e+00
8.178699999999999859e-02 1.210938000000000070e+00 5.236819999999999808e-01 2.084960999999999842e+00 2.166748000000000118e+00
8.178699999999999859e-02 1.212158000000000069e+00 5.261230000000000073e-01 2.084960999999999842e+00 2.174071999999999782e+00
8.178699999999999859e-02 1.210938000000000070e+00 5.261230000000000073e-01 2.084960999999999842e+00 2.172851999999999784e+00
8.056599999999999873e-02 1.210938000000000070e+00 5.261230000000000073e-01 2.084960999999999842e+00 2.167968999999999813e+00
8.056599999999999873e-02 1.210938000000000070e+00 5.273440000000000349e-01 2.078857000000000177e+00 2.156982000000000177e+00
8.178699999999999859e-02 1.209716999999999931e+00 5.261230000000000073e-01 2.078857000000000177e+00 2.145995999999999793e+00
8.178699999999999859e-02 1.210938000000000070e+00 5.261230000000000073e-01 2.078857000000000177e+00 2.143555000000000099e+00
8.178699999999999859e-02 1.212158000000000069e+00 5.261230000000000073e-01 2.078857000000000177e+00 2.133789000000000158e+00
8.056599999999999873e-02 1.215819999999999901e+00 5.273440000000000349e-01 2.078857000000000177e+00 2.117919999999999803e+00
8.178699999999999859e-02 1.210938000000000070e+00 5.261230000000000073e-01 2.077637000000000178e+00 2.163085999999999842e+00
8.178699999999999859e-02 1.210938000000000070e+00 5.261230000000000073e-01 2.077637000000000178e+00 2.163085999999999842e+00
8.056599999999999873e-02 1.209716999999999931e+00 5.261230000000000073e-01 2.084960999999999842e+00 2.163085999999999842e+00
8.056599999999999873e-02 1.210938000000000070e+00 5.261230000000000073e-01 2.084960999999999842e+00 2.163085999999999842e+00
8.056599999999999873e-02 1.210938000000000070e+00 5.261230000000000073e-01 2.078857000000000177e+00 2.144775000000000098e+00
8.178699999999999859e-02 1.209716999999999931e+00 5.261230000000000073e-01 2.078857000000000177e+00 2.128906000000000187e+00
8.056599999999999873e-02 1.210938000000000070e+00 5.261230000000000073e-01 2.080077999999999872e+00 2.153319999999999901e+00
8.056599999999999873e-02 1.210938000000000070e+00 5.261230000000000073e-01 2.078857000000000177e+00 2.143555000000000099e+00
8.056599999999999873e-02 1.210938000000000070e+00 5.261230000000000073e-01 2.084960999999999842e+00 2.143555000000000099e+00
8.178699999999999859e-02 1.209716999999999931e+00 5.273440000000000349e-01 2.078857000000000177e+00 2.133789000000000158e+00
8.056599999999999873e-02 1.209716999999999931e+00 5.273440000000000349e-01 2.078857000000000177e+00 2.124023000000000216e+00
8.056599999999999873e-02 1.210938000000000070e+00 5.236819999999999808e-01 2.084960999999999842e+00 2.135009999999999852e+00
8.056599999999999873e-02 1.210938000000000070e+00 5.273440000000000349e-01 2.078857000000000177e+00 2.124023000000000216e+00
8.056599999999999873e-02 1.210938000000000070e+00 5.273440000000000349e-01 2.080077999999999872e+00 2.133789000000000158e+00
8.056599999999999873e-02 1.210938000000000070e+00 5.273440000000000349e-01 2.084960999999999842e+00 2.144775000000000098e+00
8.056599999999999873e-02 1.209716999999999931e+00 5.273440000000000349e-01 2.084960999999999842e+00 2.163085999999999842e+00
8.178699999999999859e-02 1.215819999999999901e+00 5.273440000000000349e-01 2.078857000000000177e+00 2.143555000000000099e+00
8.056599999999999873e-02 1.215819999999999901e+00 5.273440000000000349e-01 2.078857000000000177e+00 2.126465000000000050e+00
8.056599999999999873e-02 1.212158000000000069e+00 5.261230000000000073e-01 2.080077999999999872e+00 2.153319999999999901e+00
8.056599999999999873e-02 1.209716999999999931e+00 5.261230000000000073e-01 2.078857000000000177e+00 2.143555000000000099e+00
8.056599999999999873e-02 1.209716999999999931e+00 5.273440000000000349e-01 2.077637000000000178e+00 2.143555000000000099e+00
8.056599999999999873e-02 1.208496000000000015e+00 5.273440000000000349e-01 2.080077999999999872e+00 2.147216999999999931e+00
8.178699999999999859e-02 1.209716999999999931e+00 5.261230000000000073e-01 2.084960999999999842e+00 2.163085999999999842e+00
8.056599999999999873e-02 1.209716999999999931e+00 5.261230000000000073e-01 2.077637000000000178e+00 2.164306999999999981e+00
8.056599999999999873e-02 1.209716999999999931e+00 5.273440000000000349e-01 2.084960999999999842e+00 2.154541000000000039e+00
8.056599999999999873e-02 1.210938000000000070e+00 5.273440000000000349e-01 2.076416000000000039e+00 2.135009999999999852e+00
8.178699999999999859e-02 1.210938000000000070e+00 5.297849999999999504e-01 2.084960999999999842e+00 2.139892999999999823e+00
8.300799999999999845e-02 1.215819999999999901e+00 5.334470000000000045e-01 2.084960999999999842e+00 2.167968999999999813e+00
8.544899999999999718e-02 1.217041000000000039e+00 5.383299999999999752e-01 2.084960999999999842e+00 2.175292999999999921e+00
8.911099999999999577e-02 1.225586000000000064e+00 5.468750000000000000e-01 2.094726999999999784e+00 2.176514000000000060e+00
9.277299999999999436e-02 1.235352000000000006e+00 5.578610000000000513e-01 2.098389000000000060e+00 2.172851999999999784e+00
1.000980000000000064e-01 1.245117000000000029e+00 5.725099999999999634e-01 2.114257999999999971e+00 2.172851999999999784e+00
1.074220000000000036e-01 1.254882999999999971e+00 5.859379999999999589e-01 2.124023000000000216e+00 2.182617000000000029e+00
1.159670000000000006e-01 1.274413999999999936e+00 6.005859999999999532e-01 2.135009999999999852e+00 2.172851999999999784e+00
1.257320000000000104e-01 1.289063000000000070e+00 6.152339999999999476e-01 2.153319999999999901e+00 2.183838000000000168e+00
1.391600000000000059e-01 1.308594000000000035e+00 6.298829999999999707e-01 2.174071999999999782e+00 2.182617000000000029e+00
1.538090000000000013e-01 1.333007999999999971e+00 6.445309999999999651e-01 2.202148000000000216e+00 2.204590000000000050e+00
1.708979999999999944e-01 1.357421999999999906e+00 6.603999999999999870e-01 2.231444999999999901e+00 2.250976999999999784e+00
1.867679999999999896e-01 1.383056999999999981e+00 6.750490000000000101e-01 2.260742000000000029e+00 2.265625000000000000e+00
2.050780000000000103e-01 1.411132999999999971e+00 6.933589999999999476e-01 2.290039000000000158e+00 2.290039000000000158e+00
2.258300000000000030e-01 1.441650000000000098e+00 7.080079999999999707e-01 2.320556999999999981e+00 2.290039000000000158e+00
2.453609999999999958e-01 1.472167999999999921e+00 7.226559999999999651e-01 2.358398000000000216e+00 2.309569999999999901e+00
2.673340000000000161e-01 1.502685999999999966e+00 7.373049999999999882e-01 2.387694999999999901e+00 2.333984000000000059e+00
2.880860000000000087e-01 1.528319999999999901e+00 7.531740000000000101e-01 2.426757999999999971e+00 2.377930000000000099e+00
3.076169999999999738e-01 1.560059000000000085e+00 7.678220000000000045e-01 2.456055000000000099e+00 2.391357000000000177e+00
3.283690000000000220e-01 1.591796999999999906e+00 7.824710000000000276e-01 2.495117000000000029e+00 2.419433999999999862e+00
3.503419999999999868e-01 1.621094000000000035e+00 7.971190000000000220e-01 2.524414000000000158e+00 2.446289000000000158e+00
3.906250000000000000e-01 1.676025000000000098e+00 8.215329999999999577e-01 2.584229000000000109e+00 2.449950999999999990e+00
4.089360000000000217e-01 1.699219000000000035e+00 8.264160000000000394e-01 2.612305000000000099e+00 2.485351999999999784e+00
4.235840000000000161e-01 1.723632999999999971e+00 8.300779999999999825e-01 2.631835999999999842e+00 2.497558999999999862e+00
4.345700000000000118e-01 1.734618999999999911e+00 8.288569999999999549e-01 2.652588000000000168e+00 2.506104000000000109e+00
4.455569999999999808e-01 1.752930000000000099e+00 8.276369999999999560e-01 2.670898000000000216e+00 2.508544999999999803e+00
4.541020000000000056e-01 1.763916000000000039e+00 8.288569999999999549e-01 2.680664000000000158e+00 2.537841999999999931e+00
4.638669999999999738e-01 1.777344000000000035e+00 8.300779999999999825e-01 2.695313000000000070e+00 2.553710999999999842e+00
4.785159999999999969e-01 1.801757999999999971e+00 8.361819999999999808e-01 2.720946999999999782e+00 2.553710999999999842e+00
4.846190000000000220e-01 1.811522999999999994e+00 8.361819999999999808e-01 2.734375000000000000e+00 2.563476999999999784e+00
4.931639999999999913e-01 1.822510000000000074e+00 8.361819999999999808e-01 2.740479000000000109e+00 2.554931999999999981e+00
4.980470000000000175e-01 1.835938000000000070e+00 8.349609999999999532e-01 2.752686000000000188e+00 2.543944999999999901e+00
5.029299999999999882e-01 1.840819999999999901e+00 8.349609999999999532e-01 2.758789000000000158e+00 2.563476999999999784e+00
5.029299999999999882e-01 1.840819999999999901e+00 8.264160000000000394e-01 2.758789000000000158e+00 2.583007999999999971e+00
5.041499999999999870e-01 1.844481999999999955e+00 8.203129999999999589e-01 2.768555000000000099e+00 2.587890999999999941e+00
5.041499999999999870e-01 1.845703000000000094e+00 8.154299999999999882e-01 2.768555000000000099e+00 2.602539000000000158e+00
5.029299999999999882e-01 1.844481999999999955e+00 8.056640000000000468e-01 2.769775000000000098e+00 2.583007999999999971e+00
5.029299999999999882e-01 1.844481999999999955e+00 7.971190000000000220e-01 2.768555000000000099e+00 2.583007999999999971e+00
4.980470000000000175e-01 1.844481999999999955e+00 7.897950000000000248e-01 2.769775000000000098e+00 2.573242000000000029e+00
4.956050000000000177e-01 1.842041000000000039e+00 7.812500000000000000e-01 2.761229999999999851e+00 2.574463000000000168e+00
4.931639999999999913e-01 1.840819999999999901e+00 7.763670000000000293e-01 2.758789000000000158e+00 2.583007999999999971e+00
4.882810000000000206e-01 1.834716999999999931e+00 7.666020000000000056e-01 2.758789000000000158e+00 2.584229000000000109e+00
4.833979999999999944e-01 1.831055000000000099e+00 7.580569999999999808e-01 2.758789000000000158e+00 2.583007999999999971e+00
4.785159999999999969e-01 1.831055000000000099e+00 7.531740000000000101e-01 2.749023000000000216e+00 2.583007999999999971e+00
4.748539999999999983e-01 1.823730000000000073e+00 7.470700000000000118e-01 2.749023000000000216e+00 2.583007999999999971e+00
4.699710000000000276e-01 1.821288999999999936e+00 7.434079999999999577e-01 2.749023000000000216e+00 2.583007999999999971e+00
4.687500000000000000e-01 1.821288999999999936e+00 7.434079999999999577e-01 2.740479000000000109e+00 2.564696999999999782e+00
4.663089999999999735e-01 1.817627000000000104e+00 7.434079999999999577e-01 2.739257999999999971e+00 2.565917999999999921e+00
4.675289999999999724e-01 1.816405999999999965e+00 7.470700000000000118e-01 2.739257999999999971e+00 2.584229000000000109e+00
4.650880000000000014e-01 1.821288999999999936e+00 7.482910000000000394e-01 2.740479000000000109e+00 2.563476999999999784e+00
4.650880000000000014e-01 1.821288999999999936e+00 7.495119999999999560e-01 2.742919999999999803e+00 2.553710999999999842e+00
4.650880000000000014e-01 1.821288999999999936e+00 7.519529999999999825e-01 2.742919999999999803e+00 2.543944999999999901e+00
4.650880000000000014e-01 1.821288999999999936e+00 7.568359999999999532e-01 2.749023000000000216e+00 2.557373000000000118e+00
4.663089999999999735e-01 1.823730000000000073e+00 7.568359999999999532e-01 2.749023000000000216e+00 2.583007999999999971e+00
4.663089999999999735e-01 1.826171999999999906e+00 7.568359999999999532e-01 2.753906000000000187e+00 2.583007999999999971e+00
4.663089999999999735e-01 1.831055000000000099e+00 7.568359999999999532e-01 2.751465000000000050e+00 2.592773000000000216e+00
4.663089999999999735e-01 1.831055000000000099e+00 7.568359999999999532e-01 2.751465000000000050e+00 2.584229000000000109e+00
4.650880000000000014e-01 1.831055000000000099e+00 7.531740000000000101e-01 2.752686000000000188e+00 2.573242000000000029e+00
4.638669999999999738e-01 1.831055000000000099e+00 7.495119999999999560e-01 2.751465000000000050e+00 2.573242000000000029e+00
4.638669999999999738e-01 1.831055000000000099e+00 7.482910000000000394e-01 2.758789000000000158e+00 2.583007999999999971e+00
4.602049999999999752e-01 1.831055000000000099e+00 7.434079999999999577e-01 2.749023000000000216e+00 2.583007999999999971e+00
4.577640000000000042e-01 1.826171999999999906e+00 7.434079999999999577e-01 2.751465000000000050e+00 2.592773000000000216e+00
4.577640000000000042e-01 1.826171999999999906e+00 7.434079999999999577e-01 2.751465000000000050e+00 2.592773000000000216e+00
4.565429999999999766e-01 1.823730000000000073e+00 7.421879999999999589e-01 2.749023000000000216e+00 2.583007999999999971e+00
4.565429999999999766e-01 1.826171999999999906e+00 7.421879999999999589e-01 2.749023000000000216e+00 2.585449000000000108e+00
4.553220000000000045e-01 1.823730000000000073e+00 7.434079999999999577e-01 2.753906000000000187e+00 2.602539000000000158e+00
4.541020000000000056e-01 1.823730000000000073e+00 7.409670000000000423e-01 2.750243999999999911e+00 2.583007999999999971e+00
4.541020000000000056e-01 1.826171999999999906e+00 7.421879999999999589e-01 2.750243999999999911e+00 2.563476999999999784e+00
4.504389999999999783e-01 1.824950999999999990e+00 7.397460000000000147e-01 2.753906000000000187e+00 2.564696999999999782e+00
4.492189999999999794e-01 1.823730000000000073e+00 7.385249999999999870e-01 2.749023000000000216e+00 2.583007999999999971e+00
4.479980000000000073e-01 1.824950999999999990e+00 7.373049999999999882e-01 2.750243999999999911e+00 2.573242000000000029e+00
4.455569999999999808e-01 1.821288999999999936e+00 7.336430000000000451e-01 2.749023000000000216e+00 2.573242000000000029e+00
4.443360000000000087e-01 1.821288999999999936e+00 7.324220000000000175e-01 2.749023000000000216e+00 2.583007999999999971e+00
4.443360000000000087e-01 1.821288999999999936e+00 7.287599999999999634e-01 2.749023000000000216e+00 2.583007999999999971e+00
4.406740000000000101e-01 1.821288999999999936e+00 7.275390000000000468e-01 2.749023000000000216e+00 2.584229000000000109e+00
4.382320000000000104e-01 1.817627000000000104e+00 7.238769999999999927e-01 2.742919999999999803e+00 2.575683999999999862e+00
4.357909999999999839e-01 1.816405999999999965e+00 7.226559999999999651e-01 2.749023000000000216e+00 2.583007999999999971e+00
4.345700000000000118e-01 1.812743999999999911e+00 7.189940000000000220e-01 2.739257999999999971e+00 2.583007999999999971e+00
4.309080000000000132e-01 1.811522999999999994e+00 7.177729999999999944e-01 2.739257999999999971e+00 2.583007999999999971e+00
4.284669999999999868e-01 1.811522999999999994e+00 7.141110000000000513e-01 2.739257999999999971e+00 2.583007999999999971e+00
4.260249999999999870e-01 1.806640999999999941e+00 7.141110000000000513e-01 2.734375000000000000e+00 2.583007999999999971e+00
4.248049999999999882e-01 1.802979000000000109e+00 7.092289999999999983e-01 2.733153999999999861e+00 2.574463000000000168e+00
4.211429999999999896e-01 1.801757999999999971e+00 7.092289999999999983e-01 2.729492000000000029e+00 2.567139000000000060e+00
4.187009999999999899e-01 1.801757999999999971e+00 7.080079999999999707e-01 2.729492000000000029e+00 2.578125000000000000e+00
4.150389999999999913e-01 1.796875000000000000e+00 7.043460000000000276e-01 2.723389000000000060e+00 2.583007999999999971e+00
4.113769999999999927e-01 1.796875000000000000e+00 7.031250000000000000e-01 2.720946999999999782e+00 2.553710999999999842e+00
4.101560000000000206e-01 1.791992000000000029e+00 7.006839999999999735e-01 2.724609000000000059e+00 2.554931999999999981e+00
4.064940000000000220e-01 1.791992000000000029e+00 6.982420000000000293e-01 2.719726999999999784e+00 2.563476999999999784e+00
4.052729999999999944e-01 1.791992000000000029e+00 6.982420000000000293e-01 2.714843999999999813e+00 2.564696999999999782e+00
4.016109999999999958e-01 1.782227000000000006e+00 6.982420000000000293e-01 2.711181999999999981e+00 2.554931999999999981e+00
3.967289999999999983e-01 1.784667999999999921e+00 6.982420000000000293e-01 2.712401999999999980e+00 2.553710999999999842e+00
3.967289999999999983e-01 1.782227000000000006e+00 6.982420000000000293e-01 2.709960999999999842e+00 2.563476999999999784e+00
3.955080000000000262e-01 1.782227000000000006e+00 6.982420000000000293e-01 2.709960999999999842e+00 2.563476999999999784e+00
3.930660000000000265e-01 1.783447000000000005e+00 6.982420000000000293e-01 2.709960999999999842e+00 2.563476999999999784e+00
3.918460000000000276e-01 1.778564000000000034e+00 6.982420000000000293e-01 2.702637000000000178e+00 2.564696999999999782e+00
3.918460000000000276e-01 1.778564000000000034e+00 6.982420000000000293e-01 2.702637000000000178e+00 2.564696999999999782e+00
3.894039999999999724e-01 1.777344000000000035e+00 6.945799999999999752e-01 2.703857000000000177e+00 2.554931999999999981e+00
3.881839999999999735e-01 1.777344000000000035e+00 6.945799999999999752e-01 2.701416000000000039e+00 2.543944999999999901e+00
3.869630000000000014e-01 1.777344000000000035e+00 6.945799999999999752e-01 2.701416000000000039e+00 2.536620999999999793e+00
3.857419999999999738e-01 1.773681999999999981e+00 6.958010000000000028e-01 2.700194999999999901e+00 2.553710999999999842e+00
3.857419999999999738e-01 1.777344000000000035e+00 6.982420000000000293e-01 2.700194999999999901e+00 2.554931999999999981e+00
3.820799999999999752e-01 1.773681999999999981e+00 6.945799999999999752e-01 2.700194999999999901e+00 2.563476999999999784e+00
3.820799999999999752e-01 1.772461000000000064e+00 6.982420000000000293e-01 2.700194999999999901e+00 2.563476999999999784e+00
3.796390000000000042e-01 1.772461000000000064e+00 6.945799999999999752e-01 2.700194999999999901e+00 2.565917999999999921e+00
3.784179999999999766e-01 1.772461000000000064e+00 6.933589999999999476e-01 2.700194999999999901e+00 2.573242000000000029e+00
3.771970000000000045e-01 1.772461000000000064e+00 6.945799999999999752e-01 2.700194999999999901e+00 2.565917999999999921e+00
3.759770000000000056e-01 1.773681999999999981e+00 6.909180000000000321e-01 2.692870999999999793e+00 2.578125000000000000e+00
3.735350000000000059e-01 1.768799000000000010e+00 6.896970000000000045e-01 2.692870999999999793e+00 2.583007999999999971e+00
3.698730000000000073e-01 1.763916000000000039e+00 6.884770000000000056e-01 2.691650000000000098e+00 2.563476999999999784e+00
3.698730000000000073e-01 1.763916000000000039e+00 6.884770000000000056e-01 2.690430000000000099e+00 2.553710999999999842e+00
3.674319999999999808e-01 1.763916000000000039e+00 6.884770000000000056e-01 2.690430000000000099e+00 2.554931999999999981e+00
3.674319999999999808e-01 1.763916000000000039e+00 6.884770000000000056e-01 2.690430000000000099e+00 2.554931999999999981e+00
3.662110000000000087e-01 1.763916000000000039e+00 6.884770000000000056e-01 2.685547000000000128e+00 2.558593999999999813e+00
3.662110000000000087e-01 1.762694999999999901e+00 6.896970000000000045e-01 2.685547000000000128e+00 2.573242000000000029e+00
3.662110000000000087e-01 1.763916000000000039e+00 6.921389999999999487e-01 2.690430000000000099e+00 2.567139000000000060e+00
3.674319999999999808e-01 1.772461000000000064e+00 6.982420000000000293e-01 2.690430000000000099e+00 2.573242000000000029e+00
3.686519999999999797e-01 1.772461000000000064e+00 7.006839999999999735e-01 2.690430000000000099e+00 2.565917999999999921e+00
3.710939999999999794e-01 1.774901999999999980e+00 7.080079999999999707e-01 2.691650000000000098e+00 2.573242000000000029e+00
3.735350000000000059e-01 1.782227000000000006e+00 7.092289999999999983e-01 2.694091999999999931e+00 2.563476999999999784e+00
3.759770000000000056e-01 1.783447000000000005e+00 7.177729999999999944e-01 2.700194999999999901e+00 2.553710999999999842e+00
3.796390000000000042e-01 1.791992000000000029e+00 7.189940000000000220e-01 2.703857000000000177e+00 2.563476999999999784e+00
3.796390000000000042e-01 1.791992000000000029e+00 7.189940000000000220e-01 2.703857000000000177e+00 2.563476999999999784e+00
3.820799999999999752e-01 1.794434000000000085e+00 7.238769999999999927e-01 2.709960999999999842e+00 2.563476999999999784e+00
3.857419999999999738e-01 1.798095999999999917e+00 7.275390000000000468e-01 2.711181999999999981e+00 2.563476999999999784e+00
3.869630000000000014e-01 1.801757999999999971e+00 7.275390000000000468e-01 2.719726999999999784e+00 2.563476999999999784e+00
3.894039999999999724e-01 1.802979000000000109e+00 7.263180000000000192e-01 2.719726999999999784e+00 2.573242000000000029e+00
3.906250000000000000e-01 1.805420000000000025e+00 7.238769999999999927e-01 2.720946999999999782e+00 2.574463000000000168e+00
3.906250000000000000e-01 1.805420000000000025e+00 7.226559999999999651e-01 2.720946999999999782e+00 2.563476999999999784e+00
3.918460000000000276e-01 1.805420000000000025e+00 7.189940000000000220e-01 2.719726999999999784e+00 2.564696999999999782e+00
3.906250000000000000e-01 1.811522999999999994e+00 7.177729999999999944e-01 2.720946999999999782e+00 2.569580000000000197e+00
3.906250000000000000e-01 1.811522999999999994e+00 7.177729999999999944e-01 2.720946999999999782e+00 2.569580000000000197e+00
3.906250000000000000e-01 1.801757999999999971e+00 7.128910000000000524e-01 2.720946999999999782e+00 2.574463000000000168e+00
3.894039999999999724e-01 1.802979000000000109e+00 7.092289999999999983e-01 2.719726999999999784e+00 2.573242000000000029e+00
3.881839999999999735e-01 1.801757999999999971e+00 7.080079999999999707e-01 2.719726999999999784e+00 2.573242000000000029e+00
3.869630000000000014e-01 1.801757999999999971e+00 7.031250000000000000e-01 2.719726999999999784e+00 2.583007999999999971e+00
3.857419999999999738e-01 1.798095999999999917e+00 6.994629999999999459e-01 2.713623000000000118e+00 2.583007999999999971e+00
3.820799999999999752e-01 1.793212999999999946e+00 6.982420000000000293e-01 2.709960999999999842e+00 2.565917999999999921e+00
3.796390000000000042e-01 1.791992000000000029e+00 6.933589999999999476e-01 2.709960999999999842e+00 2.583007999999999971e+00
3.784179999999999766e-01 1.787109000000000059e+00 6.896970000000000045e-01 2.709960999999999842e+00 2.583007999999999971e+00
3.759770000000000056e-01 1.784667999999999921e+00 6.884770000000000056e-01 2.701416000000000039e+00 2.573242000000000029e+00
3.723139999999999783e-01 1.783447000000000005e+00 6.835940000000000349e-01 2.700194999999999901e+00 2.557373000000000118e+00
3.686519999999999797e-01 1.782227000000000006e+00 6.799319999999999808e-01 2.705077999999999872e+00 2.583007999999999971e+00
3.649899999999999811e-01 1.772461000000000064e+00 6.750490000000000101e-01 2.691650000000000098e+00 2.563476999999999784e+00
3.613279999999999825e-01 1.766356999999999955e+00 6.701660000000000394e-01 2.690430000000000099e+00 2.553710999999999842e+00
3.576659999999999839e-01 1.765136999999999956e+00 6.689450000000000118e-01 2.684325999999999990e+00 2.554931999999999981e+00
3.564450000000000118e-01 1.762694999999999901e+00 6.652829999999999577e-01 2.681884999999999852e+00 2.545166000000000039e+00
3.527830000000000132e-01 1.757813000000000070e+00 6.640629999999999589e-01 2.680664000000000158e+00 2.543944999999999901e+00
3.503419999999999868e-01 1.754150000000000098e+00 6.628420000000000423e-01 2.680664000000000158e+00 2.554931999999999981e+00
3.491210000000000147e-01 1.752930000000000099e+00 6.603999999999999870e-01 2.670898000000000216e+00 2.554931999999999981e+00
3.430179999999999896e-01 1.745605000000000073e+00 6.591799999999999882e-01 2.664794999999999803e+00 2.548827999999999872e+00
3.405759999999999899e-01 1.748046999999999906e+00 6.591799999999999882e-01 2.661132999999999971e+00 2.553710999999999842e+00
3.369139999999999913e-01 1.740723000000000020e+00 6.542970000000000175e-01 2.661132999999999971e+00 2.548827999999999872e+00
3.344730000000000203e-01 1.738280999999999965e+00 6.530759999999999899e-01 2.661132999999999971e+00 2.563476999999999784e+00
3.320310000000000206e-01 1.734618999999999911e+00 6.518549999999999622e-01 2.656250000000000000e+00 2.553710999999999842e+00
3.295899999999999941e-01 1.733397999999999994e+00 6.506349999999999634e-01 2.651367000000000029e+00 2.553710999999999842e+00
3.271479999999999944e-01 1.733397999999999994e+00 6.494140000000000468e-01 2.651367000000000029e+00 2.543944999999999901e+00
3.234859999999999958e-01 1.724854000000000109e+00 6.494140000000000468e-01 2.644042999999999921e+00 2.548827999999999872e+00
3.210450000000000248e-01 1.723632999999999971e+00 6.457519999999999927e-01 2.641601999999999784e+00 2.553710999999999842e+00
3.198239999999999972e-01 1.723632999999999971e+00 6.457519999999999927e-01 2.641601999999999784e+00 2.543944999999999901e+00
3.173830000000000262e-01 1.723632999999999971e+00 6.445309999999999651e-01 2.641601999999999784e+00 2.537841999999999931e+00
3.173830000000000262e-01 1.723632999999999971e+00 6.445309999999999651e-01 2.641601999999999784e+00 2.537841999999999931e+00
3.149410000000000265e-01 1.716309000000000085e+00 6.445309999999999651e-01 2.634276999999999980e+00 2.547607000000000177e+00
3.125000000000000000e-01 1.713867000000000029e+00 6.433109999999999662e-01 2.636718999999999813e+00 2.553710999999999842e+00
3.112789999999999724e-01 1.713867000000000029e+00 6.408690000000000220e-01 2.631835999999999842e+00 2.545166000000000039e+00
3.100589999999999735e-01 1.708984000000000059e+00 6.408690000000000220e-01 2.631835999999999842e+00 2.537841999999999931e+00
3.088380000000000014e-01 1.707764000000000060e+00 6.408690000000000220e-01 2.631835999999999842e+00 2.546387000000000178e+00
3.076169999999999738e-01 1.705322000000000005e+00 6.408690000000000220e-01 2.626952999999999872e+00 2.547607000000000177e+00
3.051760000000000028e-01 1.704102000000000006e+00 6.408690000000000220e-01 2.623291000000000039e+00 2.548827999999999872e+00
3.027340000000000031e-01 1.704102000000000006e+00 6.420900000000000496e-01 2.615966999999999931e+00 2.543944999999999901e+00
3.027340000000000031e-01 1.704102000000000006e+00 6.408690000000000220e-01 2.622069999999999901e+00 2.520751999999999882e+00
3.002929999999999766e-01 1.699219000000000035e+00 6.396479999999999944e-01 2.622069999999999901e+00 2.532958999999999961e+00
2.990720000000000045e-01 1.699219000000000035e+00 6.408690000000000220e-01 2.617188000000000070e+00 2.547607000000000177e+00
2.978520000000000056e-01 1.695556999999999981e+00 6.408690000000000220e-01 2.615966999999999931e+00 2.545166000000000039e+00
2.978520000000000056e-01 1.695556999999999981e+00 6.408690000000000220e-01 2.614745999999999793e+00 2.528075999999999990e+00
2.941889999999999783e-01 1.694336000000000064e+00 6.396479999999999944e-01 2.612305000000000099e+00 2.525634999999999852e+00
2.929689999999999794e-01 1.694336000000000064e+00 6.408690000000000220e-01 2.612305000000000099e+00 2.524414000000000158e+00
2.929689999999999794e-01 1.691894999999999927e+00 6.408690000000000220e-01 2.612305000000000099e+00 2.524414000000000158e+00
2.905269999999999797e-01 1.694336000000000064e+00 6.396479999999999944e-01 2.612305000000000099e+00 2.524414000000000158e+00
2.893069999999999808e-01 1.689453000000000094e+00 6.396479999999999944e-01 2.612305000000000099e+00 2.517090000000000050e+00
2.893069999999999808e-01 1.694336000000000064e+00 6.396479999999999944e-01 2.613525000000000098e+00 2.526854999999999851e+00
2.893069999999999808e-01 1.689453000000000094e+00 6.396479999999999944e-01 2.606200999999999990e+00 2.524414000000000158e+00
2.880860000000000087e-01 1.684569999999999901e+00 6.396479999999999944e-01 2.603759999999999852e+00 2.496338000000000168e+00
2.880860000000000087e-01 1.685791000000000039e+00 6.396479999999999944e-01 2.603759999999999852e+00 2.495117000000000029e+00
2.856449999999999823e-01 1.684569999999999901e+00 6.408690000000000220e-01 2.603759999999999852e+00 2.496338000000000168e+00
2.844240000000000101e-01 1.684569999999999901e+00 6.396479999999999944e-01 2.602539000000000158e+00 2.495117000000000029e+00
2.844240000000000101e-01 1.684569999999999901e+00 6.396479999999999944e-01 2.602539000000000158e+00 2.495117000000000029e+00
2.844240000000000101e-01 1.684569999999999901e+00 6.396479999999999944e-01 2.602539000000000158e+00 2.504882999999999971e+00
2.832029999999999825e-01 1.684569999999999901e+00 6.396479999999999944e-01 2.602539000000000158e+00 2.509765999999999941e+00
2.807620000000000116e-01 1.684569999999999901e+00 6.396479999999999944e-01 2.602539000000000158e+00 2.517090000000000050e+00
2.795409999999999839e-01 1.684569999999999901e+00 6.347660000000000524e-01 2.602539000000000158e+00 2.524414000000000158e+00
2.795409999999999839e-01 1.678466999999999931e+00 6.359860000000000513e-01 2.596436000000000188e+00 2.517090000000000050e+00
2.783200000000000118e-01 1.676025000000000098e+00 6.335450000000000248e-01 2.593993999999999911e+00 2.514648000000000216e+00
2.783200000000000118e-01 1.674805000000000099e+00 6.335450000000000248e-01 2.592773000000000216e+00 2.504882999999999971e+00
2.783200000000000118e-01 1.674805000000000099e+00 6.335450000000000248e-01 2.592773000000000216e+00 2.508544999999999803e+00
2.783200000000000118e-01 1.677246000000000015e+00 6.359860000000000513e-01 2.592773000000000216e+00 2.524414000000000158e+00
2.746580000000000132e-01 1.674805000000000099e+00 6.347660000000000524e-01 2.592773000000000216e+00 2.514648000000000216e+00
2.746580000000000132e-01 1.674805000000000099e+00 6.359860000000000513e-01 2.592773000000000216e+00 2.514648000000000216e+00
2.746580000000000132e-01 1.674805000000000099e+00 6.396479999999999944e-01 2.592773000000000216e+00 2.506104000000000109e+00
2.758789999999999853e-01 1.674805000000000099e+00 6.408690000000000220e-01 2.592773000000000216e+00 2.514648000000000216e+00
2.783200000000000118e-01 1.674805000000000099e+00 6.433109999999999662e-01 2.595215000000000050e+00 2.514648000000000216e+00
2.783200000000000118e-01 1.674805000000000099e+00 6.457519999999999927e-01 2.592773000000000216e+00 2.510985999999999940e+00
2.795409999999999839e-01 1.676025000000000098e+00 6.494140000000000468e-01 2.596436000000000188e+00 2.524414000000000158e+00
2.819820000000000104e-01 1.678466999999999931e+00 6.506349999999999634e-01 2.602539000000000158e+00 2.514648000000000216e+00
2.832029999999999825e-01 1.679688000000000070e+00 6.530759999999999899e-01 2.602539000000000158e+00 2.514648000000000216e+00
2.844240000000000101e-01 1.684569999999999901e+00 6.555180000000000451e-01 2.602539000000000158e+00 2.517090000000000050e+00
2.856449999999999823e-01 1.684569999999999901e+00 6.591799999999999882e-01 2.602539000000000158e+00 2.525634999999999852e+00
2.880860000000000087e-01 1.684569999999999901e+00 6.591799999999999882e-01 2.606200999999999990e+00 2.524414000000000158e+00
2.893069999999999808e-01 1.687011999999999956e+00 6.591799999999999882e-01 2.612305000000000099e+00 2.509765999999999941e+00
2.917480000000000073e-01 1.694336000000000064e+00 6.616210000000000147e-01 2.612305000000000099e+00 2.534180000000000099e+00
2.929689999999999794e-01 1.694336000000000064e+00 6.640629999999999589e-01 2.612305000000000099e+00 2.524414000000000158e+00
2.941889999999999783e-01 1.694336000000000064e+00 6.689450000000000118e-01 2.614745999999999793e+00 2.524414000000000158e+00
2.978520000000000056e-01 1.697997999999999896e+00 6.701660000000000394e-01 2.622069999999999901e+00 2.524414000000000158e+00
3.027340000000000031e-01 1.704102000000000006e+00 6.787109999999999532e-01 2.622069999999999901e+00 2.526854999999999851e+00
3.076169999999999738e-01 1.713867000000000029e+00 6.848140000000000338e-01 2.631835999999999842e+00 2.543944999999999901e+00
3.173830000000000262e-01 1.723632999999999971e+00 6.982420000000000293e-01 2.642821999999999782e+00 2.534180000000000099e+00
3.234859999999999958e-01 1.733397999999999994e+00 7.043460000000000276e-01 2.651367000000000029e+00 2.534180000000000099e+00
3.295899999999999941e-01 1.734618999999999911e+00 7.080079999999999707e-01 2.661132999999999971e+00 2.543944999999999901e+00
3.369139999999999913e-01 1.743163999999999936e+00 7.116700000000000248e-01 2.662354000000000109e+00 2.553710999999999842e+00
3.417970000000000175e-01 1.748046999999999906e+00 7.141110000000000513e-01 2.674561000000000188e+00 2.553710999999999842e+00
3.417970000000000175e-01 1.748046999999999906e+00 7.141110000000000513e-01 2.674561000000000188e+00 2.553710999999999842e+00
3.466799999999999882e-01 1.752930000000000099e+00 7.177729999999999944e-01 2.680664000000000158e+00 2.543944999999999901e+00
3.515630000000000144e-01 1.757813000000000070e+00 7.177729999999999944e-01 2.681884999999999852e+00 2.557373000000000118e+00
3.540039999999999853e-01 1.762694999999999901e+00 7.177729999999999944e-01 2.690430000000000099e+00 2.564696999999999782e+00
3.576659999999999839e-01 1.766356999999999955e+00 7.177729999999999944e-01 2.690430000000000099e+00 2.573242000000000029e+00
3.613279999999999825e-01 1.772461000000000064e+00 7.177729999999999944e-01 2.694091999999999931e+00 2.574463000000000168e+00
3.662110000000000087e-01 1.772461000000000064e+00 7.189940000000000220e-01 2.700194999999999901e+00 2.564696999999999782e+00
3.674319999999999808e-01 1.773681999999999981e+00 7.189940000000000220e-01 2.709960999999999842e+00 2.576903999999999861e+00
3.710939999999999794e-01 1.782227000000000006e+00 7.214359999999999662e-01 2.709960999999999842e+00 2.592773000000000216e+00
3.735350000000000059e-01 1.782227000000000006e+00 7.189940000000000220e-01 2.709960999999999842e+00 2.592773000000000216e+00
3.759770000000000056e-01 1.782227000000000006e+00 7.214359999999999662e-01 2.713623000000000118e+00 2.592773000000000216e+00
3.784179999999999766e-01 1.791992000000000029e+00 7.226559999999999651e-01 2.719726999999999784e+00 2.578125000000000000e+00
3.820799999999999752e-01 1.791992000000000029e+00 7.226559999999999651e-01 2.719726999999999784e+00 2.597656000000000187e+00
3.857419999999999738e-01 1.793212999999999946e+00 7.238769999999999927e-01 2.723389000000000060e+00 2.606200999999999990e+00
3.857419999999999738e-01 1.796875000000000000e+00 7.275390000000000468e-01 2.723389000000000060e+00 2.602539000000000158e+00
3.869630000000000014e-01 1.801757999999999971e+00 7.238769999999999927e-01 2.734375000000000000e+00 2.592773000000000216e+00
3.906250000000000000e-01 1.801757999999999971e+00 7.275390000000000468e-01 2.729492000000000029e+00 2.593993999999999911e+00
3.906250000000000000e-01 1.801757999999999971e+00 7.275390000000000468e-01 2.730713000000000168e+00 2.593993999999999911e+00
3.918460000000000276e-01 1.804199000000000108e+00 7.250980000000000203e-01 2.734375000000000000e+00 2.586669999999999803e+00
3.955080000000000262e-01 1.802979000000000109e+00 7.238769999999999927e-01 2.739257999999999971e+00 2.606200999999999990e+00
3.955080000000000262e-01 1.811522999999999994e+00 7.226559999999999651e-01 2.739257999999999971e+00 2.613525000000000098e+00
3.955080000000000262e-01 1.811522999999999994e+00 7.214359999999999662e-01 2.739257999999999971e+00 2.612305000000000099e+00
3.955080000000000262e-01 1.811522999999999994e+00 7.189940000000000220e-01 2.739257999999999971e+00 2.612305000000000099e+00
3.955080000000000262e-01 1.811522999999999994e+00 7.189940000000000220e-01 2.739257999999999971e+00 2.604979999999999851e+00
3.955080000000000262e-01 1.811522999999999994e+00 7.189940000000000220e-01 2.739257999999999971e+00 2.622069999999999901e+00
3.967289999999999983e-01 1.811522999999999994e+00 7.214359999999999662e-01 2.740479000000000109e+00 2.612305000000000099e+00
3.967289999999999983e-01 1.812743999999999911e+00 7.238769999999999927e-01 2.740479000000000109e+00 2.602539000000000158e+00
3.991700000000000248e-01 1.816405999999999965e+00 7.312009999999999899e-01 2.742919999999999803e+00 2.602539000000000158e+00
4.052729999999999944e-01 1.821288999999999936e+00 7.385249999999999870e-01 2.758789000000000158e+00 2.597656000000000187e+00
4.113769999999999927e-01 1.831055000000000099e+00 7.580569999999999808e-01 2.760009999999999852e+00 2.622069999999999901e+00
4.211429999999999896e-01 1.844481999999999955e+00 7.812500000000000000e-01 2.772216999999999931e+00 2.615966999999999931e+00
4.370120000000000116e-01 1.866454999999999975e+00 8.105470000000000175e-01 2.797851999999999784e+00 2.631835999999999842e+00
4.553220000000000045e-01 1.889647999999999994e+00 8.386230000000000073e-01 2.817382999999999971e+00 2.642821999999999782e+00
4.736330000000000262e-01 1.910400000000000098e+00 8.642579999999999707e-01 2.847900000000000098e+00 2.661132999999999971e+00
4.943850000000000189e-01 1.938477000000000006e+00 8.837890000000000468e-01 2.866210999999999842e+00 2.662354000000000109e+00
5.126950000000000118e-01 1.958007999999999971e+00 8.972170000000000423e-01 2.886963000000000168e+00 2.684325999999999990e+00
5.322270000000000056e-01 1.977538999999999936e+00 9.094240000000000101e-01 2.905273000000000216e+00 2.702637000000000178e+00
5.480960000000000276e-01 1.990966999999999931e+00 9.179690000000000349e-01 2.924805000000000099e+00 2.729492000000000029e+00
5.603029999999999955e-01 2.006835999999999842e+00 9.228520000000000056e-01 2.935791000000000039e+00 2.729492000000000029e+00
5.712890000000000468e-01 2.016601999999999784e+00 9.228520000000000056e-01 2.956542999999999921e+00 2.729492000000000029e+00
5.810549999999999882e-01 2.026367000000000029e+00 9.228520000000000056e-01 2.957764000000000060e+00 2.734375000000000000e+00
5.859379999999999589e-01 2.036132999999999971e+00 9.155269999999999797e-01 2.973632999999999971e+00 2.740479000000000109e+00
5.920410000000000394e-01 2.039794999999999803e+00 9.130859999999999532e-01 2.974854000000000109e+00 2.749023000000000216e+00
5.969240000000000101e-01 2.047118999999999911e+00 9.082029999999999825e-01 2.983398000000000216e+00 2.741699000000000108e+00
6.005859999999999532e-01 2.047118999999999911e+00 9.033200000000000118e-01 2.983398000000000216e+00 2.761229999999999851e+00
6.018069999999999808e-01 2.050781000000000187e+00 8.947749999999999870e-01 2.983398000000000216e+00 2.772216999999999931e+00
6.054690000000000349e-01 2.055664000000000158e+00 8.935549999999999882e-01 2.984618999999999911e+00 2.780762000000000178e+00
6.042480000000000073e-01 2.049561000000000188e+00 8.837890000000000468e-01 2.988281000000000187e+00 2.768555000000000099e+00
6.042480000000000073e-01 2.055664000000000158e+00 8.789059999999999651e-01 2.984618999999999911e+00 2.768555000000000099e+00
6.030269999999999797e-01 2.055664000000000158e+00 8.740229999999999944e-01 2.985840000000000050e+00 2.758789000000000158e+00
6.018069999999999808e-01 2.055664000000000158e+00 8.654789999999999983e-01 2.983398000000000216e+00 2.758789000000000158e+00
6.018069999999999808e-01 2.055664000000000158e+00 8.605960000000000276e-01 2.983398000000000216e+00 2.760009999999999852e+00
6.005859999999999532e-01 2.050781000000000187e+00 8.544920000000000293e-01 2.983398000000000216e+00 2.760009999999999852e+00
5.969240000000000101e-01 2.050781000000000187e+00 8.459470000000000045e-01 2.983398000000000216e+00 2.760009999999999852e+00
5.920410000000000394e-01 2.045898000000000216e+00 8.386230000000000073e-01 2.974854000000000109e+00 2.760009999999999852e+00
5.908200000000000118e-01 2.039794999999999803e+00 8.288569999999999549e-01 2.973632999999999971e+00 2.749023000000000216e+00
5.859379999999999589e-01 2.038574000000000108e+00 8.190920000000000423e-01 2.973632999999999971e+00 2.751465000000000050e+00
5.810549999999999882e-01 2.031250000000000000e+00 8.154299999999999882e-01 2.963867000000000029e+00 2.760009999999999852e+00
5.773930000000000451e-01 2.031250000000000000e+00 8.166499999999999870e-01 2.963867000000000029e+00 2.760009999999999852e+00
5.761720000000000175e-01 2.026367000000000029e+00 8.166499999999999870e-01 2.957764000000000060e+00 2.758789000000000158e+00
5.761720000000000175e-01 2.036132999999999971e+00 8.215329999999999577e-01 2.963867000000000029e+00 2.739257999999999971e+00
5.773930000000000451e-01 2.032471000000000139e+00 8.276369999999999560e-01 2.957764000000000060e+00 2.742919999999999803e+00
5.761720000000000175e-01 2.036132999999999971e+00 8.312990000000000101e-01 2.963867000000000029e+00 2.749023000000000216e+00
5.773930000000000451e-01 2.036132999999999971e+00 8.349609999999999532e-01 2.963867000000000029e+00 2.749023000000000216e+00
5.761720000000000175e-01 2.037354000000000109e+00 8.312990000000000101e-01 2.963867000000000029e+00 2.749023000000000216e+00
5.749509999999999899e-01 2.036132999999999971e+00 8.264160000000000394e-01 2.966308999999999862e+00 2.750243999999999911e+00
5.725099999999999634e-01 2.036132999999999971e+00 8.251950000000000118e-01 2.963867000000000029e+00 2.749023000000000216e+00
5.712890000000000468e-01 2.036132999999999971e+00 8.166499999999999870e-01 2.958984000000000059e+00 2.750243999999999911e+00
5.664059999999999651e-01 2.028808999999999862e+00 8.154299999999999882e-01 2.954101999999999784e+00 2.749023000000000216e+00
5.639650000000000496e-01 2.027588000000000168e+00 8.093259999999999899e-01 2.954101999999999784e+00 2.749023000000000216e+00
5.615229999999999944e-01 2.026367000000000029e+00 8.068849999999999634e-01 2.958984000000000059e+00 2.751465000000000050e+00
5.578610000000000513e-01 2.022705000000000197e+00 8.056640000000000468e-01 2.949218999999999813e+00 2.750243999999999911e+00
5.554200000000000248e-01 2.026367000000000029e+00 8.007809999999999651e-01 2.946776999999999980e+00 2.749023000000000216e+00
5.529789999999999983e-01 2.019042999999999921e+00 8.020019999999999927e-01 2.944335999999999842e+00 2.741699000000000108e+00
5.517579999999999707e-01 2.017821999999999782e+00 8.020019999999999927e-01 2.944335999999999842e+00 2.758789000000000158e+00
5.517579999999999707e-01 2.017821999999999782e+00 8.007809999999999651e-01 2.944335999999999842e+00 2.740479000000000109e+00
5.517579999999999707e-01 2.017821999999999782e+00 8.007809999999999651e-01 2.944335999999999842e+00 2.740479000000000109e+00
5.480960000000000276e-01 2.017821999999999782e+00 8.020019999999999927e-01 2.944335999999999842e+00 2.741699000000000108e+00
5.480960000000000276e-01 2.019042999999999921e+00 8.056640000000000468e-01 2.944335999999999842e+00 2.750243999999999911e+00
5.468750000000000000e-01 2.019042999999999921e+00 8.068849999999999634e-01 2.944335999999999842e+00 2.749023000000000216e+00
5.480960000000000276e-01 2.026367000000000029e+00 8.093259999999999899e-01 2.944335999999999842e+00 2.749023000000000216e+00
5.480960000000000276e-01 2.026367000000000029e+00 8.154299999999999882e-01 2.945556999999999981e+00 2.739257999999999971e+00
5.517579999999999707e-01 2.026367000000000029e+00 8.154299999999999882e-01 2.946776999999999980e+00 2.734375000000000000e+00
5.517579999999999707e-01 2.031250000000000000e+00 8.178710000000000147e-01 2.946776999999999980e+00 2.749023000000000216e+00
5.517579999999999707e-01 2.031250000000000000e+00 8.215329999999999577e-01 2.954101999999999784e+00 2.742919999999999803e+00
5.517579999999999707e-01 2.036132999999999971e+00 8.203129999999999589e-01 2.954101999999999784e+00 2.758789000000000158e+00
5.517579999999999707e-01 2.036132999999999971e+00 8.190920000000000423e-01 2.954101999999999784e+00 2.755126999999999882e+00
5.517579999999999707e-01 2.036132999999999971e+00 8.166499999999999870e-01 2.954101999999999784e+00 2.762450999999999990e+00
5.480960000000000276e-01 2.036132999999999971e+00 8.117680000000000451e-01 2.954101999999999784e+00 2.768555000000000099e+00
5.468750000000000000e-01 2.031250000000000000e+00 8.056640000000000468e-01 2.954101999999999784e+00 2.758789000000000158e+00
5.456539999999999724e-01 2.026367000000000029e+00 8.007809999999999651e-01 2.955321999999999782e+00 2.749023000000000216e+00
5.419920000000000293e-01 2.026367000000000029e+00 7.958979999999999944e-01 2.944335999999999842e+00 2.734375000000000000e+00
5.371089999999999476e-01 2.017821999999999782e+00 7.897950000000000248e-01 2.944335999999999842e+00 2.752686000000000188e+00
5.334470000000000045e-01 2.019042999999999921e+00 7.861329999999999707e-01 2.937012000000000178e+00 2.758789000000000158e+00
5.322270000000000056e-01 2.016601999999999784e+00 7.775879999999999459e-01 2.935791000000000039e+00 2.749023000000000216e+00
5.236819999999999808e-01 2.006835999999999842e+00 7.727049999999999752e-01 2.934569999999999901e+00 2.730713000000000168e+00
5.187990000000000101e-01 2.001952999999999872e+00 7.678220000000000045e-01 2.928466999999999931e+00 2.739257999999999971e+00
5.139160000000000394e-01 1.997069999999999901e+00 7.617190000000000349e-01 2.926025000000000098e+00 2.719726999999999784e+00
5.126950000000000118e-01 1.990966999999999931e+00 7.568359999999999532e-01 2.924805000000000099e+00 2.709960999999999842e+00
5.053710000000000147e-01 1.987305000000000099e+00 7.519529999999999825e-01 2.915039000000000158e+00 2.719726999999999784e+00
5.029299999999999882e-01 1.981200999999999990e+00 7.470700000000000118e-01 2.910156000000000187e+00 2.719726999999999784e+00
4.956050000000000177e-01 1.971435999999999966e+00 7.434079999999999577e-01 2.905273000000000216e+00 2.719726999999999784e+00
4.907230000000000203e-01 1.970215000000000050e+00 7.373049999999999882e-01 2.899169999999999803e+00 2.719726999999999784e+00
4.846190000000000220e-01 1.967772999999999994e+00 7.336430000000000451e-01 2.895507999999999971e+00 2.702637000000000178e+00
4.797359999999999958e-01 1.960449000000000108e+00 7.287599999999999634e-01 2.895507999999999971e+00 2.719726999999999784e+00
4.736330000000000262e-01 1.958007999999999971e+00 7.238769999999999927e-01 2.890625000000000000e+00 2.709960999999999842e+00
4.687500000000000000e-01 1.953125000000000000e+00 7.202150000000000496e-01 2.879639000000000060e+00 2.709960999999999842e+00
4.638669999999999738e-01 1.948242000000000029e+00 7.189940000000000220e-01 2.874756000000000089e+00 2.691650000000000098e+00
4.589840000000000031e-01 1.939697000000000005e+00 7.141110000000000513e-01 2.869873000000000118e+00 2.690430000000000099e+00
4.541020000000000056e-01 1.938477000000000006e+00 7.116700000000000248e-01 2.866210999999999842e+00 2.680664000000000158e+00
4.492189999999999794e-01 1.929931999999999981e+00 7.080079999999999707e-01 2.860107000000000177e+00 2.691650000000000098e+00
4.443360000000000087e-01 1.922606999999999955e+00 7.043460000000000276e-01 2.856444999999999901e+00 2.674561000000000188e+00
4.394529999999999825e-01 1.918944999999999901e+00 7.031250000000000000e-01 2.856444999999999901e+00 2.690430000000000099e+00
4.345700000000000118e-01 1.918944999999999901e+00 6.982420000000000293e-01 2.846680000000000099e+00 2.683104999999999851e+00
4.296880000000000144e-01 1.909180000000000099e+00 6.982420000000000293e-01 2.838134999999999852e+00 2.695313000000000070e+00
4.248049999999999882e-01 1.909180000000000099e+00 6.945799999999999752e-01 2.839354999999999851e+00 2.690430000000000099e+00
4.211429999999999896e-01 1.900635000000000074e+00 6.933589999999999476e-01 2.836914000000000158e+00 2.680664000000000158e+00
4.174800000000000177e-01 1.899413999999999936e+00 6.933589999999999476e-01 2.836914000000000158e+00 2.670898000000000216e+00
4.150389999999999913e-01 1.894530999999999965e+00 6.933589999999999476e-01 2.828368999999999911e+00 2.670898000000000216e+00
4.101560000000000206e-01 1.890868999999999911e+00 6.933589999999999476e-01 2.827148000000000216e+00 2.653808999999999862e+00
4.077149999999999941e-01 1.889647999999999994e+00 6.933589999999999476e-01 2.827148000000000216e+00 2.670898000000000216e+00
4.052729999999999944e-01 1.889647999999999994e+00 6.921389999999999487e-01 2.817382999999999971e+00 2.670898000000000216e+00
4.040529999999999955e-01 1.883545000000000025e+00 6.909180000000000321e-01 2.817382999999999971e+00 2.663574000000000108e+00
4.003909999999999969e-01 1.879882999999999971e+00 6.896970000000000045e-01 2.817382999999999971e+00 2.672118999999999911e+00
3.955080000000000262e-01 1.879882999999999971e+00 6.884770000000000056e-01 2.811278999999999861e+00 2.670898000000000216e+00
3.918460000000000276e-01 1.872559000000000085e+00 6.848140000000000338e-01 2.807617000000000029e+00 2.651367000000000029e+00
3.894039999999999724e-01 1.870117000000000029e+00 6.835940000000000349e-01 2.807617000000000029e+00 2.651367000000000029e+00
3.869630000000000014e-01 1.870117000000000029e+00 6.823730000000000073e-01 2.799071999999999782e+00 2.661132999999999971e+00
3.820799999999999752e-01 1.864014000000000060e+00 6.799319999999999808e-01 2.797851999999999784e+00 2.644042999999999921e+00
3.796390000000000042e-01 1.860352000000000006e+00 6.774900000000000366e-01 2.797851999999999784e+00 2.661132999999999971e+00
3.759770000000000056e-01 1.860352000000000006e+00 6.738279999999999825e-01 2.792968999999999813e+00 2.651367000000000029e+00
3.723139999999999783e-01 1.851806999999999981e+00 6.726069999999999549e-01 2.788085999999999842e+00 2.651367000000000029e+00
3.698730000000000073e-01 1.851806999999999981e+00 6.701660000000000394e-01 2.781982000000000177e+00 2.652588000000000168e+00
3.674319999999999808e-01 1.845703000000000094e+00 6.701660000000000394e-01 2.778319999999999901e+00 2.641601999999999784e+00
3.649899999999999811e-01 1.842041000000000039e+00 6.701660000000000394e-01 2.778319999999999901e+00 2.637938999999999812e+00
3.601070000000000104e-01 1.840819999999999901e+00 6.701660000000000394e-01 2.772216999999999931e+00 2.655028999999999861e+00
3.588870000000000116e-01 1.840819999999999901e+00 6.701660000000000394e-01 2.770995999999999793e+00 2.641601999999999784e+00
3.588870000000000116e-01 1.840819999999999901e+00 6.701660000000000394e-01 2.770995999999999793e+00 2.641601999999999784e+00
3.564450000000000118e-01 1.835938000000000070e+00 6.689450000000000118e-01 2.770995999999999793e+00 2.636718999999999813e+00
3.564450000000000118e-01 1.834716999999999931e+00 6.689450000000000118e-01 2.768555000000000099e+00 2.641601999999999784e+00
3.540039999999999853e-01 1.831055000000000099e+00 6.689450000000000118e-01 2.768555000000000099e+00 2.641601999999999784e+00
3.515630000000000144e-01 1.831055000000000099e+00 6.689450000000000118e-01 2.762450999999999990e+00 2.636718999999999813e+00
3.491210000000000147e-01 1.831055000000000099e+00 6.689450000000000118e-01 2.761229999999999851e+00 2.631835999999999842e+00
3.478999999999999870e-01 1.824950999999999990e+00 6.689450000000000118e-01 2.758789000000000158e+00 2.623291000000000039e+00
3.466799999999999882e-01 1.822510000000000074e+00 6.652829999999999577e-01 2.758789000000000158e+00 2.631835999999999842e+00
3.466799999999999882e-01 1.822510000000000074e+00 6.652829999999999577e-01 2.758789000000000158e+00 2.631835999999999842e+00
3.442379999999999884e-01 1.821288999999999936e+00 6.640629999999999589e-01 2.758789000000000158e+00 2.622069999999999901e+00
3.417970000000000175e-01 1.818848000000000020e+00 6.628420000000000423e-01 2.751465000000000050e+00 2.631835999999999842e+00
3.405759999999999899e-01 1.816405999999999965e+00 6.628420000000000423e-01 2.751465000000000050e+00 2.623291000000000039e+00
3.381350000000000189e-01 1.812743999999999911e+00 6.603999999999999870e-01 2.750243999999999911e+00 2.631835999999999842e+00
3.369139999999999913e-01 1.812743999999999911e+00 6.591799999999999882e-01 2.749023000000000216e+00 2.612305000000000099e+00
3.332519999999999927e-01 1.809082000000000079e+00 6.591799999999999882e-01 2.741699000000000108e+00 2.613525000000000098e+00
3.308110000000000217e-01 1.802979000000000109e+00 6.555180000000000451e-01 2.739257999999999971e+00 2.613525000000000098e+00
3.283690000000000220e-01 1.802979000000000109e+00 6.555180000000000451e-01 2.739257999999999971e+00 2.615966999999999931e+00
3.271479999999999944e-01 1.801757999999999971e+00 6.542970000000000175e-01 2.739257999999999971e+00 2.622069999999999901e+00
3.247070000000000234e-01 1.801757999999999971e+00 6.555180000000000451e-01 2.739257999999999971e+00 2.615966999999999931e+00
3.234859999999999958e-01 1.801757999999999971e+00 6.591799999999999882e-01 2.735596000000000139e+00 2.624512000000000178e+00
3.234859999999999958e-01 1.801757999999999971e+00 6.591799999999999882e-01 2.739257999999999971e+00 2.615966999999999931e+00
3.234859999999999958e-01 1.795654000000000083e+00 6.628420000000000423e-01 2.734375000000000000e+00 2.622069999999999901e+00
3.234859999999999958e-01 1.801757999999999971e+00 6.689450000000000118e-01 2.734375000000000000e+00 2.615966999999999931e+00
3.247070000000000234e-01 1.801757999999999971e+00 6.701660000000000394e-01 2.734375000000000000e+00 2.624512000000000178e+00
3.271479999999999944e-01 1.801757999999999971e+00 6.787109999999999532e-01 2.739257999999999971e+00 2.631835999999999842e+00
3.308110000000000217e-01 1.811522999999999994e+00 6.884770000000000056e-01 2.740479000000000109e+00 2.624512000000000178e+00
3.381350000000000189e-01 1.816405999999999965e+00 7.019039999999999724e-01 2.750243999999999911e+00 2.633056999999999981e+00
3.381350000000000189e-01 1.816405999999999965e+00 7.019039999999999724e-01 2.750243999999999911e+00 2.633056999999999981e+00
3.466799999999999882e-01 1.824950999999999990e+00 7.128910000000000524e-01 2.758789000000000158e+00 2.622069999999999901e+00
