1.110840000000000022e-01 1.276855000000000073e+00 5.444339999999999735e-01 2.163085999999999842e+00 2.211914000000000158e+00
1.110840000000000022e-01 1.276855000000000073e+00 5.432129999999999459e-01 2.163085999999999842e+00 2.215575999999999990e+00
1.110840000000000022e-01 1.275635000000000074e+00 5.432129999999999459e-01 2.163085999999999842e+00 2.222900000000000098e+00
1.110840000000000022e-01 1.276855000000000073e+00 5.432129999999999459e-01 2.156982000000000177e+00 2.203368999999999911e+00
1.110840000000000022e-01 1.276855000000000073e+00 5.456539999999999724e-01 2.163085999999999842e+00 2.203368999999999911e+00
1.110840000000000022e-01 1.276855000000000073e+00 5.444339999999999735e-01 2.163085999999999842e+00 2.202148000000000216e+00
1.110840000000000022e-01 1.276855000000000073e+00 5.432129999999999459e-01 2.164306999999999981e+00 2.202148000000000216e+00
1.110840000000000022e-01 1.278075999999999990e+00 5.456539999999999724e-01 2.163085999999999842e+00 2.202148000000000216e+00
1.110840000000000022e-01 1.276855000000000073e+00 5.468750000000000000e-01 2.163085999999999842e+00 2.204590000000000050e+00
1.123050000000000020e-01 1.279296999999999906e+00 5.456539999999999724e-01 2.163085999999999842e+00 2.226563000000000070e+00
1.123050000000000020e-01 1.284180000000000099e+00 5.480960000000000276e-01 2.165526999999999980e+00 2.231444999999999901e+00
1.147460000000000008e-01 1.287841999999999931e+00 5.578610000000000513e-01 2.166748000000000118e+00 2.211914000000000158e+00
1.232909999999999978e-01 1.304931999999999981e+00 5.859379999999999589e-01 2.182617000000000029e+00 2.211914000000000158e+00
1.403810000000000058e-01 1.333007999999999971e+00 6.298829999999999707e-01 2.211914000000000158e+00 2.231444999999999901e+00
1.684569999999999956e-01 1.381836000000000064e+00 6.884770000000000056e-01 2.260742000000000029e+00 2.260742000000000029e+00
2.075200000000000100e-01 1.444091999999999931e+00 7.482910000000000394e-01 2.329101999999999784e+00 2.301025000000000098e+00
2.075200000000000100e-01 1.444091999999999931e+00 7.482910000000000394e-01 2.329101999999999784e+00 2.301025000000000098e+00
3.100589999999999735e-01 1.616211000000000064e+00 8.605960000000000276e-01 2.498778999999999861e+00 2.387694999999999901e+00
3.625490000000000101e-01 1.688231999999999955e+00 8.996579999999999577e-01 2.583007999999999971e+00 2.436523000000000216e+00
4.150389999999999913e-01 1.752930000000000099e+00 9.326170000000000293e-01 2.651367000000000029e+00 2.487792999999999921e+00
4.577640000000000042e-01 1.811522999999999994e+00 9.521479999999999944e-01 2.709960999999999842e+00 2.546387000000000178e+00
4.968259999999999899e-01 1.851806999999999981e+00 9.631349999999999634e-01 2.758789000000000158e+00 2.584229000000000109e+00
5.285640000000000338e-01 1.889647999999999994e+00 9.716799999999999882e-01 2.800292999999999921e+00 2.602539000000000158e+00
5.554200000000000248e-01 1.918944999999999901e+00 9.765629999999999589e-01 2.832031000000000187e+00 2.615966999999999931e+00
5.761720000000000175e-01 1.948242000000000029e+00 9.777829999999999577e-01 2.858887000000000178e+00 2.652588000000000168e+00
5.944819999999999549e-01 1.967772999999999994e+00 9.753420000000000423e-01 2.885742000000000029e+00 2.661132999999999971e+00
6.103520000000000056e-01 1.979980000000000073e+00 9.716799999999999882e-01 2.896729000000000109e+00 2.656250000000000000e+00
6.201170000000000293e-01 1.997069999999999901e+00 9.680180000000000451e-01 2.915039000000000158e+00 2.680664000000000158e+00
6.262210000000000276e-01 2.006835999999999842e+00 9.619140000000000468e-01 2.924805000000000099e+00 2.694091999999999931e+00
6.323239999999999972e-01 2.016601999999999784e+00 9.533690000000000220e-01 2.934569999999999901e+00 2.709960999999999842e+00
6.396479999999999944e-01 2.021484000000000059e+00 9.521479999999999944e-01 2.944335999999999842e+00 2.709960999999999842e+00
6.408690000000000220e-01 2.031250000000000000e+00 9.484860000000000513e-01 2.954101999999999784e+00 2.709960999999999842e+00
6.445309999999999651e-01 2.036132999999999971e+00 9.472660000000000524e-01 2.954101999999999784e+00 2.720946999999999782e+00
6.445309999999999651e-01 2.036132999999999971e+00 9.472660000000000524e-01 2.954101999999999784e+00 2.720946999999999782e+00
6.506349999999999634e-01 2.045898000000000216e+00 9.423829999999999707e-01 2.963867000000000029e+00 2.719726999999999784e+00
6.530759999999999899e-01 2.045898000000000216e+00 9.375000000000000000e-01 2.973632999999999971e+00 2.723389000000000060e+00
6.530759999999999899e-01 2.055664000000000158e+00 9.326170000000000293e-01 2.973632999999999971e+00 2.730713000000000168e+00
6.530759999999999899e-01 2.055664000000000158e+00 9.228520000000000056e-01 2.973632999999999971e+00 2.734375000000000000e+00
6.506349999999999634e-01 2.050781000000000187e+00 9.130859999999999532e-01 2.973632999999999971e+00 2.740479000000000109e+00
6.494140000000000468e-01 2.055664000000000158e+00 9.033200000000000118e-01 2.973632999999999971e+00 2.729492000000000029e+00
6.469730000000000203e-01 2.047118999999999911e+00 8.935549999999999882e-01 2.973632999999999971e+00 2.729492000000000029e+00
6.433109999999999662e-01 2.045898000000000216e+00 8.837890000000000468e-01 2.965088000000000168e+00 2.719726999999999784e+00
6.359860000000000513e-01 2.038574000000000108e+00 8.703610000000000513e-01 2.963867000000000029e+00 2.712401999999999980e+00
6.311039999999999983e-01 2.037354000000000109e+00 8.642579999999999707e-01 2.954101999999999784e+00 2.729492000000000029e+00
6.298829999999999707e-01 2.036132999999999971e+00 8.569339999999999735e-01 2.954101999999999784e+00 2.720946999999999782e+00
6.250000000000000000e-01 2.036132999999999971e+00 8.508299999999999752e-01 2.954101999999999784e+00 2.719726999999999784e+00
6.201170000000000293e-01 2.031250000000000000e+00 8.459470000000000045e-01 2.954101999999999784e+00 2.719726999999999784e+00
6.164549999999999752e-01 2.027588000000000168e+00 8.447270000000000056e-01 2.954101999999999784e+00 2.719726999999999784e+00
6.115720000000000045e-01 2.026367000000000029e+00 8.410640000000000338e-01 2.944335999999999842e+00 2.719726999999999784e+00
6.115720000000000045e-01 2.026367000000000029e+00 8.422849999999999504e-01 2.944335999999999842e+00 2.719726999999999784e+00
6.103520000000000056e-01 2.026367000000000029e+00 8.447270000000000056e-01 2.945556999999999981e+00 2.700194999999999901e+00
6.103520000000000056e-01 2.026367000000000029e+00 8.447270000000000056e-01 2.944335999999999842e+00 2.694091999999999931e+00
6.066890000000000338e-01 2.031250000000000000e+00 8.410640000000000338e-01 2.945556999999999981e+00 2.703857000000000177e+00
6.054690000000000349e-01 2.026367000000000029e+00 8.398440000000000349e-01 2.945556999999999981e+00 2.700194999999999901e+00
6.054690000000000349e-01 2.026367000000000029e+00 8.398440000000000349e-01 2.938232000000000177e+00 2.681884999999999852e+00
6.042480000000000073e-01 2.026367000000000029e+00 8.398440000000000349e-01 2.944335999999999842e+00 2.690430000000000099e+00
6.018069999999999808e-01 2.026367000000000029e+00 8.398440000000000349e-01 2.944335999999999842e+00 2.700194999999999901e+00
6.018069999999999808e-01 2.026367000000000029e+00 8.398440000000000349e-01 2.944335999999999842e+00 2.709960999999999842e+00
5.969240000000000101e-01 2.017821999999999782e+00 8.349609999999999532e-01 2.944335999999999842e+00 2.700194999999999901e+00
5.932619999999999560e-01 2.021484000000000059e+00 8.251950000000000118e-01 2.937012000000000178e+00 2.709960999999999842e+00
5.932619999999999560e-01 2.021484000000000059e+00 8.251950000000000118e-01 2.937012000000000178e+00 2.709960999999999842e+00
5.932619999999999560e-01 2.021484000000000059e+00 8.251950000000000118e-01 2.937012000000000178e+00 2.709960999999999842e+00
5.908200000000000118e-01 2.016601999999999784e+00 8.251950000000000118e-01 2.935791000000000039e+00 2.691650000000000098e+00
5.871579999999999577e-01 2.016601999999999784e+00 8.203129999999999589e-01 2.934569999999999901e+00 2.690430000000000099e+00
5.847170000000000423e-01 2.009276999999999980e+00 8.178710000000000147e-01 2.934569999999999901e+00 2.692870999999999793e+00
5.822749999999999870e-01 2.006835999999999842e+00 8.166499999999999870e-01 2.934569999999999901e+00 2.719726999999999784e+00
5.822749999999999870e-01 2.008056999999999981e+00 8.166499999999999870e-01 2.934569999999999901e+00 2.711181999999999981e+00
5.822749999999999870e-01 2.008056999999999981e+00 8.190920000000000423e-01 2.932129000000000207e+00 2.711181999999999981e+00
5.822749999999999870e-01 2.011718999999999813e+00 8.325200000000000378e-01 2.934569999999999901e+00 2.701416000000000039e+00
5.859379999999999589e-01 2.016601999999999784e+00 8.447270000000000056e-01 2.937012000000000178e+00 2.719726999999999784e+00
5.908200000000000118e-01 2.020264000000000060e+00 8.544920000000000293e-01 2.944335999999999842e+00 2.719726999999999784e+00
5.957029999999999825e-01 2.031250000000000000e+00 8.605960000000000276e-01 2.954101999999999784e+00 2.722167999999999921e+00
6.005859999999999532e-01 2.036132999999999971e+00 8.691410000000000524e-01 2.958984000000000059e+00 2.739257999999999971e+00
6.054690000000000349e-01 2.045898000000000216e+00 8.740229999999999944e-01 2.963867000000000029e+00 2.739257999999999971e+00
6.066890000000000338e-01 2.049561000000000188e+00 8.740229999999999944e-01 2.968750000000000000e+00 2.734375000000000000e+00
6.103520000000000056e-01 2.050781000000000187e+00 8.740229999999999944e-01 2.973632999999999971e+00 2.750243999999999911e+00
6.103520000000000056e-01 2.055664000000000158e+00 8.654789999999999983e-01 2.973632999999999971e+00 2.742919999999999803e+00
6.103520000000000056e-01 2.055664000000000158e+00 8.593750000000000000e-01 2.974854000000000109e+00 2.739257999999999971e+00
6.054690000000000349e-01 2.050781000000000187e+00 8.544920000000000293e-01 2.973632999999999971e+00 2.730713000000000168e+00
6.030269999999999797e-01 2.047118999999999911e+00 8.459470000000000045e-01 2.973632999999999971e+00 2.734375000000000000e+00
6.005859999999999532e-01 2.045898000000000216e+00 8.447270000000000056e-01 2.973632999999999971e+00 2.749023000000000216e+00
6.005859999999999532e-01 2.045898000000000216e+00 8.447270000000000056e-01 2.973632999999999971e+00 2.749023000000000216e+00
6.005859999999999532e-01 2.048340000000000050e+00 8.447270000000000056e-01 2.968750000000000000e+00 2.739257999999999971e+00
6.005859999999999532e-01 2.047118999999999911e+00 8.447270000000000056e-01 2.968750000000000000e+00 2.739257999999999971e+00
5.969240000000000101e-01 2.045898000000000216e+00 8.447270000000000056e-01 2.973632999999999971e+00 2.739257999999999971e+00
5.969240000000000101e-01 2.047118999999999911e+00 8.447270000000000056e-01 2.968750000000000000e+00 2.739257999999999971e+00
5.957029999999999825e-01 2.047118999999999911e+00 8.410640000000000338e-01 2.968750000000000000e+00 2.739257999999999971e+00
5.920410000000000394e-01 2.045898000000000216e+00 8.349609999999999532e-01 2.966308999999999862e+00 2.739257999999999971e+00
5.908200000000000118e-01 2.045898000000000216e+00 8.276369999999999560e-01 2.965088000000000168e+00 2.722167999999999921e+00
5.871579999999999577e-01 2.037354000000000109e+00 8.215329999999999577e-01 2.965088000000000168e+00 2.729492000000000029e+00
5.822749999999999870e-01 2.037354000000000109e+00 8.190920000000000423e-01 2.963867000000000029e+00 2.720946999999999782e+00
5.810549999999999882e-01 2.036132999999999971e+00 8.154299999999999882e-01 2.958984000000000059e+00 2.729492000000000029e+00
5.761720000000000175e-01 2.036132999999999971e+00 8.117680000000000451e-01 2.954101999999999784e+00 2.729492000000000029e+00
5.737299999999999622e-01 2.031250000000000000e+00 8.154299999999999882e-01 2.954101999999999784e+00 2.729492000000000029e+00
5.725099999999999634e-01 2.036132999999999971e+00 8.166499999999999870e-01 2.957764000000000060e+00 2.720946999999999782e+00
5.725099999999999634e-01 2.038574000000000108e+00 8.215329999999999577e-01 2.954101999999999784e+00 2.719726999999999784e+00
5.737299999999999622e-01 2.037354000000000109e+00 8.264160000000000394e-01 2.954101999999999784e+00 2.729492000000000029e+00
5.761720000000000175e-01 2.045898000000000216e+00 8.349609999999999532e-01 2.963867000000000029e+00 2.730713000000000168e+00
5.810549999999999882e-01 2.047118999999999911e+00 8.447270000000000056e-01 2.963867000000000029e+00 2.729492000000000029e+00
5.822749999999999870e-01 2.050781000000000187e+00 8.544920000000000293e-01 2.968750000000000000e+00 2.734375000000000000e+00
5.871579999999999577e-01 2.058104999999999851e+00 8.642579999999999707e-01 2.973632999999999971e+00 2.758789000000000158e+00
5.969240000000000101e-01 2.069091999999999931e+00 8.752440000000000220e-01 2.983398000000000216e+00 2.768555000000000099e+00
6.005859999999999532e-01 2.075194999999999901e+00 8.752440000000000220e-01 2.993164000000000158e+00 2.761229999999999851e+00
6.018069999999999808e-01 2.077637000000000178e+00 8.740229999999999944e-01 2.994384999999999852e+00 2.762450999999999990e+00
6.018069999999999808e-01 2.078857000000000177e+00 8.703610000000000513e-01 2.995604999999999851e+00 2.768555000000000099e+00
6.018069999999999808e-01 2.077637000000000178e+00 8.642579999999999707e-01 2.994384999999999852e+00 2.758789000000000158e+00
6.005859999999999532e-01 2.076416000000000039e+00 8.557129999999999459e-01 2.993164000000000158e+00 2.749023000000000216e+00
6.005859999999999532e-01 2.075194999999999901e+00 8.508299999999999752e-01 2.993164000000000158e+00 2.751465000000000050e+00
5.969240000000000101e-01 2.075194999999999901e+00 8.483889999999999487e-01 2.993164000000000158e+00 2.768555000000000099e+00
5.957029999999999825e-01 2.075194999999999901e+00 8.459470000000000045e-01 2.993164000000000158e+00 2.762450999999999990e+00
5.932619999999999560e-01 2.075194999999999901e+00 8.447270000000000056e-01 2.987061000000000188e+00 2.762450999999999990e+00
5.932619999999999560e-01 2.075194999999999901e+00 8.447270000000000056e-01 2.993164000000000158e+00 2.758789000000000158e+00
5.908200000000000118e-01 2.075194999999999901e+00 8.410640000000000338e-01 2.993164000000000158e+00 2.758789000000000158e+00
5.908200000000000118e-01 2.075194999999999901e+00 8.361819999999999808e-01 2.988281000000000187e+00 2.758789000000000158e+00
5.871579999999999577e-01 2.069091999999999931e+00 8.349609999999999532e-01 2.984618999999999911e+00 2.750243999999999911e+00
5.859379999999999589e-01 2.066650000000000098e+00 8.300779999999999825e-01 2.983398000000000216e+00 2.740479000000000109e+00
5.822749999999999870e-01 2.065430000000000099e+00 8.264160000000000394e-01 2.983398000000000216e+00 2.749023000000000216e+00
5.810549999999999882e-01 2.065430000000000099e+00 8.251950000000000118e-01 2.983398000000000216e+00 2.749023000000000216e+00
5.761720000000000175e-01 2.059325999999999990e+00 8.190920000000000423e-01 2.983398000000000216e+00 2.749023000000000216e+00
5.749509999999999899e-01 2.060547000000000128e+00 8.166499999999999870e-01 2.974854000000000109e+00 2.749023000000000216e+00
5.712890000000000468e-01 2.055664000000000158e+00 8.154299999999999882e-01 2.973632999999999971e+00 2.739257999999999971e+00
5.712890000000000468e-01 2.056884999999999852e+00 8.154299999999999882e-01 2.973632999999999971e+00 2.740479000000000109e+00
5.712890000000000468e-01 2.058104999999999851e+00 8.190920000000000423e-01 2.973632999999999971e+00 2.749023000000000216e+00
5.749509999999999899e-01 2.065430000000000099e+00 8.251950000000000118e-01 2.973632999999999971e+00 2.750243999999999911e+00
5.810549999999999882e-01 2.075194999999999901e+00 8.349609999999999532e-01 2.983398000000000216e+00 2.749023000000000216e+00
5.908200000000000118e-01 2.084960999999999842e+00 8.544920000000000293e-01 2.993164000000000158e+00 2.768555000000000099e+00
5.969240000000000101e-01 2.094726999999999784e+00 8.593750000000000000e-01 2.996825999999999990e+00 2.768555000000000099e+00
6.018069999999999808e-01 2.098389000000000060e+00 8.642579999999999707e-01 3.004150000000000098e+00 2.753906000000000187e+00
6.054690000000000349e-01 2.104492000000000029e+00 8.605960000000000276e-01 3.005370999999999793e+00 2.769775000000000098e+00
6.066890000000000338e-01 2.104492000000000029e+00 8.581539999999999724e-01 3.012694999999999901e+00 2.778319999999999901e+00
6.054690000000000349e-01 2.104492000000000029e+00 8.508299999999999752e-01 3.012694999999999901e+00 2.773438000000000070e+00
6.042480000000000073e-01 2.104492000000000029e+00 8.447270000000000056e-01 3.006591999999999931e+00 2.788085999999999842e+00
6.005859999999999532e-01 2.094726999999999784e+00 8.288569999999999549e-01 3.002930000000000099e+00 2.772216999999999931e+00
5.944819999999999549e-01 2.089843999999999813e+00 8.203129999999999589e-01 3.002930000000000099e+00 2.778319999999999901e+00
5.908200000000000118e-01 2.084960999999999842e+00 8.154299999999999882e-01 2.994384999999999852e+00 2.769775000000000098e+00
5.847170000000000423e-01 2.084960999999999842e+00 8.081049999999999622e-01 2.993164000000000158e+00 2.758789000000000158e+00
5.810549999999999882e-01 2.075194999999999901e+00 8.020019999999999927e-01 2.993164000000000158e+00 2.758789000000000158e+00
5.761720000000000175e-01 2.075194999999999901e+00 7.958979999999999944e-01 2.983398000000000216e+00 2.768555000000000099e+00
5.712890000000000468e-01 2.065430000000000099e+00 7.958979999999999944e-01 2.977294999999999803e+00 2.758789000000000158e+00
5.627440000000000220e-01 2.059325999999999990e+00 7.958979999999999944e-01 2.973632999999999971e+00 2.749023000000000216e+00
5.615229999999999944e-01 2.058104999999999851e+00 7.958979999999999944e-01 2.973632999999999971e+00 2.750243999999999911e+00
5.590819999999999679e-01 2.060547000000000128e+00 7.971190000000000220e-01 2.968750000000000000e+00 2.750243999999999911e+00
5.578610000000000513e-01 2.056884999999999852e+00 8.056640000000000468e-01 2.968750000000000000e+00 2.749023000000000216e+00
5.578610000000000513e-01 2.059325999999999990e+00 8.154299999999999882e-01 2.973632999999999971e+00 2.749023000000000216e+00
5.615229999999999944e-01 2.066650000000000098e+00 8.251950000000000118e-01 2.973632999999999971e+00 2.752686000000000188e+00
5.639650000000000496e-01 2.075194999999999901e+00 8.349609999999999532e-01 2.974854000000000109e+00 2.768555000000000099e+00
5.712890000000000468e-01 2.084960999999999842e+00 8.459470000000000045e-01 2.983398000000000216e+00 2.758789000000000158e+00
5.749509999999999899e-01 2.087401999999999980e+00 8.544920000000000293e-01 2.987061000000000188e+00 2.758789000000000158e+00
5.786130000000000440e-01 2.091063999999999812e+00 8.557129999999999459e-01 2.993164000000000158e+00 2.758789000000000158e+00
5.810549999999999882e-01 2.094726999999999784e+00 8.544920000000000293e-01 2.993164000000000158e+00 2.760009999999999852e+00
5.822749999999999870e-01 2.094726999999999784e+00 8.496089999999999476e-01 2.994384999999999852e+00 2.770995999999999793e+00
5.822749999999999870e-01 2.094726999999999784e+00 8.410640000000000338e-01 2.998047000000000128e+00 2.768555000000000099e+00
5.810549999999999882e-01 2.094726999999999784e+00 8.349609999999999532e-01 2.993164000000000158e+00 2.768555000000000099e+00
5.773930000000000451e-01 2.089843999999999813e+00 8.251950000000000118e-01 2.993164000000000158e+00 2.768555000000000099e+00
5.725099999999999634e-01 2.084960999999999842e+00 8.154299999999999882e-01 2.984618999999999911e+00 2.768555000000000099e+00
5.688480000000000203e-01 2.077637000000000178e+00 8.068849999999999634e-01 2.983398000000000216e+00 2.755126999999999882e+00
5.615229999999999944e-01 2.075194999999999901e+00 7.971190000000000220e-01 2.983398000000000216e+00 2.769775000000000098e+00
5.554200000000000248e-01 2.065430000000000099e+00 7.910160000000000524e-01 2.973632999999999971e+00 2.760009999999999852e+00
5.480960000000000276e-01 2.058104999999999851e+00 7.824710000000000276e-01 2.973632999999999971e+00 2.763672000000000128e+00
5.432129999999999459e-01 2.056884999999999852e+00 7.763670000000000293e-01 2.963867000000000029e+00 2.767333999999999961e+00
5.371089999999999476e-01 2.045898000000000216e+00 7.702639999999999487e-01 2.963867000000000029e+00 2.778319999999999901e+00
5.297849999999999504e-01 2.039794999999999803e+00 7.666020000000000056e-01 2.954101999999999784e+00 2.758789000000000158e+00
5.249019999999999797e-01 2.036132999999999971e+00 7.629390000000000338e-01 2.954101999999999784e+00 2.750243999999999911e+00
5.200200000000000378e-01 2.036132999999999971e+00 7.617190000000000349e-01 2.944335999999999842e+00 2.742919999999999803e+00
5.139160000000000394e-01 2.028808999999999862e+00 7.604980000000000073e-01 2.944335999999999842e+00 2.758789000000000158e+00
5.126950000000000118e-01 2.026367000000000029e+00 7.580569999999999808e-01 2.938232000000000177e+00 2.749023000000000216e+00
5.078129999999999589e-01 2.016601999999999784e+00 7.568359999999999532e-01 2.934569999999999901e+00 2.729492000000000029e+00
5.041499999999999870e-01 2.016601999999999784e+00 7.531740000000000101e-01 2.934569999999999901e+00 2.734375000000000000e+00
4.992679999999999896e-01 2.016601999999999784e+00 7.531740000000000101e-01 2.928466999999999931e+00 2.749023000000000216e+00
4.968259999999999899e-01 2.011718999999999813e+00 7.568359999999999532e-01 2.924805000000000099e+00 2.723389000000000060e+00
4.931639999999999913e-01 2.008056999999999981e+00 7.568359999999999532e-01 2.924805000000000099e+00 2.739257999999999971e+00
4.882810000000000206e-01 2.006835999999999842e+00 7.568359999999999532e-01 2.917479999999999851e+00 2.729492000000000029e+00
4.882810000000000206e-01 2.006835999999999842e+00 7.580569999999999808e-01 2.917479999999999851e+00 2.729492000000000029e+00
4.870610000000000217e-01 2.006835999999999842e+00 7.629390000000000338e-01 2.916259999999999852e+00 2.729492000000000029e+00
4.882810000000000206e-01 2.008056999999999981e+00 7.714839999999999476e-01 2.924805000000000099e+00 2.714843999999999813e+00
4.895019999999999927e-01 2.016601999999999784e+00 7.812500000000000000e-01 2.926025000000000098e+00 2.739257999999999971e+00
4.943850000000000189e-01 2.019042999999999921e+00 7.910160000000000524e-01 2.926025000000000098e+00 2.729492000000000029e+00
4.968259999999999899e-01 2.026367000000000029e+00 8.007809999999999651e-01 2.934569999999999901e+00 2.719726999999999784e+00
5.029299999999999882e-01 2.036132999999999971e+00 8.056640000000000468e-01 2.944335999999999842e+00 2.739257999999999971e+00
5.065920000000000423e-01 2.032471000000000139e+00 8.056640000000000468e-01 2.944335999999999842e+00 2.739257999999999971e+00
5.053710000000000147e-01 2.036132999999999971e+00 7.971190000000000220e-01 2.944335999999999842e+00 2.739257999999999971e+00
5.041499999999999870e-01 2.036132999999999971e+00 7.922360000000000513e-01 2.938232000000000177e+00 2.742919999999999803e+00
5.029299999999999882e-01 2.031250000000000000e+00 7.873539999999999983e-01 2.944335999999999842e+00 2.741699000000000108e+00
5.029299999999999882e-01 2.031250000000000000e+00 7.861329999999999707e-01 2.945556999999999981e+00 2.751465000000000050e+00
5.004880000000000440e-01 2.031250000000000000e+00 7.824710000000000276e-01 2.944335999999999842e+00 2.751465000000000050e+00
4.992679999999999896e-01 2.031250000000000000e+00 7.824710000000000276e-01 2.946776999999999980e+00 2.758789000000000158e+00
4.992679999999999896e-01 2.028808999999999862e+00 7.824710000000000276e-01 2.938232000000000177e+00 2.750243999999999911e+00
4.992679999999999896e-01 2.026367000000000029e+00 7.861329999999999707e-01 2.944335999999999842e+00 2.734375000000000000e+00
4.992679999999999896e-01 2.026367000000000029e+00 7.873539999999999983e-01 2.937012000000000178e+00 2.751465000000000050e+00
4.992679999999999896e-01 2.026367000000000029e+00 7.861329999999999707e-01 2.937012000000000178e+00 2.758789000000000158e+00
4.980470000000000175e-01 2.026367000000000029e+00 7.824710000000000276e-01 2.934569999999999901e+00 2.749023000000000216e+00
4.968259999999999899e-01 2.026367000000000029e+00 7.824710000000000276e-01 2.937012000000000178e+00 2.749023000000000216e+00
4.956050000000000177e-01 2.026367000000000029e+00 7.788089999999999735e-01 2.935791000000000039e+00 2.741699000000000108e+00
4.956050000000000177e-01 2.026367000000000029e+00 7.800289999999999724e-01 2.937012000000000178e+00 2.749023000000000216e+00
4.968259999999999899e-01 2.026367000000000029e+00 7.897950000000000248e-01 2.938232000000000177e+00 2.749023000000000216e+00
5.004880000000000440e-01 2.036132999999999971e+00 8.068849999999999634e-01 2.944335999999999842e+00 2.739257999999999971e+00
5.004880000000000440e-01 2.036132999999999971e+00 8.068849999999999634e-01 2.944335999999999842e+00 2.739257999999999971e+00
5.078129999999999589e-01 2.039794999999999803e+00 8.251950000000000118e-01 2.954101999999999784e+00 2.742919999999999803e+00
5.151369999999999560e-01 2.047118999999999911e+00 8.361819999999999808e-01 2.963867000000000029e+00 2.761229999999999851e+00
5.236819999999999808e-01 2.058104999999999851e+00 8.483889999999999487e-01 2.973632999999999971e+00 2.772216999999999931e+00
5.322270000000000056e-01 2.065430000000000099e+00 8.557129999999999459e-01 2.977294999999999803e+00 2.788085999999999842e+00
5.383299999999999752e-01 2.075194999999999901e+00 8.593750000000000000e-01 2.985840000000000050e+00 2.769775000000000098e+00
5.432129999999999459e-01 2.080077999999999872e+00 8.605960000000000276e-01 2.993164000000000158e+00 2.773438000000000070e+00
5.480960000000000276e-01 2.084960999999999842e+00 8.544920000000000293e-01 2.998047000000000128e+00 2.788085999999999842e+00
5.505370000000000541e-01 2.089843999999999813e+00 8.459470000000000045e-01 3.002930000000000099e+00 2.788085999999999842e+00
5.480960000000000276e-01 2.084960999999999842e+00 8.398440000000000349e-01 3.002930000000000099e+00 2.779541000000000039e+00
5.480960000000000276e-01 2.086181999999999981e+00 8.361819999999999808e-01 3.002930000000000099e+00 2.783202999999999872e+00
5.480960000000000276e-01 2.084960999999999842e+00 8.349609999999999532e-01 3.002930000000000099e+00 2.797851999999999784e+00
5.480960000000000276e-01 2.078857000000000177e+00 8.288569999999999549e-01 3.002930000000000099e+00 2.788085999999999842e+00
5.480960000000000276e-01 2.076416000000000039e+00 8.264160000000000394e-01 2.995604999999999851e+00 2.788085999999999842e+00
5.468750000000000000e-01 2.084960999999999842e+00 8.312990000000000101e-01 3.002930000000000099e+00 2.788085999999999842e+00
5.517579999999999707e-01 2.084960999999999842e+00 8.447270000000000056e-01 3.002930000000000099e+00 2.781982000000000177e+00
5.578610000000000513e-01 2.094726999999999784e+00 8.569339999999999735e-01 3.012694999999999901e+00 2.797851999999999784e+00
5.639650000000000496e-01 2.104492000000000029e+00 8.703610000000000513e-01 3.022460999999999842e+00 2.799071999999999782e+00
5.725099999999999634e-01 2.114257999999999971e+00 8.850099999999999634e-01 3.032226999999999784e+00 2.801514000000000060e+00
5.822749999999999870e-01 2.124023000000000216e+00 8.935549999999999882e-01 3.041992000000000029e+00 2.811278999999999861e+00
5.920410000000000394e-01 2.133789000000000158e+00 8.996579999999999577e-01 3.046875000000000000e+00 2.827148000000000216e+00
5.969240000000000101e-01 2.138672000000000128e+00 9.033200000000000118e-01 3.051757999999999971e+00 2.819824000000000108e+00
6.018069999999999808e-01 2.143555000000000099e+00 8.984379999999999589e-01 3.061523000000000216e+00 2.836914000000000158e+00
6.054690000000000349e-01 2.143555000000000099e+00 8.935549999999999882e-01 3.061523000000000216e+00 2.827148000000000216e+00
6.054690000000000349e-01 2.147216999999999931e+00 8.850099999999999634e-01 3.062743999999999911e+00 2.830811000000000188e+00
6.066890000000000338e-01 2.143555000000000099e+00 8.801269999999999927e-01 3.061523000000000216e+00 2.829590000000000050e+00
6.042480000000000073e-01 2.144775000000000098e+00 8.752440000000000220e-01 3.061523000000000216e+00 2.836914000000000158e+00
6.005859999999999532e-01 2.143555000000000099e+00 8.691410000000000524e-01 3.062743999999999911e+00 2.832031000000000187e+00
5.944819999999999549e-01 2.137450999999999990e+00 8.642579999999999707e-01 3.061523000000000216e+00 2.827148000000000216e+00
5.908200000000000118e-01 2.133789000000000158e+00 8.557129999999999459e-01 3.055419999999999803e+00 2.827148000000000216e+00
5.847170000000000423e-01 2.133789000000000158e+00 8.508299999999999752e-01 3.052979000000000109e+00 2.818604000000000109e+00
5.810549999999999882e-01 2.125243999999999911e+00 8.459470000000000045e-01 3.051757999999999971e+00 2.801514000000000060e+00
5.761720000000000175e-01 2.125243999999999911e+00 8.447270000000000056e-01 3.051757999999999971e+00 2.817382999999999971e+00
5.737299999999999622e-01 2.124023000000000216e+00 8.361819999999999808e-01 3.051757999999999971e+00 2.817382999999999971e+00
5.676269999999999927e-01 2.117919999999999803e+00 8.349609999999999532e-01 3.044433999999999862e+00 2.811278999999999861e+00
5.627440000000000220e-01 2.114257999999999971e+00 8.264160000000000394e-01 3.041992000000000029e+00 2.818604000000000109e+00
5.578610000000000513e-01 2.114257999999999971e+00 8.251950000000000118e-01 3.035889000000000060e+00 2.817382999999999971e+00
5.529789999999999983e-01 2.106933999999999862e+00 8.166499999999999870e-01 3.032226999999999784e+00 2.797851999999999784e+00
5.480960000000000276e-01 2.104492000000000029e+00 8.093259999999999899e-01 3.024901999999999980e+00 2.802734000000000059e+00
5.432129999999999459e-01 2.097167999999999921e+00 8.056640000000000468e-01 3.022460999999999842e+00 2.807617000000000029e+00
5.383299999999999752e-01 2.094726999999999784e+00 7.971190000000000220e-01 3.016357000000000177e+00 2.807617000000000029e+00
5.322270000000000056e-01 2.086181999999999981e+00 7.897950000000000248e-01 3.012694999999999901e+00 2.788085999999999842e+00
5.261230000000000073e-01 2.084960999999999842e+00 7.824710000000000276e-01 3.004150000000000098e+00 2.792968999999999813e+00
5.187990000000000101e-01 2.075194999999999901e+00 7.763670000000000293e-01 3.002930000000000099e+00 2.788085999999999842e+00
5.139160000000000394e-01 2.066650000000000098e+00 7.702639999999999487e-01 2.993164000000000158e+00 2.788085999999999842e+00
5.078129999999999589e-01 2.061767999999999823e+00 7.666020000000000056e-01 2.988281000000000187e+00 2.778319999999999901e+00
4.956050000000000177e-01 2.049561000000000188e+00 7.568359999999999532e-01 2.974854000000000109e+00 2.772216999999999931e+00
4.895019999999999927e-01 2.045898000000000216e+00 7.482910000000000394e-01 2.973632999999999971e+00 2.768555000000000099e+00
4.846190000000000220e-01 2.036132999999999971e+00 7.434079999999999577e-01 2.967528999999999861e+00 2.772216999999999931e+00
4.797359999999999958e-01 2.036132999999999971e+00 7.385249999999999870e-01 2.957764000000000060e+00 2.768555000000000099e+00
4.736330000000000262e-01 2.026367000000000029e+00 7.373049999999999882e-01 2.954101999999999784e+00 2.749023000000000216e+00
4.687500000000000000e-01 2.020264000000000060e+00 7.336430000000000451e-01 2.947998000000000118e+00 2.758789000000000158e+00
4.675289999999999724e-01 2.017821999999999782e+00 7.385249999999999870e-01 2.944335999999999842e+00 2.740479000000000109e+00
4.736330000000000262e-01 2.026367000000000029e+00 7.568359999999999532e-01 2.954101999999999784e+00 2.749023000000000216e+00
4.833979999999999944e-01 2.036132999999999971e+00 7.812500000000000000e-01 2.955321999999999782e+00 2.750243999999999911e+00
4.992679999999999896e-01 2.045898000000000216e+00 8.068849999999999634e-01 2.973632999999999971e+00 2.749023000000000216e+00
5.163569999999999549e-01 2.058104999999999851e+00 8.288569999999999549e-01 2.983398000000000216e+00 2.768555000000000099e+00
5.322270000000000056e-01 2.075194999999999901e+00 8.459470000000000045e-01 2.996825999999999990e+00 2.788085999999999842e+00
5.432129999999999459e-01 2.084960999999999842e+00 8.557129999999999459e-01 3.012694999999999901e+00 2.778319999999999901e+00
5.529789999999999983e-01 2.094726999999999784e+00 8.593750000000000000e-01 3.022460999999999842e+00 2.788085999999999842e+00
5.615229999999999944e-01 2.104492000000000029e+00 8.642579999999999707e-01 3.032226999999999784e+00 2.797851999999999784e+00
5.651859999999999662e-01 2.109375000000000000e+00 8.605960000000000276e-01 3.033446999999999782e+00 2.807617000000000029e+00
5.651859999999999662e-01 2.109375000000000000e+00 8.605960000000000276e-01 3.033446999999999782e+00 2.807617000000000029e+00
5.676269999999999927e-01 2.114257999999999971e+00 8.569339999999999735e-01 3.035889000000000060e+00 2.800292999999999921e+00
5.676269999999999927e-01 2.109375000000000000e+00 8.544920000000000293e-01 3.041992000000000029e+00 2.807617000000000029e+00
5.676269999999999927e-01 2.109375000000000000e+00 8.459470000000000045e-01 3.041992000000000029e+00 2.807617000000000029e+00
5.664059999999999651e-01 2.104492000000000029e+00 8.398440000000000349e-01 3.034667999999999921e+00 2.807617000000000029e+00
5.627440000000000220e-01 2.104492000000000029e+00 8.349609999999999532e-01 3.035889000000000060e+00 2.811278999999999861e+00
5.615229999999999944e-01 2.097167999999999921e+00 8.264160000000000394e-01 3.032226999999999784e+00 2.807617000000000029e+00
5.566410000000000524e-01 2.094726999999999784e+00 8.190920000000000423e-01 3.032226999999999784e+00 2.807617000000000029e+00
5.517579999999999707e-01 2.087401999999999980e+00 8.154299999999999882e-01 3.023681999999999981e+00 2.807617000000000029e+00
5.480960000000000276e-01 2.084960999999999842e+00 8.056640000000000468e-01 3.022460999999999842e+00 2.789306999999999981e+00
5.444339999999999735e-01 2.084960999999999842e+00 8.020019999999999927e-01 3.018799000000000010e+00 2.801514000000000060e+00
5.419920000000000293e-01 2.080077999999999872e+00 8.007809999999999651e-01 3.012694999999999901e+00 2.791748000000000118e+00
5.383299999999999752e-01 2.076416000000000039e+00 8.020019999999999927e-01 3.012694999999999901e+00 2.807617000000000029e+00
5.371089999999999476e-01 2.076416000000000039e+00 8.056640000000000468e-01 3.012694999999999901e+00 2.797851999999999784e+00
5.383299999999999752e-01 2.076416000000000039e+00 8.105470000000000175e-01 3.012694999999999901e+00 2.792968999999999813e+00
5.383299999999999752e-01 2.077637000000000178e+00 8.117680000000000451e-01 3.012694999999999901e+00 2.807617000000000029e+00
5.383299999999999752e-01 2.076416000000000039e+00 8.154299999999999882e-01 3.012694999999999901e+00 2.799071999999999782e+00
5.383299999999999752e-01 2.076416000000000039e+00 8.166499999999999870e-01 3.012694999999999901e+00 2.797851999999999784e+00
5.383299999999999752e-01 2.077637000000000178e+00 8.154299999999999882e-01 3.013916000000000039e+00 2.801514000000000060e+00
5.383299999999999752e-01 2.078857000000000177e+00 8.154299999999999882e-01 3.013916000000000039e+00 2.800292999999999921e+00
5.383299999999999752e-01 2.077637000000000178e+00 8.154299999999999882e-01 3.013916000000000039e+00 2.801514000000000060e+00
5.419920000000000293e-01 2.084960999999999842e+00 8.154299999999999882e-01 3.015137000000000178e+00 2.797851999999999784e+00
5.419920000000000293e-01 2.084960999999999842e+00 8.178710000000000147e-01 3.013916000000000039e+00 2.797851999999999784e+00
5.432129999999999459e-01 2.084960999999999842e+00 8.251950000000000118e-01 3.015137000000000178e+00 2.788085999999999842e+00
5.468750000000000000e-01 2.089843999999999813e+00 8.288569999999999549e-01 3.022460999999999842e+00 2.797851999999999784e+00
5.480960000000000276e-01 2.094726999999999784e+00 8.349609999999999532e-01 3.022460999999999842e+00 2.797851999999999784e+00
5.517579999999999707e-01 2.095946999999999782e+00 8.361819999999999808e-01 3.032226999999999784e+00 2.799071999999999782e+00
5.529789999999999983e-01 2.104492000000000029e+00 8.361819999999999808e-01 3.032226999999999784e+00 2.800292999999999921e+00
5.541989999999999972e-01 2.104492000000000029e+00 8.374019999999999797e-01 3.033446999999999782e+00 2.817382999999999971e+00
5.554200000000000248e-01 2.105713000000000168e+00 8.361819999999999808e-01 3.035889000000000060e+00 2.810058999999999862e+00
5.566410000000000524e-01 2.105713000000000168e+00 8.361819999999999808e-01 3.035889000000000060e+00 2.817382999999999971e+00
5.566410000000000524e-01 2.109375000000000000e+00 8.361819999999999808e-01 3.035889000000000060e+00 2.810058999999999862e+00
5.566410000000000524e-01 2.114257999999999971e+00 8.361819999999999808e-01 3.034667999999999921e+00 2.807617000000000029e+00
5.566410000000000524e-01 2.109375000000000000e+00 8.374019999999999797e-01 3.041992000000000029e+00 2.805175999999999892e+00
5.578610000000000513e-01 2.110596000000000139e+00 8.361819999999999808e-01 3.041992000000000029e+00 2.819824000000000108e+00
5.554200000000000248e-01 2.114257999999999971e+00 8.349609999999999532e-01 3.041992000000000029e+00 2.827148000000000216e+00
5.554200000000000248e-01 2.114257999999999971e+00 8.312990000000000101e-01 3.035889000000000060e+00 2.827148000000000216e+00
5.529789999999999983e-01 2.114257999999999971e+00 8.264160000000000394e-01 3.041992000000000029e+00 2.807617000000000029e+00
5.517579999999999707e-01 2.105713000000000168e+00 8.251950000000000118e-01 3.037109000000000059e+00 2.810058999999999862e+00
5.480960000000000276e-01 2.104492000000000029e+00 8.190920000000000423e-01 3.033446999999999782e+00 2.827148000000000216e+00
5.468750000000000000e-01 2.104492000000000029e+00 8.154299999999999882e-01 3.032226999999999784e+00 2.801514000000000060e+00
5.432129999999999459e-01 2.095946999999999782e+00 8.105470000000000175e-01 3.032226999999999784e+00 2.817382999999999971e+00
5.419920000000000293e-01 2.094726999999999784e+00 8.081049999999999622e-01 3.024901999999999980e+00 2.807617000000000029e+00
5.383299999999999752e-01 2.094726999999999784e+00 8.056640000000000468e-01 3.022460999999999842e+00 2.801514000000000060e+00
5.358889999999999487e-01 2.094726999999999784e+00 8.020019999999999927e-01 3.022460999999999842e+00 2.817382999999999971e+00
5.334470000000000045e-01 2.087401999999999980e+00 8.007809999999999651e-01 3.022460999999999842e+00 2.807617000000000029e+00
5.322270000000000056e-01 2.086181999999999981e+00 7.995609999999999662e-01 3.015137000000000178e+00 2.807617000000000029e+00
5.285640000000000338e-01 2.084960999999999842e+00 7.971190000000000220e-01 3.022460999999999842e+00 2.799071999999999782e+00
5.236819999999999808e-01 2.084960999999999842e+00 7.958979999999999944e-01 3.012694999999999901e+00 2.797851999999999784e+00
5.236819999999999808e-01 2.077637000000000178e+00 7.910160000000000524e-01 3.012694999999999901e+00 2.791748000000000118e+00
5.187990000000000101e-01 2.076416000000000039e+00 7.897950000000000248e-01 3.006591999999999931e+00 2.811278999999999861e+00
5.163569999999999549e-01 2.075194999999999901e+00 7.861329999999999707e-01 3.005370999999999793e+00 2.802734000000000059e+00
5.126950000000000118e-01 2.069091999999999931e+00 7.824710000000000276e-01 3.002930000000000099e+00 2.807617000000000029e+00
5.078129999999999589e-01 2.066650000000000098e+00 7.775879999999999459e-01 3.002930000000000099e+00 2.797851999999999784e+00
5.041499999999999870e-01 2.059325999999999990e+00 7.763670000000000293e-01 2.994384999999999852e+00 2.789306999999999981e+00
4.992679999999999896e-01 2.056884999999999852e+00 7.702639999999999487e-01 2.995604999999999851e+00 2.779541000000000039e+00
4.931639999999999913e-01 2.052001999999999882e+00 7.666020000000000056e-01 2.993164000000000158e+00 2.783202999999999872e+00
4.870610000000000217e-01 2.045898000000000216e+00 7.617190000000000349e-01 2.984618999999999911e+00 2.789306999999999981e+00
4.809570000000000234e-01 2.041015999999999941e+00 7.568359999999999532e-01 2.983398000000000216e+00 2.769775000000000098e+00
4.748539999999999983e-01 2.036132999999999971e+00 7.507319999999999549e-01 2.973632999999999971e+00 2.769775000000000098e+00
4.687500000000000000e-01 2.031250000000000000e+00 7.470700000000000118e-01 2.973632999999999971e+00 2.768555000000000099e+00
4.638669999999999738e-01 2.026367000000000029e+00 7.409670000000000423e-01 2.968750000000000000e+00 2.768555000000000099e+00
4.553220000000000045e-01 2.016601999999999784e+00 7.385249999999999870e-01 2.957764000000000060e+00 2.772216999999999931e+00
4.492189999999999794e-01 2.010498000000000118e+00 7.336430000000000451e-01 2.954101999999999784e+00 2.762450999999999990e+00
4.455569999999999808e-01 2.006835999999999842e+00 7.287599999999999634e-01 2.954101999999999784e+00 2.768555000000000099e+00
4.394529999999999825e-01 2.006835999999999842e+00 7.275390000000000468e-01 2.946776999999999980e+00 2.760009999999999852e+00
4.357909999999999839e-01 1.998291000000000039e+00 7.299799999999999622e-01 2.938232000000000177e+00 2.758789000000000158e+00
4.345700000000000118e-01 1.997069999999999901e+00 7.336430000000000451e-01 2.944335999999999842e+00 2.742919999999999803e+00
4.321289999999999853e-01 1.997069999999999901e+00 7.373049999999999882e-01 2.944335999999999842e+00 2.758789000000000158e+00
4.345700000000000118e-01 1.997069999999999901e+00 7.409670000000000423e-01 2.937012000000000178e+00 2.758789000000000158e+00
4.345700000000000118e-01 1.997069999999999901e+00 7.470700000000000118e-01 2.938232000000000177e+00 2.758789000000000158e+00
4.345700000000000118e-01 1.997069999999999901e+00 7.507319999999999549e-01 2.944335999999999842e+00 2.740479000000000109e+00
4.357909999999999839e-01 2.000732000000000177e+00 7.568359999999999532e-01 2.944335999999999842e+00 2.742919999999999803e+00
4.370120000000000116e-01 2.006835999999999842e+00 7.580569999999999808e-01 2.944335999999999842e+00 2.761229999999999851e+00
4.394529999999999825e-01 2.006835999999999842e+00 7.617190000000000349e-01 2.944335999999999842e+00 2.762450999999999990e+00
4.418949999999999823e-01 2.006835999999999842e+00 7.666020000000000056e-01 2.945556999999999981e+00 2.778319999999999901e+00
4.443360000000000087e-01 2.008056999999999981e+00 7.666020000000000056e-01 2.954101999999999784e+00 2.750243999999999911e+00
4.479980000000000073e-01 2.016601999999999784e+00 7.678220000000000045e-01 2.947998000000000118e+00 2.760009999999999852e+00
4.492189999999999794e-01 2.016601999999999784e+00 7.702639999999999487e-01 2.954101999999999784e+00 2.749023000000000216e+00
4.516600000000000059e-01 2.016601999999999784e+00 7.702639999999999487e-01 2.954101999999999784e+00 2.758789000000000158e+00
4.541020000000000056e-01 2.016601999999999784e+00 7.678220000000000045e-01 2.954101999999999784e+00 2.758789000000000158e+00
4.541020000000000056e-01 2.021484000000000059e+00 7.678220000000000045e-01 2.954101999999999784e+00 2.760009999999999852e+00
4.541020000000000056e-01 2.016601999999999784e+00 7.666020000000000056e-01 2.954101999999999784e+00 2.758789000000000158e+00
4.553220000000000045e-01 2.016601999999999784e+00 7.666020000000000056e-01 2.954101999999999784e+00 2.758789000000000158e+00
4.541020000000000056e-01 2.017821999999999782e+00 7.666020000000000056e-01 2.954101999999999784e+00 2.758789000000000158e+00
4.553220000000000045e-01 2.016601999999999784e+00 7.629390000000000338e-01 2.954101999999999784e+00 2.760009999999999852e+00
4.553220000000000045e-01 2.016601999999999784e+00 7.629390000000000338e-01 2.954101999999999784e+00 2.760009999999999852e+00
4.553220000000000045e-01 2.016601999999999784e+00 7.617190000000000349e-01 2.954101999999999784e+00 2.758789000000000158e+00
4.553220000000000045e-01 2.011718999999999813e+00 7.617190000000000349e-01 2.954101999999999784e+00 2.758789000000000158e+00
4.553220000000000045e-01 2.011718999999999813e+00 7.629390000000000338e-01 2.954101999999999784e+00 2.762450999999999990e+00
4.553220000000000045e-01 2.010498000000000118e+00 7.629390000000000338e-01 2.950438999999999812e+00 2.778319999999999901e+00
4.602049999999999752e-01 2.016601999999999784e+00 7.666020000000000056e-01 2.955321999999999782e+00 2.758789000000000158e+00
4.650880000000000014e-01 2.019042999999999921e+00 7.727049999999999752e-01 2.954101999999999784e+00 2.750243999999999911e+00
4.736330000000000262e-01 2.031250000000000000e+00 7.812500000000000000e-01 2.957764000000000060e+00 2.768555000000000099e+00
4.833979999999999944e-01 2.037354000000000109e+00 7.922360000000000513e-01 2.968750000000000000e+00 2.750243999999999911e+00
4.943850000000000189e-01 2.047118999999999911e+00 8.020019999999999927e-01 2.973632999999999971e+00 2.768555000000000099e+00
5.065920000000000423e-01 2.056884999999999852e+00 8.117680000000000451e-01 2.983398000000000216e+00 2.772216999999999931e+00
5.163569999999999549e-01 2.066650000000000098e+00 8.190920000000000423e-01 2.993164000000000158e+00 2.790526999999999980e+00
5.236819999999999808e-01 2.076416000000000039e+00 8.300779999999999825e-01 3.002930000000000099e+00 2.797851999999999784e+00
5.334470000000000045e-01 2.086181999999999981e+00 8.349609999999999532e-01 3.004150000000000098e+00 2.801514000000000060e+00
5.419920000000000293e-01 2.092284999999999950e+00 8.410640000000000338e-01 3.012694999999999901e+00 2.797851999999999784e+00
5.480960000000000276e-01 2.097167999999999921e+00 8.447270000000000056e-01 3.013916000000000039e+00 2.807617000000000029e+00
5.529789999999999983e-01 2.106933999999999862e+00 8.447270000000000056e-01 3.022460999999999842e+00 2.789306999999999981e+00
5.566410000000000524e-01 2.109375000000000000e+00 8.471680000000000321e-01 3.027343999999999813e+00 2.797851999999999784e+00
5.615229999999999944e-01 2.109375000000000000e+00 8.459470000000000045e-01 3.032226999999999784e+00 2.807617000000000029e+00
5.627440000000000220e-01 2.114257999999999971e+00 8.447270000000000056e-01 3.032226999999999784e+00 2.807617000000000029e+00
5.651859999999999662e-01 2.114257999999999971e+00 8.447270000000000056e-01 3.033446999999999782e+00 2.817382999999999971e+00
5.676269999999999927e-01 2.114257999999999971e+00 8.398440000000000349e-01 3.033446999999999782e+00 2.807617000000000029e+00
5.676269999999999927e-01 2.115479000000000109e+00 8.398440000000000349e-01 3.032226999999999784e+00 2.797851999999999784e+00
5.712890000000000468e-01 2.115479000000000109e+00 8.447270000000000056e-01 3.035889000000000060e+00 2.810058999999999862e+00
5.712890000000000468e-01 2.116699000000000108e+00 8.459470000000000045e-01 3.035889000000000060e+00 2.817382999999999971e+00
5.725099999999999634e-01 2.124023000000000216e+00 8.496089999999999476e-01 3.041992000000000029e+00 2.800292999999999921e+00
5.761720000000000175e-01 2.124023000000000216e+00 8.508299999999999752e-01 3.043213000000000168e+00 2.828368999999999911e+00
5.761720000000000175e-01 2.126465000000000050e+00 8.483889999999999487e-01 3.046875000000000000e+00 2.811278999999999861e+00
5.761720000000000175e-01 2.124023000000000216e+00 8.459470000000000045e-01 3.046875000000000000e+00 2.827148000000000216e+00
5.761720000000000175e-01 2.117919999999999803e+00 8.447270000000000056e-01 3.041992000000000029e+00 2.818604000000000109e+00
5.749509999999999899e-01 2.120360999999999940e+00 8.361819999999999808e-01 3.041992000000000029e+00 2.819824000000000108e+00
5.725099999999999634e-01 2.115479000000000109e+00 8.349609999999999532e-01 3.041992000000000029e+00 2.829590000000000050e+00
5.712890000000000468e-01 2.115479000000000109e+00 8.300779999999999825e-01 3.041992000000000029e+00 2.829590000000000050e+00
5.712890000000000468e-01 2.114257999999999971e+00 8.264160000000000394e-01 3.041992000000000029e+00 2.836914000000000158e+00
5.688480000000000203e-01 2.114257999999999971e+00 8.251950000000000118e-01 3.035889000000000060e+00 2.827148000000000216e+00
5.676269999999999927e-01 2.114257999999999971e+00 8.264160000000000394e-01 3.033446999999999782e+00 2.817382999999999971e+00
5.676269999999999927e-01 2.114257999999999971e+00 8.251950000000000118e-01 3.032226999999999784e+00 2.807617000000000029e+00
5.664059999999999651e-01 2.114257999999999971e+00 8.251950000000000118e-01 3.035889000000000060e+00 2.817382999999999971e+00
5.664059999999999651e-01 2.114257999999999971e+00 8.264160000000000394e-01 3.033446999999999782e+00 2.807617000000000029e+00
5.664059999999999651e-01 2.114257999999999971e+00 8.264160000000000394e-01 3.032226999999999784e+00 2.801514000000000060e+00
5.664059999999999651e-01 2.114257999999999971e+00 8.276369999999999560e-01 3.032226999999999784e+00 2.817382999999999971e+00
5.651859999999999662e-01 2.114257999999999971e+00 8.251950000000000118e-01 3.033446999999999782e+00 2.817382999999999971e+00
5.627440000000000220e-01 2.114257999999999971e+00 8.215329999999999577e-01 3.032226999999999784e+00 2.807617000000000029e+00
5.615229999999999944e-01 2.109375000000000000e+00 8.166499999999999870e-01 3.032226999999999784e+00 2.808838000000000168e+00
5.603029999999999955e-01 2.105713000000000168e+00 8.154299999999999882e-01 3.032226999999999784e+00 2.807617000000000029e+00
5.554200000000000248e-01 2.104492000000000029e+00 8.093259999999999899e-01 3.026123000000000118e+00 2.818604000000000109e+00
5.529789999999999983e-01 2.098389000000000060e+00 8.056640000000000468e-01 3.023681999999999981e+00 2.807617000000000029e+00
5.480960000000000276e-01 2.097167999999999921e+00 8.007809999999999651e-01 3.022460999999999842e+00 2.790526999999999980e+00
5.468750000000000000e-01 2.094726999999999784e+00 7.971190000000000220e-01 3.016357000000000177e+00 2.811278999999999861e+00
5.419920000000000293e-01 2.092284999999999950e+00 7.922360000000000513e-01 3.015137000000000178e+00 2.807617000000000029e+00
5.383299999999999752e-01 2.084960999999999842e+00 7.897950000000000248e-01 3.012694999999999901e+00 2.799071999999999782e+00
5.346680000000000321e-01 2.084960999999999842e+00 7.861329999999999707e-01 3.015137000000000178e+00 2.799071999999999782e+00
5.334470000000000045e-01 2.078857000000000177e+00 7.861329999999999707e-01 3.012694999999999901e+00 2.797851999999999784e+00
5.334470000000000045e-01 2.078857000000000177e+00 7.861329999999999707e-01 3.012694999999999901e+00 2.797851999999999784e+00
5.285640000000000338e-01 2.077637000000000178e+00 7.885739999999999972e-01 3.005370999999999793e+00 2.800292999999999921e+00
5.273440000000000349e-01 2.076416000000000039e+00 7.897950000000000248e-01 3.002930000000000099e+00 2.807617000000000029e+00
5.261230000000000073e-01 2.076416000000000039e+00 7.922360000000000513e-01 3.002930000000000099e+00 2.799071999999999782e+00
5.273440000000000349e-01 2.076416000000000039e+00 7.958979999999999944e-01 3.002930000000000099e+00 2.797851999999999784e+00
5.273440000000000349e-01 2.076416000000000039e+00 7.995609999999999662e-01 3.004150000000000098e+00 2.807617000000000029e+00
5.261230000000000073e-01 2.076416000000000039e+00 8.020019999999999927e-01 3.004150000000000098e+00 2.797851999999999784e+00
5.273440000000000349e-01 2.078857000000000177e+00 8.056640000000000468e-01 3.002930000000000099e+00 2.779541000000000039e+00
5.273440000000000349e-01 2.084960999999999842e+00 8.056640000000000468e-01 3.006591999999999931e+00 2.797851999999999784e+00
5.273440000000000349e-01 2.084960999999999842e+00 8.081049999999999622e-01 3.005370999999999793e+00 2.788085999999999842e+00
5.273440000000000349e-01 2.084960999999999842e+00 8.105470000000000175e-01 3.006591999999999931e+00 2.794188999999999812e+00
5.285640000000000338e-01 2.084960999999999842e+00 8.117680000000000451e-01 3.012694999999999901e+00 2.797851999999999784e+00
5.297849999999999504e-01 2.084960999999999842e+00 8.117680000000000451e-01 3.004150000000000098e+00 2.808838000000000168e+00
5.297849999999999504e-01 2.084960999999999842e+00 8.105470000000000175e-01 3.012694999999999901e+00 2.788085999999999842e+00
5.285640000000000338e-01 2.084960999999999842e+00 8.105470000000000175e-01 3.012694999999999901e+00 2.789306999999999981e+00
5.285640000000000338e-01 2.087401999999999980e+00 8.068849999999999634e-01 3.012694999999999901e+00 2.797851999999999784e+00
5.285640000000000338e-01 2.084960999999999842e+00 8.056640000000000468e-01 3.012694999999999901e+00 2.797851999999999784e+00
5.273440000000000349e-01 2.084960999999999842e+00 8.056640000000000468e-01 3.006591999999999931e+00 2.807617000000000029e+00
5.261230000000000073e-01 2.084960999999999842e+00 8.020019999999999927e-01 3.006591999999999931e+00 2.797851999999999784e+00
5.249019999999999797e-01 2.084960999999999842e+00 8.056640000000000468e-01 3.004150000000000098e+00 2.788085999999999842e+00
5.383299999999999752e-01 2.114257999999999971e+00 8.740229999999999944e-01 3.012694999999999901e+00 2.780762000000000178e+00
5.749509999999999899e-01 2.172851999999999784e+00 9.912109999999999532e-01 3.041992000000000029e+00 2.811278999999999861e+00
6.250000000000000000e-01 2.243651999999999980e+00 1.088867000000000029e+00 3.083495999999999793e+00 2.846680000000000099e+00
6.787109999999999532e-01 2.303466999999999931e+00 1.147461000000000064e+00 3.129882999999999971e+00 2.866210999999999842e+00
7.226559999999999651e-01 2.348632999999999971e+00 1.176757999999999971e+00 3.168944999999999901e+00 2.885742000000000029e+00
7.568359999999999532e-01 2.381591999999999931e+00 1.187743999999999911e+00 3.198242000000000029e+00 2.907715000000000050e+00
7.861329999999999707e-01 2.407226999999999784e+00 1.197510000000000074e+00 3.222656000000000187e+00 2.934569999999999901e+00
8.154299999999999882e-01 2.430419999999999803e+00 1.215819999999999901e+00 3.247069999999999901e+00 2.944335999999999842e+00
8.386230000000000073e-01 2.456055000000000099e+00 1.235352000000000006e+00 3.266601999999999784e+00 2.955321999999999782e+00
