7.568400000000000127e-02 1.225586000000000064e+00 5.163569999999999549e-01 2.069091999999999931e+00 2.125243999999999911e+00
7.568400000000000127e-02 1.225586000000000064e+00 5.175779999999999825e-01 2.067870999999999793e+00 2.125243999999999911e+00
7.446300000000000141e-02 1.225586000000000064e+00 5.175779999999999825e-01 2.067870999999999793e+00 2.135009999999999852e+00
7.446300000000000141e-02 1.225586000000000064e+00 5.175779999999999825e-01 2.069091999999999931e+00 2.114257999999999971e+00
7.446300000000000141e-02 1.225586000000000064e+00 5.187990000000000101e-01 2.067870999999999793e+00 2.135009999999999852e+00
7.446300000000000141e-02 1.225586000000000064e+00 5.175779999999999825e-01 2.069091999999999931e+00 2.114257999999999971e+00
7.568400000000000127e-02 1.225586000000000064e+00 5.163569999999999549e-01 2.069091999999999931e+00 2.109375000000000000e+00
7.690400000000000014e-02 1.225586000000000064e+00 5.187990000000000101e-01 2.069091999999999931e+00 2.114257999999999971e+00
7.568400000000000127e-02 1.225586000000000064e+00 5.163569999999999549e-01 2.067870999999999793e+00 2.128906000000000187e+00
7.568400000000000127e-02 1.225586000000000064e+00 5.175779999999999825e-01 2.069091999999999931e+00 2.128906000000000187e+00
7.446300000000000141e-02 1.225586000000000064e+00 5.163569999999999549e-01 2.069091999999999931e+00 2.125243999999999911e+00
7.568400000000000127e-02 1.225586000000000064e+00 5.163569999999999549e-01 2.066650000000000098e+00 2.109375000000000000e+00
7.568400000000000127e-02 1.225586000000000064e+00 5.175779999999999825e-01 2.069091999999999931e+00 2.114257999999999971e+00
7.568400000000000127e-02 1.225586000000000064e+00 5.175779999999999825e-01 2.067870999999999793e+00 2.126465000000000050e+00
7.446300000000000141e-02 1.225586000000000064e+00 5.175779999999999825e-01 2.067870999999999793e+00 2.144775000000000098e+00
7.446300000000000141e-02 1.221924000000000010e+00 5.175779999999999825e-01 2.069091999999999931e+00 2.124023000000000216e+00
7.568400000000000127e-02 1.225586000000000064e+00 5.175779999999999825e-01 2.075194999999999901e+00 2.125243999999999911e+00
7.568400000000000127e-02 1.225586000000000064e+00 5.175779999999999825e-01 2.069091999999999931e+00 2.114257999999999971e+00
7.568400000000000127e-02 1.225586000000000064e+00 5.175779999999999825e-01 2.069091999999999931e+00 2.104492000000000029e+00
7.568400000000000127e-02 1.225586000000000064e+00 5.175779999999999825e-01 2.067870999999999793e+00 2.117919999999999803e+00
7.568400000000000127e-02 1.225586000000000064e+00 5.187990000000000101e-01 2.075194999999999901e+00 2.143555000000000099e+00
7.568400000000000127e-02 1.225586000000000064e+00 5.175779999999999825e-01 2.069091999999999931e+00 2.125243999999999911e+00
7.568400000000000127e-02 1.225586000000000064e+00 5.175779999999999825e-01 2.075194999999999901e+00 2.125243999999999911e+00
7.568400000000000127e-02 1.225586000000000064e+00 5.163569999999999549e-01 2.070313000000000070e+00 2.135009999999999852e+00
7.446300000000000141e-02 1.225586000000000064e+00 5.187990000000000101e-01 2.069091999999999931e+00 2.124023000000000216e+00
7.568400000000000127e-02 1.225586000000000064e+00 5.187990000000000101e-01 2.069091999999999931e+00 2.114257999999999971e+00
7.568400000000000127e-02 1.225586000000000064e+00 5.175779999999999825e-01 2.069091999999999931e+00 2.104492000000000029e+00
7.568400000000000127e-02 1.225586000000000064e+00 5.187990000000000101e-01 2.069091999999999931e+00 2.104492000000000029e+00
7.446300000000000141e-02 1.225586000000000064e+00 5.175779999999999825e-01 2.069091999999999931e+00 2.097167999999999921e+00
7.446300000000000141e-02 1.225586000000000064e+00 5.175779999999999825e-01 2.067870999999999793e+00 2.126465000000000050e+00
7.568400000000000127e-02 1.225586000000000064e+00 5.175779999999999825e-01 2.075194999999999901e+00 2.148438000000000070e+00
7.446300000000000141e-02 1.226806999999999981e+00 5.175779999999999825e-01 2.069091999999999931e+00 2.135009999999999852e+00
7.446300000000000141e-02 1.225586000000000064e+00 5.187990000000000101e-01 2.069091999999999931e+00 2.115479000000000109e+00
7.446300000000000141e-02 1.226806999999999981e+00 5.187990000000000101e-01 2.075194999999999901e+00 2.124023000000000216e+00
7.446300000000000141e-02 1.225586000000000064e+00 5.175779999999999825e-01 2.069091999999999931e+00 2.114257999999999971e+00
7.568400000000000127e-02 1.229247999999999896e+00 5.187990000000000101e-01 2.075194999999999901e+00 2.125243999999999911e+00
7.690400000000000014e-02 1.235352000000000006e+00 5.187990000000000101e-01 2.075194999999999901e+00 2.135009999999999852e+00
7.812500000000000000e-02 1.240234000000000059e+00 5.224609999999999532e-01 2.076416000000000039e+00 2.114257999999999971e+00
8.056599999999999873e-02 1.250000000000000000e+00 5.236819999999999808e-01 2.080077999999999872e+00 2.133789000000000158e+00
8.300799999999999845e-02 1.259765999999999941e+00 5.273440000000000349e-01 2.086181999999999981e+00 2.124023000000000216e+00
8.911099999999999577e-02 1.270752000000000104e+00 5.322270000000000056e-01 2.094726999999999784e+00 2.143555000000000099e+00
9.277299999999999436e-02 1.287841999999999931e+00 5.358889999999999487e-01 2.104492000000000029e+00 2.155762000000000178e+00
1.013180000000000053e-01 1.314697000000000005e+00 5.444339999999999735e-01 2.114257999999999971e+00 2.182617000000000029e+00
1.110840000000000022e-01 1.342772999999999994e+00 5.529789999999999983e-01 2.133789000000000158e+00 2.183838000000000168e+00
1.220699999999999980e-01 1.372069999999999901e+00 5.651859999999999662e-01 2.153319999999999901e+00 2.192382999999999971e+00
1.354980000000000073e-01 1.411132999999999971e+00 5.761720000000000175e-01 2.176514000000000060e+00 2.186278999999999861e+00
1.708979999999999944e-01 1.499022999999999994e+00 6.103520000000000056e-01 2.250976999999999784e+00 2.241210999999999842e+00
1.928709999999999869e-01 1.549072000000000005e+00 6.225589999999999735e-01 2.290039000000000158e+00 2.265625000000000000e+00
2.172850000000000059e-01 1.596680000000000099e+00 6.396479999999999944e-01 2.329101999999999784e+00 2.303466999999999931e+00
2.404789999999999983e-01 1.635742000000000029e+00 6.555180000000000451e-01 2.370604999999999851e+00 2.338867000000000029e+00
2.636720000000000175e-01 1.665038999999999936e+00 6.689450000000000118e-01 2.408446999999999782e+00 2.329101999999999784e+00
2.844240000000000101e-01 1.685791000000000039e+00 6.750490000000000101e-01 2.446289000000000158e+00 2.358398000000000216e+00
3.027340000000000031e-01 1.713867000000000029e+00 6.848140000000000338e-01 2.475585999999999842e+00 2.387694999999999901e+00
3.186039999999999983e-01 1.733397999999999994e+00 6.921389999999999487e-01 2.504882999999999971e+00 2.407226999999999784e+00
3.344730000000000203e-01 1.752930000000000099e+00 6.994629999999999459e-01 2.528075999999999990e+00 2.412109000000000059e+00
3.503419999999999868e-01 1.772461000000000064e+00 7.055660000000000265e-01 2.553710999999999842e+00 2.436523000000000216e+00
3.625490000000000101e-01 1.791992000000000029e+00 7.116700000000000248e-01 2.575683999999999862e+00 2.459716999999999931e+00
3.771970000000000045e-01 1.804199000000000108e+00 7.189940000000000220e-01 2.593993999999999911e+00 2.457275000000000098e+00
3.906250000000000000e-01 1.826171999999999906e+00 7.275390000000000468e-01 2.615966999999999931e+00 2.448729999999999851e+00
4.052729999999999944e-01 1.842041000000000039e+00 7.324220000000000175e-01 2.641601999999999784e+00 2.485351999999999784e+00
4.162600000000000189e-01 1.861572000000000005e+00 7.385249999999999870e-01 2.661132999999999971e+00 2.504882999999999971e+00
4.284669999999999868e-01 1.875000000000000000e+00 7.470700000000000118e-01 2.670898000000000216e+00 2.515868999999999911e+00
4.394529999999999825e-01 1.892090000000000050e+00 7.482910000000000394e-01 2.691650000000000098e+00 2.508544999999999803e+00
4.492189999999999794e-01 1.899413999999999936e+00 7.568359999999999532e-01 2.709960999999999842e+00 2.534180000000000099e+00
4.577640000000000042e-01 1.909180000000000099e+00 7.580569999999999808e-01 2.719726999999999784e+00 2.553710999999999842e+00
4.638669999999999738e-01 1.918944999999999901e+00 7.617190000000000349e-01 2.734375000000000000e+00 2.554931999999999981e+00
4.736330000000000262e-01 1.929931999999999981e+00 7.666020000000000056e-01 2.740479000000000109e+00 2.543944999999999901e+00
4.772950000000000248e-01 1.933594000000000035e+00 7.678220000000000045e-01 2.753906000000000187e+00 2.563476999999999784e+00
4.846190000000000220e-01 1.942139000000000060e+00 7.714839999999999476e-01 2.760009999999999852e+00 2.553710999999999842e+00
4.907230000000000203e-01 1.953125000000000000e+00 7.763670000000000293e-01 2.770995999999999793e+00 2.573242000000000029e+00
4.968259999999999899e-01 1.958007999999999971e+00 7.775879999999999459e-01 2.780762000000000178e+00 2.586669999999999803e+00
5.041499999999999870e-01 1.971435999999999966e+00 7.812500000000000000e-01 2.791748000000000118e+00 2.583007999999999971e+00
5.126950000000000118e-01 1.981200999999999990e+00 7.861329999999999707e-01 2.799071999999999782e+00 2.573242000000000029e+00
5.175779999999999825e-01 1.997069999999999901e+00 7.885739999999999972e-01 2.807617000000000029e+00 2.592773000000000216e+00
5.249019999999999797e-01 2.006835999999999842e+00 7.958979999999999944e-01 2.819824000000000108e+00 2.612305000000000099e+00
5.334470000000000045e-01 2.017821999999999782e+00 7.971190000000000220e-01 2.827148000000000216e+00 2.622069999999999901e+00
5.419920000000000293e-01 2.031250000000000000e+00 8.056640000000000468e-01 2.836914000000000158e+00 2.631835999999999842e+00
5.480960000000000276e-01 2.036132999999999971e+00 8.068849999999999634e-01 2.846680000000000099e+00 2.641601999999999784e+00
5.578610000000000513e-01 2.045898000000000216e+00 8.117680000000000451e-01 2.860107000000000177e+00 2.641601999999999784e+00
5.615229999999999944e-01 2.045898000000000216e+00 8.154299999999999882e-01 2.866210999999999842e+00 2.641601999999999784e+00
5.627440000000000220e-01 2.048340000000000050e+00 8.117680000000000451e-01 2.871093999999999813e+00 2.651367000000000029e+00
5.627440000000000220e-01 2.045898000000000216e+00 8.117680000000000451e-01 2.869873000000000118e+00 2.641601999999999784e+00
5.627440000000000220e-01 2.041015999999999941e+00 8.068849999999999634e-01 2.875976999999999784e+00 2.642821999999999782e+00
5.627440000000000220e-01 2.037354000000000109e+00 8.056640000000000468e-01 2.875976999999999784e+00 2.651367000000000029e+00
5.615229999999999944e-01 2.036132999999999971e+00 8.056640000000000468e-01 2.875976999999999784e+00 2.655028999999999861e+00
5.615229999999999944e-01 2.036132999999999971e+00 8.007809999999999651e-01 2.875976999999999784e+00 2.664794999999999803e+00
5.615229999999999944e-01 2.031250000000000000e+00 7.971190000000000220e-01 2.875976999999999784e+00 2.673340000000000050e+00
5.566410000000000524e-01 2.026367000000000029e+00 7.958979999999999944e-01 2.867431999999999981e+00 2.661132999999999971e+00
5.554200000000000248e-01 2.026367000000000029e+00 7.922360000000000513e-01 2.871093999999999813e+00 2.661132999999999971e+00
5.517579999999999707e-01 2.019042999999999921e+00 7.910160000000000524e-01 2.866210999999999842e+00 2.653808999999999862e+00
5.517579999999999707e-01 2.017821999999999782e+00 7.873539999999999983e-01 2.866210999999999842e+00 2.670898000000000216e+00
5.480960000000000276e-01 2.016601999999999784e+00 7.861329999999999707e-01 2.866210999999999842e+00 2.662354000000000109e+00
5.480960000000000276e-01 2.016601999999999784e+00 7.861329999999999707e-01 2.866210999999999842e+00 2.661132999999999971e+00
5.456539999999999724e-01 2.016601999999999784e+00 7.824710000000000276e-01 2.857666000000000039e+00 2.641601999999999784e+00
5.444339999999999735e-01 2.016601999999999784e+00 7.812500000000000000e-01 2.858887000000000178e+00 2.644042999999999921e+00
5.432129999999999459e-01 2.010498000000000118e+00 7.800289999999999724e-01 2.857666000000000039e+00 2.651367000000000029e+00
5.419920000000000293e-01 2.009276999999999980e+00 7.788089999999999735e-01 2.866210999999999842e+00 2.645264000000000060e+00
5.419920000000000293e-01 2.009276999999999980e+00 7.775879999999999459e-01 2.856444999999999901e+00 2.663574000000000108e+00
5.383299999999999752e-01 2.010498000000000118e+00 7.763670000000000293e-01 2.856444999999999901e+00 2.670898000000000216e+00
5.383299999999999752e-01 2.016601999999999784e+00 7.763670000000000293e-01 2.858887000000000178e+00 2.670898000000000216e+00
5.383299999999999752e-01 2.016601999999999784e+00 7.775879999999999459e-01 2.857666000000000039e+00 2.652588000000000168e+00
5.371089999999999476e-01 2.016601999999999784e+00 7.775879999999999459e-01 2.857666000000000039e+00 2.641601999999999784e+00
5.371089999999999476e-01 2.016601999999999784e+00 7.763670000000000293e-01 2.858887000000000178e+00 2.642821999999999782e+00
5.358889999999999487e-01 2.016601999999999784e+00 7.763670000000000293e-01 2.860107000000000177e+00 2.641601999999999784e+00
5.346680000000000321e-01 2.016601999999999784e+00 7.763670000000000293e-01 2.858887000000000178e+00 2.645264000000000060e+00
5.334470000000000045e-01 2.010498000000000118e+00 7.727049999999999752e-01 2.857666000000000039e+00 2.656250000000000000e+00
5.334470000000000045e-01 2.016601999999999784e+00 7.727049999999999752e-01 2.866210999999999842e+00 2.670898000000000216e+00
5.334470000000000045e-01 2.017821999999999782e+00 7.702639999999999487e-01 2.860107000000000177e+00 2.661132999999999971e+00
5.334470000000000045e-01 2.016601999999999784e+00 7.727049999999999752e-01 2.866210999999999842e+00 2.656250000000000000e+00
5.322270000000000056e-01 2.019042999999999921e+00 7.702639999999999487e-01 2.866210999999999842e+00 2.680664000000000158e+00
5.334470000000000045e-01 2.020264000000000060e+00 7.727049999999999752e-01 2.866210999999999842e+00 2.680664000000000158e+00
5.334470000000000045e-01 2.026367000000000029e+00 7.714839999999999476e-01 2.866210999999999842e+00 2.670898000000000216e+00
5.322270000000000056e-01 2.022705000000000197e+00 7.714839999999999476e-01 2.867431999999999981e+00 2.663574000000000108e+00
5.322270000000000056e-01 2.026367000000000029e+00 7.702639999999999487e-01 2.869873000000000118e+00 2.670898000000000216e+00
5.322270000000000056e-01 2.021484000000000059e+00 7.678220000000000045e-01 2.867431999999999981e+00 2.661132999999999971e+00
5.285640000000000338e-01 2.019042999999999921e+00 7.678220000000000045e-01 2.866210999999999842e+00 2.661132999999999971e+00
5.273440000000000349e-01 2.016601999999999784e+00 7.666020000000000056e-01 2.866210999999999842e+00 2.662354000000000109e+00
5.236819999999999808e-01 2.016601999999999784e+00 7.629390000000000338e-01 2.866210999999999842e+00 2.670898000000000216e+00
5.224609999999999532e-01 2.008056999999999981e+00 7.604980000000000073e-01 2.860107000000000177e+00 2.670898000000000216e+00
5.187990000000000101e-01 2.006835999999999842e+00 7.580569999999999808e-01 2.856444999999999901e+00 2.661132999999999971e+00
5.163569999999999549e-01 2.000732000000000177e+00 7.568359999999999532e-01 2.856444999999999901e+00 2.663574000000000108e+00
5.126950000000000118e-01 1.997069999999999901e+00 7.519529999999999825e-01 2.856444999999999901e+00 2.675781000000000187e+00
5.090329999999999577e-01 1.990966999999999931e+00 7.482910000000000394e-01 2.846680000000000099e+00 2.690430000000000099e+00
5.053710000000000147e-01 1.987305000000000099e+00 7.470700000000000118e-01 2.846680000000000099e+00 2.672118999999999911e+00
5.029299999999999882e-01 1.978760000000000074e+00 7.434079999999999577e-01 2.838134999999999852e+00 2.670898000000000216e+00
4.980470000000000175e-01 1.977538999999999936e+00 7.385249999999999870e-01 2.838134999999999852e+00 2.656250000000000000e+00
4.980470000000000175e-01 1.977538999999999936e+00 7.385249999999999870e-01 2.838134999999999852e+00 2.656250000000000000e+00
4.931639999999999913e-01 1.968993999999999911e+00 7.373049999999999882e-01 2.836914000000000158e+00 2.656250000000000000e+00
4.882810000000000206e-01 1.961670000000000025e+00 7.324220000000000175e-01 2.827148000000000216e+00 2.664794999999999803e+00
4.846190000000000220e-01 1.959229000000000109e+00 7.287599999999999634e-01 2.827148000000000216e+00 2.670898000000000216e+00
4.797359999999999958e-01 1.953125000000000000e+00 7.275390000000000468e-01 2.821044999999999803e+00 2.661132999999999971e+00
4.748539999999999983e-01 1.948242000000000029e+00 7.226559999999999651e-01 2.817382999999999971e+00 2.641601999999999784e+00
4.736330000000000262e-01 1.943359000000000059e+00 7.189940000000000220e-01 2.807617000000000029e+00 2.651367000000000029e+00
4.675289999999999724e-01 1.938477000000000006e+00 7.177729999999999944e-01 2.807617000000000029e+00 2.645264000000000060e+00
4.638669999999999738e-01 1.938477000000000006e+00 7.141110000000000513e-01 2.807617000000000029e+00 2.661132999999999971e+00
4.602049999999999752e-01 1.938477000000000006e+00 7.141110000000000513e-01 2.797851999999999784e+00 2.645264000000000060e+00
4.565429999999999766e-01 1.929931999999999981e+00 7.104489999999999972e-01 2.797851999999999784e+00 2.652588000000000168e+00
4.541020000000000056e-01 1.928711000000000064e+00 7.080079999999999707e-01 2.799071999999999782e+00 2.651367000000000029e+00
4.492189999999999794e-01 1.928711000000000064e+00 7.080079999999999707e-01 2.792968999999999813e+00 2.625732000000000177e+00
4.479980000000000073e-01 1.928711000000000064e+00 7.043460000000000276e-01 2.788085999999999842e+00 2.653808999999999862e+00
4.455569999999999808e-01 1.921386999999999956e+00 7.031250000000000000e-01 2.788085999999999842e+00 2.651367000000000029e+00
4.443360000000000087e-01 1.922606999999999955e+00 7.031250000000000000e-01 2.788085999999999842e+00 2.641601999999999784e+00
4.406740000000000101e-01 1.922606999999999955e+00 7.031250000000000000e-01 2.779541000000000039e+00 2.633056999999999981e+00
4.382320000000000104e-01 1.922606999999999955e+00 7.019039999999999724e-01 2.779541000000000039e+00 2.631835999999999842e+00
4.370120000000000116e-01 1.928711000000000064e+00 7.031250000000000000e-01 2.779541000000000039e+00 2.622069999999999901e+00
4.357909999999999839e-01 1.928711000000000064e+00 7.031250000000000000e-01 2.778319999999999901e+00 2.613525000000000098e+00
4.357909999999999839e-01 1.928711000000000064e+00 7.031250000000000000e-01 2.780762000000000178e+00 2.625732000000000177e+00
4.345700000000000118e-01 1.929931999999999981e+00 7.031250000000000000e-01 2.779541000000000039e+00 2.641601999999999784e+00
4.357909999999999839e-01 1.933594000000000035e+00 7.031250000000000000e-01 2.781982000000000177e+00 2.631835999999999842e+00
4.357909999999999839e-01 1.938477000000000006e+00 7.043460000000000276e-01 2.781982000000000177e+00 2.625732000000000177e+00
4.345700000000000118e-01 1.939697000000000005e+00 7.043460000000000276e-01 2.788085999999999842e+00 2.633056999999999981e+00
4.345700000000000118e-01 1.939697000000000005e+00 7.043460000000000276e-01 2.788085999999999842e+00 2.641601999999999784e+00
4.357909999999999839e-01 1.942139000000000060e+00 7.080079999999999707e-01 2.788085999999999842e+00 2.641601999999999784e+00
4.357909999999999839e-01 1.948242000000000029e+00 7.080079999999999707e-01 2.788085999999999842e+00 2.641601999999999784e+00
4.357909999999999839e-01 1.949462999999999946e+00 7.080079999999999707e-01 2.790526999999999980e+00 2.641601999999999784e+00
4.382320000000000104e-01 1.953125000000000000e+00 7.092289999999999983e-01 2.797851999999999784e+00 2.641601999999999784e+00
4.394529999999999825e-01 1.958007999999999971e+00 7.128910000000000524e-01 2.797851999999999784e+00 2.651367000000000029e+00
4.406740000000000101e-01 1.960449000000000108e+00 7.141110000000000513e-01 2.799071999999999782e+00 2.651367000000000029e+00
4.443360000000000087e-01 1.967772999999999994e+00 7.177729999999999944e-01 2.802734000000000059e+00 2.641601999999999784e+00
4.443360000000000087e-01 1.967772999999999994e+00 7.177729999999999944e-01 2.807617000000000029e+00 2.644042999999999921e+00
4.455569999999999808e-01 1.968993999999999911e+00 7.189940000000000220e-01 2.807617000000000029e+00 2.664794999999999803e+00
4.467769999999999797e-01 1.967772999999999994e+00 7.189940000000000220e-01 2.808838000000000168e+00 2.675781000000000187e+00
4.467769999999999797e-01 1.968993999999999911e+00 7.189940000000000220e-01 2.810058999999999862e+00 2.664794999999999803e+00
4.467769999999999797e-01 1.970215000000000050e+00 7.202150000000000496e-01 2.811278999999999861e+00 2.680664000000000158e+00
4.479980000000000073e-01 1.968993999999999911e+00 7.189940000000000220e-01 2.811278999999999861e+00 2.662354000000000109e+00
4.479980000000000073e-01 1.967772999999999994e+00 7.189940000000000220e-01 2.810058999999999862e+00 2.651367000000000029e+00
4.467769999999999797e-01 1.967772999999999994e+00 7.189940000000000220e-01 2.808838000000000168e+00 2.661132999999999971e+00
4.455569999999999808e-01 1.967772999999999994e+00 7.177729999999999944e-01 2.811278999999999861e+00 2.652588000000000168e+00
4.455569999999999808e-01 1.967772999999999994e+00 7.177729999999999944e-01 2.808838000000000168e+00 2.651367000000000029e+00
4.443360000000000087e-01 1.968993999999999911e+00 7.153319999999999679e-01 2.811278999999999861e+00 2.651367000000000029e+00
4.443360000000000087e-01 1.967772999999999994e+00 7.141110000000000513e-01 2.811278999999999861e+00 2.651367000000000029e+00
4.443360000000000087e-01 1.959229000000000109e+00 7.141110000000000513e-01 2.807617000000000029e+00 2.642821999999999782e+00
4.406740000000000101e-01 1.959229000000000109e+00 7.128910000000000524e-01 2.811278999999999861e+00 2.656250000000000000e+00
4.406740000000000101e-01 1.958007999999999971e+00 7.116700000000000248e-01 2.808838000000000168e+00 2.661132999999999971e+00
4.382320000000000104e-01 1.958007999999999971e+00 7.092289999999999983e-01 2.808838000000000168e+00 2.653808999999999862e+00
4.370120000000000116e-01 1.953125000000000000e+00 7.080079999999999707e-01 2.807617000000000029e+00 2.651367000000000029e+00
4.345700000000000118e-01 1.948242000000000029e+00 7.080079999999999707e-01 2.801514000000000060e+00 2.661132999999999971e+00
4.345700000000000118e-01 1.948242000000000029e+00 7.043460000000000276e-01 2.797851999999999784e+00 2.642821999999999782e+00
4.296880000000000144e-01 1.939697000000000005e+00 7.031250000000000000e-01 2.797851999999999784e+00 2.644042999999999921e+00
4.272460000000000147e-01 1.938477000000000006e+00 6.994629999999999459e-01 2.797851999999999784e+00 2.661132999999999971e+00
4.248049999999999882e-01 1.933594000000000035e+00 6.982420000000000293e-01 2.797851999999999784e+00 2.651367000000000029e+00
4.211429999999999896e-01 1.928711000000000064e+00 6.982420000000000293e-01 2.789306999999999981e+00 2.652588000000000168e+00
4.174800000000000177e-01 1.918944999999999901e+00 6.933589999999999476e-01 2.788085999999999842e+00 2.636718999999999813e+00
4.150389999999999913e-01 1.918944999999999901e+00 6.896970000000000045e-01 2.781982000000000177e+00 2.661132999999999971e+00
4.113769999999999927e-01 1.910400000000000098e+00 6.884770000000000056e-01 2.779541000000000039e+00 2.641601999999999784e+00
4.089360000000000217e-01 1.909180000000000099e+00 6.860349999999999504e-01 2.778319999999999901e+00 2.631835999999999842e+00
4.052729999999999944e-01 1.903075999999999990e+00 6.848140000000000338e-01 2.772216999999999931e+00 2.641601999999999784e+00
4.016109999999999958e-01 1.899413999999999936e+00 6.823730000000000073e-01 2.768555000000000099e+00 2.625732000000000177e+00
4.003909999999999969e-01 1.899413999999999936e+00 6.799319999999999808e-01 2.768555000000000099e+00 2.641601999999999784e+00
3.967289999999999983e-01 1.894530999999999965e+00 6.787109999999999532e-01 2.761229999999999851e+00 2.633056999999999981e+00
3.955080000000000262e-01 1.892090000000000050e+00 6.787109999999999532e-01 2.758789000000000158e+00 2.631835999999999842e+00
3.906250000000000000e-01 1.883545000000000025e+00 6.750490000000000101e-01 2.758789000000000158e+00 2.631835999999999842e+00
3.881839999999999735e-01 1.881104000000000109e+00 6.726069999999999549e-01 2.751465000000000050e+00 2.631835999999999842e+00
3.857419999999999738e-01 1.882324000000000108e+00 6.701660000000000394e-01 2.749023000000000216e+00 2.631835999999999842e+00
3.820799999999999752e-01 1.879882999999999971e+00 6.689450000000000118e-01 2.749023000000000216e+00 2.622069999999999901e+00
3.784179999999999766e-01 1.875000000000000000e+00 6.689450000000000118e-01 2.741699000000000108e+00 2.622069999999999901e+00
3.771970000000000045e-01 1.870117000000000029e+00 6.689450000000000118e-01 2.739257999999999971e+00 2.614745999999999793e+00
3.759770000000000056e-01 1.870117000000000029e+00 6.640629999999999589e-01 2.739257999999999971e+00 2.623291000000000039e+00
3.710939999999999794e-01 1.860352000000000006e+00 6.628420000000000423e-01 2.739257999999999971e+00 2.622069999999999901e+00
3.674319999999999808e-01 1.860352000000000006e+00 6.616210000000000147e-01 2.731933999999999862e+00 2.615966999999999931e+00
3.662110000000000087e-01 1.857909999999999950e+00 6.603999999999999870e-01 2.725830000000000197e+00 2.631835999999999842e+00
3.625490000000000101e-01 1.851806999999999981e+00 6.591799999999999882e-01 2.729492000000000029e+00 2.606200999999999990e+00
3.601070000000000104e-01 1.853026999999999980e+00 6.555180000000000451e-01 2.722167999999999921e+00 2.622069999999999901e+00
3.576659999999999839e-01 1.844481999999999955e+00 6.555180000000000451e-01 2.719726999999999784e+00 2.612305000000000099e+00
3.564450000000000118e-01 1.840819999999999901e+00 6.530759999999999899e-01 2.713623000000000118e+00 2.613525000000000098e+00
3.515630000000000144e-01 1.840819999999999901e+00 6.518549999999999622e-01 2.712401999999999980e+00 2.595215000000000050e+00
3.491210000000000147e-01 1.840819999999999901e+00 6.494140000000000468e-01 2.711181999999999981e+00 2.612305000000000099e+00
3.466799999999999882e-01 1.834716999999999931e+00 6.494140000000000468e-01 2.709960999999999842e+00 2.592773000000000216e+00
3.442379999999999884e-01 1.832275000000000098e+00 6.494140000000000468e-01 2.702637000000000178e+00 2.592773000000000216e+00
3.417970000000000175e-01 1.831055000000000099e+00 6.457519999999999927e-01 2.701416000000000039e+00 2.602539000000000158e+00
3.405759999999999899e-01 1.831055000000000099e+00 6.457519999999999927e-01 2.700194999999999901e+00 2.585449000000000108e+00
3.381350000000000189e-01 1.827393000000000045e+00 6.457519999999999927e-01 2.700194999999999901e+00 2.596436000000000188e+00
3.356930000000000192e-01 1.823730000000000073e+00 6.433109999999999662e-01 2.694091999999999931e+00 2.613525000000000098e+00
3.332519999999999927e-01 1.822510000000000074e+00 6.445309999999999651e-01 2.694091999999999931e+00 2.592773000000000216e+00
3.320310000000000206e-01 1.821288999999999936e+00 6.420900000000000496e-01 2.691650000000000098e+00 2.584229000000000109e+00
3.308110000000000217e-01 1.821288999999999936e+00 6.408690000000000220e-01 2.690430000000000099e+00 2.578125000000000000e+00
3.283690000000000220e-01 1.816405999999999965e+00 6.408690000000000220e-01 2.690430000000000099e+00 2.592773000000000216e+00
3.271479999999999944e-01 1.812743999999999911e+00 6.396479999999999944e-01 2.681884999999999852e+00 2.592773000000000216e+00
3.234859999999999958e-01 1.811522999999999994e+00 6.396479999999999944e-01 2.683104999999999851e+00 2.578125000000000000e+00
3.222659999999999969e-01 1.811522999999999994e+00 6.396479999999999944e-01 2.680664000000000158e+00 2.592773000000000216e+00
3.210450000000000248e-01 1.812743999999999911e+00 6.396479999999999944e-01 2.680664000000000158e+00 2.583007999999999971e+00
3.173830000000000262e-01 1.805420000000000025e+00 6.359860000000000513e-01 2.680664000000000158e+00 2.583007999999999971e+00
3.173830000000000262e-01 1.804199000000000108e+00 6.359860000000000513e-01 2.681884999999999852e+00 2.592773000000000216e+00
3.173830000000000262e-01 1.804199000000000108e+00 6.359860000000000513e-01 2.680664000000000158e+00 2.573242000000000029e+00
3.149410000000000265e-01 1.802979000000000109e+00 6.347660000000000524e-01 2.680664000000000158e+00 2.574463000000000168e+00
3.137210000000000276e-01 1.805420000000000025e+00 6.359860000000000513e-01 2.680664000000000158e+00 2.583007999999999971e+00
3.137210000000000276e-01 1.806640999999999941e+00 6.347660000000000524e-01 2.673340000000000050e+00 2.578125000000000000e+00
3.125000000000000000e-01 1.807860999999999940e+00 6.359860000000000513e-01 2.680664000000000158e+00 2.585449000000000108e+00
3.125000000000000000e-01 1.811522999999999994e+00 6.372069999999999679e-01 2.675781000000000187e+00 2.584229000000000109e+00
3.137210000000000276e-01 1.811522999999999994e+00 6.396479999999999944e-01 2.680664000000000158e+00 2.583007999999999971e+00
3.137210000000000276e-01 1.811522999999999994e+00 6.396479999999999944e-01 2.680664000000000158e+00 2.585449000000000108e+00
3.137210000000000276e-01 1.812743999999999911e+00 6.396479999999999944e-01 2.680664000000000158e+00 2.586669999999999803e+00
3.137210000000000276e-01 1.816405999999999965e+00 6.396479999999999944e-01 2.680664000000000158e+00 2.592773000000000216e+00
3.161619999999999986e-01 1.816405999999999965e+00 6.408690000000000220e-01 2.681884999999999852e+00 2.592773000000000216e+00
3.173830000000000262e-01 1.821288999999999936e+00 6.433109999999999662e-01 2.681884999999999852e+00 2.584229000000000109e+00
3.186039999999999983e-01 1.823730000000000073e+00 6.445309999999999651e-01 2.690430000000000099e+00 2.573242000000000029e+00
3.198239999999999972e-01 1.831055000000000099e+00 6.457519999999999927e-01 2.690430000000000099e+00 2.583007999999999971e+00
3.210450000000000248e-01 1.831055000000000099e+00 6.494140000000000468e-01 2.694091999999999931e+00 2.595215000000000050e+00
3.234859999999999958e-01 1.835938000000000070e+00 6.506349999999999634e-01 2.700194999999999901e+00 2.592773000000000216e+00
3.271479999999999944e-01 1.840819999999999901e+00 6.530759999999999899e-01 2.700194999999999901e+00 2.595215000000000050e+00
3.283690000000000220e-01 1.846924000000000010e+00 6.555180000000000451e-01 2.703857000000000177e+00 2.612305000000000099e+00
3.332519999999999927e-01 1.854247999999999896e+00 6.603999999999999870e-01 2.709960999999999842e+00 2.592773000000000216e+00
3.369139999999999913e-01 1.861572000000000005e+00 6.603999999999999870e-01 2.713623000000000118e+00 2.608642999999999823e+00
3.393550000000000177e-01 1.870117000000000029e+00 6.652829999999999577e-01 2.719726999999999784e+00 2.606200999999999990e+00
3.430179999999999896e-01 1.875000000000000000e+00 6.689450000000000118e-01 2.729492000000000029e+00 2.613525000000000098e+00
3.478999999999999870e-01 1.883545000000000025e+00 6.701660000000000394e-01 2.729492000000000029e+00 2.615966999999999931e+00
3.515630000000000144e-01 1.889647999999999994e+00 6.750490000000000101e-01 2.739257999999999971e+00 2.624512000000000178e+00
3.564450000000000118e-01 1.893310999999999966e+00 6.787109999999999532e-01 2.740479000000000109e+00 2.641601999999999784e+00
3.601070000000000104e-01 1.900635000000000074e+00 6.799319999999999808e-01 2.752686000000000188e+00 2.631835999999999842e+00
3.662110000000000087e-01 1.909180000000000099e+00 6.835940000000000349e-01 2.758789000000000158e+00 2.613525000000000098e+00
3.686519999999999797e-01 1.911621000000000015e+00 6.884770000000000056e-01 2.762450999999999990e+00 2.631835999999999842e+00
3.759770000000000056e-01 1.918944999999999901e+00 6.896970000000000045e-01 2.770995999999999793e+00 2.623291000000000039e+00
3.771970000000000045e-01 1.928711000000000064e+00 6.933589999999999476e-01 2.772216999999999931e+00 2.641601999999999784e+00
3.857419999999999738e-01 1.929931999999999981e+00 6.982420000000000293e-01 2.779541000000000039e+00 2.631835999999999842e+00
3.869630000000000014e-01 1.938477000000000006e+00 6.994629999999999459e-01 2.788085999999999842e+00 2.631835999999999842e+00
3.955080000000000262e-01 1.948242000000000029e+00 7.031250000000000000e-01 2.797851999999999784e+00 2.639159999999999950e+00
3.979489999999999972e-01 1.958007999999999971e+00 7.080079999999999707e-01 2.800292999999999921e+00 2.661132999999999971e+00
4.052729999999999944e-01 1.967772999999999994e+00 7.128910000000000524e-01 2.807617000000000029e+00 2.661132999999999971e+00
4.101560000000000206e-01 1.968993999999999911e+00 7.177729999999999944e-01 2.811278999999999861e+00 2.670898000000000216e+00
4.162600000000000189e-01 1.978760000000000074e+00 7.189940000000000220e-01 2.817382999999999971e+00 2.661132999999999971e+00
4.211429999999999896e-01 1.981200999999999990e+00 7.226559999999999651e-01 2.827148000000000216e+00 2.662354000000000109e+00
4.272460000000000147e-01 1.987305000000000099e+00 7.275390000000000468e-01 2.836914000000000158e+00 2.670898000000000216e+00
4.309080000000000132e-01 1.988525000000000098e+00 7.275390000000000468e-01 2.836914000000000158e+00 2.672118999999999911e+00
4.345700000000000118e-01 1.990966999999999931e+00 7.287599999999999634e-01 2.838134999999999852e+00 2.681884999999999852e+00
4.357909999999999839e-01 1.990966999999999931e+00 7.287599999999999634e-01 2.841797000000000128e+00 2.670898000000000216e+00
4.394529999999999825e-01 1.989746000000000015e+00 7.287599999999999634e-01 2.846680000000000099e+00 2.680664000000000158e+00
4.406740000000000101e-01 1.990966999999999931e+00 7.287599999999999634e-01 2.846680000000000099e+00 2.680664000000000158e+00
4.406740000000000101e-01 1.988525000000000098e+00 7.287599999999999634e-01 2.846680000000000099e+00 2.681884999999999852e+00
4.443360000000000087e-01 1.987305000000000099e+00 7.275390000000000468e-01 2.846680000000000099e+00 2.680664000000000158e+00
4.406740000000000101e-01 1.987305000000000099e+00 7.275390000000000468e-01 2.846680000000000099e+00 2.680664000000000158e+00
4.418949999999999823e-01 1.979980000000000073e+00 7.275390000000000468e-01 2.846680000000000099e+00 2.680664000000000158e+00
4.406740000000000101e-01 1.978760000000000074e+00 7.238769999999999927e-01 2.840575999999999990e+00 2.690430000000000099e+00
4.382320000000000104e-01 1.977538999999999936e+00 7.214359999999999662e-01 2.838134999999999852e+00 2.680664000000000158e+00
4.370120000000000116e-01 1.968993999999999911e+00 7.189940000000000220e-01 2.836914000000000158e+00 2.670898000000000216e+00
4.357909999999999839e-01 1.967772999999999994e+00 7.177729999999999944e-01 2.836914000000000158e+00 2.673340000000000050e+00
4.345700000000000118e-01 1.960449000000000108e+00 7.141110000000000513e-01 2.829590000000000050e+00 2.684325999999999990e+00
4.309080000000000132e-01 1.958007999999999971e+00 7.128910000000000524e-01 2.827148000000000216e+00 2.684325999999999990e+00
4.284669999999999868e-01 1.953125000000000000e+00 7.092289999999999983e-01 2.827148000000000216e+00 2.690430000000000099e+00
4.260249999999999870e-01 1.949462999999999946e+00 7.080079999999999707e-01 2.821044999999999803e+00 2.680664000000000158e+00
4.223629999999999884e-01 1.942139000000000060e+00 7.043460000000000276e-01 2.817382999999999971e+00 2.663574000000000108e+00
4.199220000000000175e-01 1.939697000000000005e+00 7.031250000000000000e-01 2.818604000000000109e+00 2.675781000000000187e+00
4.162600000000000189e-01 1.938477000000000006e+00 7.006839999999999735e-01 2.811278999999999861e+00 2.680664000000000158e+00
4.150389999999999913e-01 1.929931999999999981e+00 6.982420000000000293e-01 2.807617000000000029e+00 2.655028999999999861e+00
4.113769999999999927e-01 1.928711000000000064e+00 6.982420000000000293e-01 2.807617000000000029e+00 2.664794999999999803e+00
4.101560000000000206e-01 1.921386999999999956e+00 6.933589999999999476e-01 2.807617000000000029e+00 2.664794999999999803e+00
4.064940000000000220e-01 1.920166000000000039e+00 6.921389999999999487e-01 2.796631000000000089e+00 2.680664000000000158e+00
4.052729999999999944e-01 1.918944999999999901e+00 6.896970000000000045e-01 2.797851999999999784e+00 2.653808999999999862e+00
4.016109999999999958e-01 1.912841999999999931e+00 6.896970000000000045e-01 2.801514000000000060e+00 2.670898000000000216e+00
4.003909999999999969e-01 1.918944999999999901e+00 6.884770000000000056e-01 2.790526999999999980e+00 2.651367000000000029e+00
4.003909999999999969e-01 1.918944999999999901e+00 6.896970000000000045e-01 2.789306999999999981e+00 2.656250000000000000e+00
3.991700000000000248e-01 1.920166000000000039e+00 6.884770000000000056e-01 2.789306999999999981e+00 2.656250000000000000e+00
3.991700000000000248e-01 1.918944999999999901e+00 6.909180000000000321e-01 2.788085999999999842e+00 2.647705000000000197e+00
3.991700000000000248e-01 1.920166000000000039e+00 6.896970000000000045e-01 2.788085999999999842e+00 2.661132999999999971e+00
3.991700000000000248e-01 1.923828000000000094e+00 6.896970000000000045e-01 2.789306999999999981e+00 2.662354000000000109e+00
4.003909999999999969e-01 1.928711000000000064e+00 6.921389999999999487e-01 2.789306999999999981e+00 2.651367000000000029e+00
4.016109999999999958e-01 1.938477000000000006e+00 6.945799999999999752e-01 2.797851999999999784e+00 2.642821999999999782e+00
4.052729999999999944e-01 1.940917999999999921e+00 6.982420000000000293e-01 2.797851999999999784e+00 2.645264000000000060e+00
4.064940000000000220e-01 1.940917999999999921e+00 6.994629999999999459e-01 2.797851999999999784e+00 2.662354000000000109e+00
4.089360000000000217e-01 1.948242000000000029e+00 7.019039999999999724e-01 2.799071999999999782e+00 2.664794999999999803e+00
4.101560000000000206e-01 1.953125000000000000e+00 7.031250000000000000e-01 2.807617000000000029e+00 2.661132999999999971e+00
4.125980000000000203e-01 1.958007999999999971e+00 7.043460000000000276e-01 2.803955000000000197e+00 2.672118999999999911e+00
4.150389999999999913e-01 1.958007999999999971e+00 7.080079999999999707e-01 2.807617000000000029e+00 2.656250000000000000e+00
4.174800000000000177e-01 1.960449000000000108e+00 7.080079999999999707e-01 2.808838000000000168e+00 2.673340000000000050e+00
4.199220000000000175e-01 1.967772999999999994e+00 7.092289999999999983e-01 2.811278999999999861e+00 2.677001999999999882e+00
4.223629999999999884e-01 1.968993999999999911e+00 7.128910000000000524e-01 2.817382999999999971e+00 2.663574000000000108e+00
4.248049999999999882e-01 1.977538999999999936e+00 7.141110000000000513e-01 2.818604000000000109e+00 2.683104999999999851e+00
4.248049999999999882e-01 1.977538999999999936e+00 7.141110000000000513e-01 2.818604000000000109e+00 2.680664000000000158e+00
4.272460000000000147e-01 1.977538999999999936e+00 7.177729999999999944e-01 2.827148000000000216e+00 2.662354000000000109e+00
4.296880000000000144e-01 1.977538999999999936e+00 7.177729999999999944e-01 2.827148000000000216e+00 2.670898000000000216e+00
4.309080000000000132e-01 1.978760000000000074e+00 7.177729999999999944e-01 2.828368999999999911e+00 2.674561000000000188e+00
4.345700000000000118e-01 1.987305000000000099e+00 7.189940000000000220e-01 2.829590000000000050e+00 2.675781000000000187e+00
4.345700000000000118e-01 1.987305000000000099e+00 7.189940000000000220e-01 2.836914000000000158e+00 2.690430000000000099e+00
4.345700000000000118e-01 1.987305000000000099e+00 7.226559999999999651e-01 2.839354999999999851e+00 2.680664000000000158e+00
4.357909999999999839e-01 1.987305000000000099e+00 7.226559999999999651e-01 2.836914000000000158e+00 2.680664000000000158e+00
4.370120000000000116e-01 1.987305000000000099e+00 7.214359999999999662e-01 2.841797000000000128e+00 2.680664000000000158e+00
4.394529999999999825e-01 1.989746000000000015e+00 7.214359999999999662e-01 2.836914000000000158e+00 2.681884999999999852e+00
4.394529999999999825e-01 1.990966999999999931e+00 7.214359999999999662e-01 2.838134999999999852e+00 2.690430000000000099e+00
4.406740000000000101e-01 1.990966999999999931e+00 7.226559999999999651e-01 2.841797000000000128e+00 2.672118999999999911e+00
4.443360000000000087e-01 1.997069999999999901e+00 7.226559999999999651e-01 2.840575999999999990e+00 2.683104999999999851e+00
4.443360000000000087e-01 1.997069999999999901e+00 7.275390000000000468e-01 2.840575999999999990e+00 2.684325999999999990e+00
4.443360000000000087e-01 1.998291000000000039e+00 7.238769999999999927e-01 2.846680000000000099e+00 2.683104999999999851e+00
4.455569999999999808e-01 2.000732000000000177e+00 7.275390000000000468e-01 2.846680000000000099e+00 2.691650000000000098e+00
4.455569999999999808e-01 2.000732000000000177e+00 7.275390000000000468e-01 2.846680000000000099e+00 2.690430000000000099e+00
4.479980000000000073e-01 2.006835999999999842e+00 7.275390000000000468e-01 2.847900000000000098e+00 2.691650000000000098e+00
4.492189999999999794e-01 2.006835999999999842e+00 7.287599999999999634e-01 2.849120999999999793e+00 2.681884999999999852e+00
4.504389999999999783e-01 2.006835999999999842e+00 7.287599999999999634e-01 2.850341999999999931e+00 2.692870999999999793e+00
4.541020000000000056e-01 2.006835999999999842e+00 7.299799999999999622e-01 2.856444999999999901e+00 2.690430000000000099e+00
4.541020000000000056e-01 2.010498000000000118e+00 7.299799999999999622e-01 2.856444999999999901e+00 2.690430000000000099e+00
4.541020000000000056e-01 2.016601999999999784e+00 7.312009999999999899e-01 2.856444999999999901e+00 2.692870999999999793e+00
4.553220000000000045e-01 2.016601999999999784e+00 7.324220000000000175e-01 2.856444999999999901e+00 2.700194999999999901e+00
4.565429999999999766e-01 2.016601999999999784e+00 7.336430000000000451e-01 2.857666000000000039e+00 2.703857000000000177e+00
4.577640000000000042e-01 2.016601999999999784e+00 7.336430000000000451e-01 2.861327999999999872e+00 2.700194999999999901e+00
4.602049999999999752e-01 2.016601999999999784e+00 7.336430000000000451e-01 2.860107000000000177e+00 2.703857000000000177e+00
4.602049999999999752e-01 2.017821999999999782e+00 7.336430000000000451e-01 2.866210999999999842e+00 2.700194999999999901e+00
4.614260000000000028e-01 2.019042999999999921e+00 7.373049999999999882e-01 2.866210999999999842e+00 2.700194999999999901e+00
4.638669999999999738e-01 2.026367000000000029e+00 7.373049999999999882e-01 2.871093999999999813e+00 2.700194999999999901e+00
4.638669999999999738e-01 2.026367000000000029e+00 7.373049999999999882e-01 2.866210999999999842e+00 2.700194999999999901e+00
4.638669999999999738e-01 2.020264000000000060e+00 7.373049999999999882e-01 2.875976999999999784e+00 2.700194999999999901e+00
4.650880000000000014e-01 2.026367000000000029e+00 7.373049999999999882e-01 2.875976999999999784e+00 2.700194999999999901e+00
4.650880000000000014e-01 2.020264000000000060e+00 7.373049999999999882e-01 2.875976999999999784e+00 2.700194999999999901e+00
4.650880000000000014e-01 2.020264000000000060e+00 7.373049999999999882e-01 2.871093999999999813e+00 2.700194999999999901e+00
4.650880000000000014e-01 2.019042999999999921e+00 7.373049999999999882e-01 2.875976999999999784e+00 2.700194999999999901e+00
4.638669999999999738e-01 2.017821999999999782e+00 7.336430000000000451e-01 2.868651999999999980e+00 2.701416000000000039e+00
4.638669999999999738e-01 2.016601999999999784e+00 7.336430000000000451e-01 2.875976999999999784e+00 2.702637000000000178e+00
4.638669999999999738e-01 2.016601999999999784e+00 7.336430000000000451e-01 2.867431999999999981e+00 2.720946999999999782e+00
4.614260000000000028e-01 2.016601999999999784e+00 7.312009999999999899e-01 2.866210999999999842e+00 2.700194999999999901e+00
4.614260000000000028e-01 2.016601999999999784e+00 7.312009999999999899e-01 2.868651999999999980e+00 2.701416000000000039e+00
4.602049999999999752e-01 2.016601999999999784e+00 7.299799999999999622e-01 2.866210999999999842e+00 2.700194999999999901e+00
4.602049999999999752e-01 2.009276999999999980e+00 7.287599999999999634e-01 2.866210999999999842e+00 2.701416000000000039e+00
4.589840000000000031e-01 2.006835999999999842e+00 7.287599999999999634e-01 2.866210999999999842e+00 2.700194999999999901e+00
4.565429999999999766e-01 2.006835999999999842e+00 7.275390000000000468e-01 2.867431999999999981e+00 2.703857000000000177e+00
4.565429999999999766e-01 1.998291000000000039e+00 7.275390000000000468e-01 2.860107000000000177e+00 2.701416000000000039e+00
4.541020000000000056e-01 1.999511999999999956e+00 7.238769999999999927e-01 2.860107000000000177e+00 2.694091999999999931e+00
4.528809999999999780e-01 1.997069999999999901e+00 7.226559999999999651e-01 2.856444999999999901e+00 2.692870999999999793e+00
4.504389999999999783e-01 1.999511999999999956e+00 7.189940000000000220e-01 2.856444999999999901e+00 2.703857000000000177e+00
4.492189999999999794e-01 1.997069999999999901e+00 7.189940000000000220e-01 2.856444999999999901e+00 2.711181999999999981e+00
4.492189999999999794e-01 1.997069999999999901e+00 7.189940000000000220e-01 2.856444999999999901e+00 2.701416000000000039e+00
4.479980000000000073e-01 1.997069999999999901e+00 7.189940000000000220e-01 2.856444999999999901e+00 2.700194999999999901e+00
4.455569999999999808e-01 1.992188000000000070e+00 7.177729999999999944e-01 2.856444999999999901e+00 2.691650000000000098e+00
4.455569999999999808e-01 1.990966999999999931e+00 7.177729999999999944e-01 2.850341999999999931e+00 2.700194999999999901e+00
4.443360000000000087e-01 1.990966999999999931e+00 7.177729999999999944e-01 2.850341999999999931e+00 2.690430000000000099e+00
4.443360000000000087e-01 1.988525000000000098e+00 7.177729999999999944e-01 2.849120999999999793e+00 2.683104999999999851e+00
4.443360000000000087e-01 1.987305000000000099e+00 7.177729999999999944e-01 2.849120999999999793e+00 2.691650000000000098e+00
4.406740000000000101e-01 1.987305000000000099e+00 7.128910000000000524e-01 2.847900000000000098e+00 2.694091999999999931e+00
4.394529999999999825e-01 1.982421999999999906e+00 7.116700000000000248e-01 2.847900000000000098e+00 2.694091999999999931e+00
4.370120000000000116e-01 1.982421999999999906e+00 7.092289999999999983e-01 2.846680000000000099e+00 2.690430000000000099e+00
4.357909999999999839e-01 1.978760000000000074e+00 7.104489999999999972e-01 2.846680000000000099e+00 2.684325999999999990e+00
4.357909999999999839e-01 1.978760000000000074e+00 7.092289999999999983e-01 2.846680000000000099e+00 2.700194999999999901e+00
4.345700000000000118e-01 1.981200999999999990e+00 7.104489999999999972e-01 2.840575999999999990e+00 2.691650000000000098e+00
4.345700000000000118e-01 1.978760000000000074e+00 7.080079999999999707e-01 2.846680000000000099e+00 2.680664000000000158e+00
4.345700000000000118e-01 1.977538999999999936e+00 7.092289999999999983e-01 2.839354999999999851e+00 2.684325999999999990e+00
4.345700000000000118e-01 1.977538999999999936e+00 7.080079999999999707e-01 2.839354999999999851e+00 2.692870999999999793e+00
4.309080000000000132e-01 1.977538999999999936e+00 7.092289999999999983e-01 2.838134999999999852e+00 2.703857000000000177e+00
4.345700000000000118e-01 1.978760000000000074e+00 7.092289999999999983e-01 2.840575999999999990e+00 2.700194999999999901e+00
4.309080000000000132e-01 1.978760000000000074e+00 7.092289999999999983e-01 2.838134999999999852e+00 2.690430000000000099e+00
4.309080000000000132e-01 1.981200999999999990e+00 7.092289999999999983e-01 2.846680000000000099e+00 2.680664000000000158e+00
4.345700000000000118e-01 1.982421999999999906e+00 7.092289999999999983e-01 2.851563000000000070e+00 2.680664000000000158e+00
4.345700000000000118e-01 1.987305000000000099e+00 7.128910000000000524e-01 2.846680000000000099e+00 2.683104999999999851e+00
4.321289999999999853e-01 1.987305000000000099e+00 7.128910000000000524e-01 2.846680000000000099e+00 2.694091999999999931e+00
4.345700000000000118e-01 1.987305000000000099e+00 7.128910000000000524e-01 2.846680000000000099e+00 2.701416000000000039e+00
4.345700000000000118e-01 1.987305000000000099e+00 7.116700000000000248e-01 2.847900000000000098e+00 2.701416000000000039e+00
4.309080000000000132e-01 1.987305000000000099e+00 7.128910000000000524e-01 2.846680000000000099e+00 2.681884999999999852e+00
4.309080000000000132e-01 1.981200999999999990e+00 7.092289999999999983e-01 2.846680000000000099e+00 2.690430000000000099e+00
4.296880000000000144e-01 1.979980000000000073e+00 7.092289999999999983e-01 2.847900000000000098e+00 2.694091999999999931e+00
4.284669999999999868e-01 1.977538999999999936e+00 7.080079999999999707e-01 2.846680000000000099e+00 2.690430000000000099e+00
4.284669999999999868e-01 1.977538999999999936e+00 7.080079999999999707e-01 2.846680000000000099e+00 2.690430000000000099e+00
4.272460000000000147e-01 1.977538999999999936e+00 7.080079999999999707e-01 2.849120999999999793e+00 2.690430000000000099e+00
4.260249999999999870e-01 1.977538999999999936e+00 7.080079999999999707e-01 2.846680000000000099e+00 2.683104999999999851e+00
4.248049999999999882e-01 1.968993999999999911e+00 7.043460000000000276e-01 2.840575999999999990e+00 2.700194999999999901e+00
4.223629999999999884e-01 1.968993999999999911e+00 7.031250000000000000e-01 2.840575999999999990e+00 2.684325999999999990e+00
4.211429999999999896e-01 1.967772999999999994e+00 7.031250000000000000e-01 2.846680000000000099e+00 2.681884999999999852e+00
4.199220000000000175e-01 1.968993999999999911e+00 7.019039999999999724e-01 2.836914000000000158e+00 2.683104999999999851e+00
4.187009999999999899e-01 1.967772999999999994e+00 7.019039999999999724e-01 2.836914000000000158e+00 2.694091999999999931e+00
4.162600000000000189e-01 1.962890999999999941e+00 6.994629999999999459e-01 2.836914000000000158e+00 2.700194999999999901e+00
4.162600000000000189e-01 1.961670000000000025e+00 6.994629999999999459e-01 2.838134999999999852e+00 2.694091999999999931e+00
4.150389999999999913e-01 1.959229000000000109e+00 6.994629999999999459e-01 2.830811000000000188e+00 2.692870999999999793e+00
4.150389999999999913e-01 1.959229000000000109e+00 6.994629999999999459e-01 2.836914000000000158e+00 2.684325999999999990e+00
4.113769999999999927e-01 1.958007999999999971e+00 6.982420000000000293e-01 2.836914000000000158e+00 2.672118999999999911e+00
4.113769999999999927e-01 1.958007999999999971e+00 6.982420000000000293e-01 2.836914000000000158e+00 2.673340000000000050e+00
4.101560000000000206e-01 1.960449000000000108e+00 6.982420000000000293e-01 2.828368999999999911e+00 2.690430000000000099e+00
4.101560000000000206e-01 1.958007999999999971e+00 6.982420000000000293e-01 2.828368999999999911e+00 2.680664000000000158e+00
4.101560000000000206e-01 1.958007999999999971e+00 6.982420000000000293e-01 2.827148000000000216e+00 2.662354000000000109e+00
4.089360000000000217e-01 1.958007999999999971e+00 6.958010000000000028e-01 2.827148000000000216e+00 2.670898000000000216e+00
4.089360000000000217e-01 1.958007999999999971e+00 6.982420000000000293e-01 2.827148000000000216e+00 2.670898000000000216e+00
4.077149999999999941e-01 1.958007999999999971e+00 6.945799999999999752e-01 2.827148000000000216e+00 2.673340000000000050e+00
4.064940000000000220e-01 1.958007999999999971e+00 6.982420000000000293e-01 2.827148000000000216e+00 2.681884999999999852e+00
4.052729999999999944e-01 1.958007999999999971e+00 6.945799999999999752e-01 2.822265999999999941e+00 2.680664000000000158e+00
4.052729999999999944e-01 1.953125000000000000e+00 6.945799999999999752e-01 2.827148000000000216e+00 2.680664000000000158e+00
4.052729999999999944e-01 1.958007999999999971e+00 6.945799999999999752e-01 2.819824000000000108e+00 2.680664000000000158e+00
4.052729999999999944e-01 1.953125000000000000e+00 6.933589999999999476e-01 2.819824000000000108e+00 2.670898000000000216e+00
4.028320000000000234e-01 1.949462999999999946e+00 6.933589999999999476e-01 2.818604000000000109e+00 2.675781000000000187e+00
4.016109999999999958e-01 1.949462999999999946e+00 6.921389999999999487e-01 2.822265999999999941e+00 2.672118999999999911e+00
3.991700000000000248e-01 1.944579999999999975e+00 6.909180000000000321e-01 2.817382999999999971e+00 2.670898000000000216e+00
3.991700000000000248e-01 1.942139000000000060e+00 6.896970000000000045e-01 2.817382999999999971e+00 2.670898000000000216e+00
3.967289999999999983e-01 1.939697000000000005e+00 6.884770000000000056e-01 2.808838000000000168e+00 2.680664000000000158e+00
3.955080000000000262e-01 1.938477000000000006e+00 6.884770000000000056e-01 2.811278999999999861e+00 2.664794999999999803e+00
3.955080000000000262e-01 1.939697000000000005e+00 6.884770000000000056e-01 2.808838000000000168e+00 2.670898000000000216e+00
3.955080000000000262e-01 1.938477000000000006e+00 6.884770000000000056e-01 2.811278999999999861e+00 2.663574000000000108e+00
3.930660000000000265e-01 1.938477000000000006e+00 6.884770000000000056e-01 2.810058999999999862e+00 2.661132999999999971e+00
3.918460000000000276e-01 1.938477000000000006e+00 6.860349999999999504e-01 2.810058999999999862e+00 2.662354000000000109e+00
3.930660000000000265e-01 1.938477000000000006e+00 6.884770000000000056e-01 2.811278999999999861e+00 2.664794999999999803e+00
3.918460000000000276e-01 1.938477000000000006e+00 6.884770000000000056e-01 2.808838000000000168e+00 2.670898000000000216e+00
3.918460000000000276e-01 1.939697000000000005e+00 6.884770000000000056e-01 2.810058999999999862e+00 2.656250000000000000e+00
3.930660000000000265e-01 1.939697000000000005e+00 6.884770000000000056e-01 2.810058999999999862e+00 2.670898000000000216e+00
3.918460000000000276e-01 1.939697000000000005e+00 6.884770000000000056e-01 2.808838000000000168e+00 2.672118999999999911e+00
3.918460000000000276e-01 1.942139000000000060e+00 6.884770000000000056e-01 2.811278999999999861e+00 2.662354000000000109e+00
