8.789099999999999691e-02 1.228026999999999980e+00 5.358889999999999487e-01 2.109375000000000000e+00
8.911099999999999577e-02 1.230469000000000035e+00 5.358889999999999487e-01 2.105713000000000168e+00
8.789099999999999691e-02 1.230469000000000035e+00 5.346680000000000321e-01 2.105713000000000168e+00
8.911099999999999577e-02 1.230469000000000035e+00 5.371089999999999476e-01 2.105713000000000168e+00
9.033199999999999563e-02 1.235352000000000006e+00 5.456539999999999724e-01 2.114257999999999971e+00
9.643599999999999395e-02 1.246337999999999946e+00 5.712890000000000468e-01 2.117919999999999803e+00
1.074220000000000036e-01 1.274413999999999936e+00 6.115720000000000045e-01 2.143555000000000099e+00
1.245119999999999977e-01 1.304931999999999981e+00 6.591799999999999882e-01 2.172851999999999784e+00
1.513670000000000015e-01 1.358643000000000045e+00 7.092289999999999983e-01 2.213134999999999852e+00
1.904299999999999882e-01 1.430663999999999936e+00 7.702639999999999487e-01 2.280273000000000216e+00
2.404789999999999983e-01 1.512450999999999990e+00 8.361819999999999808e-01 2.368164000000000158e+00
3.039549999999999752e-01 1.601563000000000070e+00 8.935549999999999882e-01 2.468262000000000178e+00
3.662110000000000087e-01 1.684569999999999901e+00 9.338379999999999459e-01 2.564696999999999782e+00
4.223629999999999884e-01 1.752930000000000099e+00 9.619140000000000468e-01 2.645264000000000060e+00
4.699710000000000276e-01 1.811522999999999994e+00 9.777829999999999577e-01 2.709960999999999842e+00
5.090329999999999577e-01 1.850586000000000064e+00 9.826660000000000394e-01 2.760009999999999852e+00
5.419920000000000293e-01 1.882324000000000108e+00 9.826660000000000394e-01 2.797851999999999784e+00
5.639650000000000496e-01 1.911621000000000015e+00 9.814450000000000118e-01 2.832031000000000187e+00
5.847170000000000423e-01 1.936034999999999950e+00 9.838869999999999560e-01 2.856444999999999901e+00
6.018069999999999808e-01 1.958007999999999971e+00 9.863279999999999825e-01 2.875976999999999784e+00
6.201170000000000293e-01 1.978760000000000074e+00 9.912109999999999532e-01 2.895507999999999971e+00
6.311039999999999983e-01 2.000732000000000177e+00 9.960940000000000349e-01 2.915039000000000158e+00
6.469730000000000203e-01 2.020264000000000060e+00 1.000977000000000006e+00 2.934569999999999901e+00
6.591799999999999882e-01 2.036132999999999971e+00 1.000977000000000006e+00 2.954101999999999784e+00
6.689450000000000118e-01 2.049561000000000188e+00 1.000977000000000006e+00 2.963867000000000029e+00
6.738279999999999825e-01 2.059325999999999990e+00 9.924319999999999808e-01 2.973632999999999971e+00
6.787109999999999532e-01 2.065430000000000099e+00 9.851069999999999549e-01 2.983398000000000216e+00
6.787109999999999532e-01 2.075194999999999901e+00 9.765629999999999589e-01 2.983398000000000216e+00
6.799319999999999808e-01 2.075194999999999901e+00 9.680180000000000451e-01 2.985840000000000050e+00
6.799319999999999808e-01 2.078857000000000177e+00 9.619140000000000468e-01 2.993164000000000158e+00
6.823730000000000073e-01 2.084960999999999842e+00 9.570309999999999651e-01 2.993164000000000158e+00
6.835940000000000349e-01 2.087401999999999980e+00 9.570309999999999651e-01 3.002930000000000099e+00
6.884770000000000056e-01 2.094726999999999784e+00 9.570309999999999651e-01 3.002930000000000099e+00
6.921389999999999487e-01 2.104492000000000029e+00 9.631349999999999634e-01 3.012694999999999901e+00
6.982420000000000293e-01 2.109375000000000000e+00 9.716799999999999882e-01 3.022460999999999842e+00
7.031250000000000000e-01 2.114257999999999971e+00 9.728999999999999870e-01 3.032226999999999784e+00
7.092289999999999983e-01 2.125243999999999911e+00 9.814450000000000118e-01 3.035889000000000060e+00
7.177729999999999944e-01 2.133789000000000158e+00 9.863279999999999825e-01 3.045653999999999861e+00
7.275390000000000468e-01 2.143555000000000099e+00 1.000977000000000006e+00 3.054199000000000108e+00
7.385249999999999870e-01 2.163085999999999842e+00 1.015625000000000000e+00 3.072509999999999852e+00
7.531740000000000101e-01 2.182617000000000029e+00 1.035155999999999965e+00 3.090819999999999901e+00
7.678220000000000045e-01 2.202148000000000216e+00 1.053466999999999931e+00 3.110351999999999784e+00
7.824710000000000276e-01 2.221680000000000099e+00 1.064453000000000094e+00 3.131104000000000109e+00
7.958979999999999944e-01 2.231444999999999901e+00 1.072997999999999896e+00 3.139648000000000216e+00
8.056640000000000468e-01 2.241210999999999842e+00 1.074219000000000035e+00 3.149414000000000158e+00
8.081049999999999622e-01 2.253417999999999921e+00 1.069336000000000064e+00 3.164063000000000070e+00
8.117680000000000451e-01 2.252196999999999782e+00 1.060791000000000039e+00 3.160400000000000098e+00
8.105470000000000175e-01 2.260742000000000029e+00 1.051025000000000098e+00 3.162841999999999931e+00
8.068849999999999634e-01 2.260742000000000029e+00 1.036377000000000104e+00 3.162841999999999931e+00
8.056640000000000468e-01 2.252196999999999782e+00 1.021729000000000109e+00 3.159180000000000099e+00
7.971190000000000220e-01 2.250976999999999784e+00 1.007079999999999975e+00 3.159180000000000099e+00
7.922360000000000513e-01 2.250976999999999784e+00 9.912109999999999532e-01 3.154297000000000128e+00
7.861329999999999707e-01 2.242431999999999981e+00 9.814450000000000118e-01 3.149414000000000158e+00
7.812500000000000000e-01 2.241210999999999842e+00 9.716799999999999882e-01 3.143311000000000188e+00
7.763670000000000293e-01 2.233887000000000178e+00 9.680180000000000451e-01 3.139648000000000216e+00
7.727049999999999752e-01 2.235107000000000177e+00 9.716799999999999882e-01 3.143311000000000188e+00
7.727049999999999752e-01 2.241210999999999842e+00 9.765629999999999589e-01 3.139648000000000216e+00
7.763670000000000293e-01 2.243651999999999980e+00 9.851069999999999549e-01 3.149414000000000158e+00
7.763670000000000293e-01 2.250976999999999784e+00 9.924319999999999808e-01 3.149414000000000158e+00
7.775879999999999459e-01 2.252196999999999782e+00 9.948730000000000073e-01 3.151854999999999851e+00
7.763670000000000293e-01 2.260742000000000029e+00 9.948730000000000073e-01 3.153075999999999990e+00
7.775879999999999459e-01 2.260742000000000029e+00 9.924319999999999808e-01 3.159180000000000099e+00
7.763670000000000293e-01 2.260742000000000029e+00 9.826660000000000394e-01 3.159180000000000099e+00
7.727049999999999752e-01 2.254639000000000060e+00 9.765629999999999589e-01 3.159180000000000099e+00
7.690430000000000321e-01 2.253417999999999921e+00 9.667970000000000175e-01 3.149414000000000158e+00
7.666020000000000056e-01 2.250976999999999784e+00 9.570309999999999651e-01 3.149414000000000158e+00
7.580569999999999808e-01 2.243651999999999980e+00 9.460450000000000248e-01 3.149414000000000158e+00
7.531740000000000101e-01 2.241210999999999842e+00 9.338379999999999459e-01 3.139648000000000216e+00
7.470700000000000118e-01 2.231444999999999901e+00 9.240720000000000045e-01 3.131104000000000109e+00
7.385249999999999870e-01 2.225341999999999931e+00 9.130859999999999532e-01 3.129882999999999971e+00
7.324220000000000175e-01 2.221680000000000099e+00 8.996579999999999577e-01 3.120117000000000029e+00
7.238769999999999927e-01 2.211914000000000158e+00 8.911130000000000440e-01 3.111571999999999782e+00
7.177729999999999944e-01 2.202148000000000216e+00 8.801269999999999927e-01 3.104248000000000118e+00
7.080079999999999707e-01 2.193604000000000109e+00 8.703610000000000513e-01 3.100585999999999842e+00
6.994629999999999459e-01 2.192382999999999971e+00 8.593750000000000000e-01 3.090819999999999901e+00
6.921389999999999487e-01 2.182617000000000029e+00 8.544920000000000293e-01 3.083495999999999793e+00
6.835940000000000349e-01 2.172851999999999784e+00 8.447270000000000056e-01 3.081055000000000099e+00
6.787109999999999532e-01 2.164306999999999981e+00 8.349609999999999532e-01 3.073729999999999851e+00
6.689450000000000118e-01 2.155762000000000178e+00 8.264160000000000394e-01 3.063965000000000050e+00
6.591799999999999882e-01 2.153319999999999901e+00 8.190920000000000423e-01 3.054199000000000108e+00
6.506349999999999634e-01 2.143555000000000099e+00 8.154299999999999882e-01 3.048096000000000139e+00
6.433109999999999662e-01 2.135009999999999852e+00 8.068849999999999634e-01 3.046875000000000000e+00
6.396479999999999944e-01 2.133789000000000158e+00 8.056640000000000468e-01 3.033446999999999782e+00
6.311039999999999983e-01 2.124023000000000216e+00 8.056640000000000468e-01 3.033446999999999782e+00
6.262210000000000276e-01 2.117919999999999803e+00 8.007809999999999651e-01 3.023681999999999981e+00
6.201170000000000293e-01 2.114257999999999971e+00 7.995609999999999662e-01 3.022460999999999842e+00
6.164549999999999752e-01 2.114257999999999971e+00 8.007809999999999651e-01 3.016357000000000177e+00
6.115720000000000045e-01 2.114257999999999971e+00 7.983400000000000496e-01 3.013916000000000039e+00
6.079099999999999504e-01 2.104492000000000029e+00 8.007809999999999651e-01 3.012694999999999901e+00
6.042480000000000073e-01 2.104492000000000029e+00 8.020019999999999927e-01 3.012694999999999901e+00
6.005859999999999532e-01 2.104492000000000029e+00 8.056640000000000468e-01 3.012694999999999901e+00
6.005859999999999532e-01 2.104492000000000029e+00 8.117680000000000451e-01 3.012694999999999901e+00
6.005859999999999532e-01 2.104492000000000029e+00 8.178710000000000147e-01 3.012694999999999901e+00
6.005859999999999532e-01 2.104492000000000029e+00 8.251950000000000118e-01 3.016357000000000177e+00
6.018069999999999808e-01 2.110596000000000139e+00 8.349609999999999532e-01 3.013916000000000039e+00
6.030269999999999797e-01 2.114257999999999971e+00 8.447270000000000056e-01 3.022460999999999842e+00
6.103520000000000056e-01 2.115479000000000109e+00 8.557129999999999459e-01 3.027343999999999813e+00
6.115720000000000045e-01 2.124023000000000216e+00 8.679200000000000248e-01 3.032226999999999784e+00
6.201170000000000293e-01 2.135009999999999852e+00 8.764650000000000496e-01 3.041992000000000029e+00
6.213379999999999459e-01 2.137450999999999990e+00 8.837890000000000468e-01 3.046875000000000000e+00
6.262210000000000276e-01 2.143555000000000099e+00 8.886720000000000175e-01 3.051757999999999971e+00
6.298829999999999707e-01 2.144775000000000098e+00 8.898930000000000451e-01 3.061523000000000216e+00
6.311039999999999983e-01 2.148438000000000070e+00 8.886720000000000175e-01 3.061523000000000216e+00
6.323239999999999972e-01 2.149658000000000069e+00 8.886720000000000175e-01 3.063965000000000050e+00
6.335450000000000248e-01 2.153319999999999901e+00 8.850099999999999634e-01 3.072509999999999852e+00
6.323239999999999972e-01 2.153319999999999901e+00 8.837890000000000468e-01 3.065186000000000188e+00
6.335450000000000248e-01 2.147216999999999931e+00 8.752440000000000220e-01 3.072509999999999852e+00
6.298829999999999707e-01 2.147216999999999931e+00 8.691410000000000524e-01 3.066406000000000187e+00
6.262210000000000276e-01 2.144775000000000098e+00 8.642579999999999707e-01 3.061523000000000216e+00
6.250000000000000000e-01 2.143555000000000099e+00 8.557129999999999459e-01 3.061523000000000216e+00
6.213379999999999459e-01 2.143555000000000099e+00 8.496089999999999476e-01 3.054199000000000108e+00
6.164549999999999752e-01 2.135009999999999852e+00 8.459470000000000045e-01 3.052979000000000109e+00
6.127930000000000321e-01 2.133789000000000158e+00 8.398440000000000349e-01 3.051757999999999971e+00
6.103520000000000056e-01 2.128906000000000187e+00 8.349609999999999532e-01 3.051757999999999971e+00
6.042480000000000073e-01 2.128906000000000187e+00 8.300779999999999825e-01 3.045653999999999861e+00
6.005859999999999532e-01 2.124023000000000216e+00 8.264160000000000394e-01 3.041992000000000029e+00
5.969240000000000101e-01 2.124023000000000216e+00 8.251950000000000118e-01 3.041992000000000029e+00
5.944819999999999549e-01 2.115479000000000109e+00 8.251950000000000118e-01 3.035889000000000060e+00
5.908200000000000118e-01 2.114257999999999971e+00 8.251950000000000118e-01 3.034667999999999921e+00
5.908200000000000118e-01 2.114257999999999971e+00 8.251950000000000118e-01 3.037109000000000059e+00
5.847170000000000423e-01 2.109375000000000000e+00 8.251950000000000118e-01 3.032226999999999784e+00
5.834960000000000147e-01 2.109375000000000000e+00 8.215329999999999577e-01 3.032226999999999784e+00
5.822749999999999870e-01 2.109375000000000000e+00 8.251950000000000118e-01 3.033446999999999782e+00
5.810549999999999882e-01 2.109375000000000000e+00 8.264160000000000394e-01 3.028563999999999812e+00
5.810549999999999882e-01 2.109375000000000000e+00 8.288569999999999549e-01 3.029784999999999950e+00
5.810549999999999882e-01 2.114257999999999971e+00 8.312990000000000101e-01 3.032226999999999784e+00
5.810549999999999882e-01 2.114257999999999971e+00 8.349609999999999532e-01 3.034667999999999921e+00
5.834960000000000147e-01 2.114257999999999971e+00 8.410640000000000338e-01 3.032226999999999784e+00
5.859379999999999589e-01 2.119140999999999941e+00 8.508299999999999752e-01 3.035889000000000060e+00
5.920410000000000394e-01 2.124023000000000216e+00 8.605960000000000276e-01 3.041992000000000029e+00
5.981450000000000378e-01 2.133789000000000158e+00 8.740229999999999944e-01 3.054199000000000108e+00
6.054690000000000349e-01 2.143555000000000099e+00 8.837890000000000468e-01 3.054199000000000108e+00
6.140139999999999487e-01 2.153319999999999901e+00 8.959960000000000147e-01 3.063965000000000050e+00
6.250000000000000000e-01 2.167968999999999813e+00 9.082029999999999825e-01 3.071289000000000158e+00
6.311039999999999983e-01 2.174071999999999782e+00 9.191890000000000338e-01 3.082275000000000098e+00
6.396479999999999944e-01 2.187500000000000000e+00 9.277339999999999476e-01 3.090819999999999901e+00
6.457519999999999927e-01 2.192382999999999971e+00 9.326170000000000293e-01 3.100585999999999842e+00
6.518549999999999622e-01 2.194824000000000108e+00 9.338379999999999459e-01 3.104248000000000118e+00
6.591799999999999882e-01 2.202148000000000216e+00 9.338379999999999459e-01 3.110351999999999784e+00
6.603999999999999870e-01 2.207031000000000187e+00 9.326170000000000293e-01 3.120117000000000029e+00
6.603999999999999870e-01 2.207031000000000187e+00 9.228520000000000056e-01 3.112792999999999921e+00
6.603999999999999870e-01 2.205811000000000188e+00 9.191890000000000338e-01 3.120117000000000029e+00
6.603999999999999870e-01 2.205811000000000188e+00 9.130859999999999532e-01 3.112792999999999921e+00
6.603999999999999870e-01 2.203368999999999911e+00 9.045410000000000394e-01 3.120117000000000029e+00
6.591799999999999882e-01 2.203368999999999911e+00 9.033200000000000118e-01 3.112792999999999921e+00
6.591799999999999882e-01 2.202148000000000216e+00 8.972170000000000423e-01 3.111571999999999782e+00
6.555180000000000451e-01 2.202148000000000216e+00 8.996579999999999577e-01 3.112792999999999921e+00
6.591799999999999882e-01 2.203368999999999911e+00 9.082029999999999825e-01 3.110351999999999784e+00
6.603999999999999870e-01 2.205811000000000188e+00 9.143069999999999808e-01 3.111571999999999782e+00
6.640629999999999589e-01 2.213134999999999852e+00 9.265139999999999487e-01 3.114014000000000060e+00
6.701660000000000394e-01 2.221680000000000099e+00 9.423829999999999707e-01 3.125000000000000000e+00
6.787109999999999532e-01 2.231444999999999901e+00 9.521479999999999944e-01 3.129882999999999971e+00
6.884770000000000056e-01 2.241210999999999842e+00 9.619140000000000468e-01 3.139648000000000216e+00
6.945799999999999752e-01 2.250976999999999784e+00 9.716799999999999882e-01 3.149414000000000158e+00
7.006839999999999735e-01 2.252196999999999782e+00 9.753420000000000423e-01 3.159180000000000099e+00
7.080079999999999707e-01 2.260742000000000029e+00 9.741210000000000147e-01 3.160400000000000098e+00
7.080079999999999707e-01 2.260742000000000029e+00 9.655759999999999899e-01 3.161620999999999793e+00
7.080079999999999707e-01 2.260742000000000029e+00 9.582519999999999927e-01 3.162841999999999931e+00
7.080079999999999707e-01 2.260742000000000029e+00 9.436039999999999983e-01 3.161620999999999793e+00
7.031250000000000000e-01 2.253417999999999921e+00 9.362789999999999724e-01 3.160400000000000098e+00
6.994629999999999459e-01 2.250976999999999784e+00 9.265139999999999487e-01 3.159180000000000099e+00
6.982420000000000293e-01 2.242431999999999981e+00 9.179690000000000349e-01 3.153075999999999990e+00
6.909180000000000321e-01 2.242431999999999981e+00 9.094240000000000101e-01 3.150634999999999852e+00
6.884770000000000056e-01 2.233887000000000178e+00 9.033200000000000118e-01 3.151854999999999851e+00
6.823730000000000073e-01 2.231444999999999901e+00 8.972170000000000423e-01 3.149414000000000158e+00
6.787109999999999532e-01 2.225341999999999931e+00 8.898930000000000451e-01 3.142090000000000050e+00
6.738279999999999825e-01 2.221680000000000099e+00 8.850099999999999634e-01 3.139648000000000216e+00
6.689450000000000118e-01 2.221680000000000099e+00 8.789059999999999651e-01 3.129882999999999971e+00
6.640629999999999589e-01 2.211914000000000158e+00 8.776859999999999662e-01 3.139648000000000216e+00
6.628420000000000423e-01 2.213134999999999852e+00 8.850099999999999634e-01 3.131104000000000109e+00
6.628420000000000423e-01 2.221680000000000099e+00 8.959960000000000147e-01 3.129882999999999971e+00
6.640629999999999589e-01 2.221680000000000099e+00 9.033200000000000118e-01 3.139648000000000216e+00
6.689450000000000118e-01 2.221680000000000099e+00 9.094240000000000101e-01 3.144531000000000187e+00
6.689450000000000118e-01 2.225341999999999931e+00 9.143069999999999808e-01 3.142090000000000050e+00
6.701660000000000394e-01 2.231444999999999901e+00 9.179690000000000349e-01 3.149414000000000158e+00
6.701660000000000394e-01 2.231444999999999901e+00 9.167480000000000073e-01 3.149414000000000158e+00
6.689450000000000118e-01 2.232666000000000039e+00 9.143069999999999808e-01 3.151854999999999851e+00
6.689450000000000118e-01 2.232666000000000039e+00 9.143069999999999808e-01 3.151854999999999851e+00
6.689450000000000118e-01 2.231444999999999901e+00 9.130859999999999532e-01 3.154297000000000128e+00
6.689450000000000118e-01 2.231444999999999901e+00 9.130859999999999532e-01 3.154297000000000128e+00
6.689450000000000118e-01 2.231444999999999901e+00 9.045410000000000394e-01 3.149414000000000158e+00
6.652829999999999577e-01 2.231444999999999901e+00 8.984379999999999589e-01 3.149414000000000158e+00
6.616210000000000147e-01 2.222900000000000098e+00 8.898930000000000451e-01 3.143311000000000188e+00
6.591799999999999882e-01 2.221680000000000099e+00 8.801269999999999927e-01 3.139648000000000216e+00
6.518549999999999622e-01 2.215575999999999990e+00 8.703610000000000513e-01 3.139648000000000216e+00
6.494140000000000468e-01 2.211914000000000158e+00 8.642579999999999707e-01 3.131104000000000109e+00
6.433109999999999662e-01 2.211914000000000158e+00 8.605960000000000276e-01 3.132324000000000108e+00
6.408690000000000220e-01 2.207031000000000187e+00 8.642579999999999707e-01 3.129882999999999971e+00
6.408690000000000220e-01 2.211914000000000158e+00 8.752440000000000220e-01 3.129882999999999971e+00
6.457519999999999927e-01 2.213134999999999852e+00 8.959960000000000147e-01 3.133544999999999803e+00
6.555180000000000451e-01 2.231444999999999901e+00 9.265139999999999487e-01 3.140868999999999911e+00
6.689450000000000118e-01 2.241210999999999842e+00 9.558109999999999662e-01 3.159180000000000099e+00
6.823730000000000073e-01 2.260742000000000029e+00 9.765629999999999589e-01 3.168944999999999901e+00
6.933589999999999476e-01 2.270507999999999971e+00 9.863279999999999825e-01 3.178710999999999842e+00
7.031250000000000000e-01 2.280273000000000216e+00 9.912109999999999532e-01 3.188476999999999784e+00
7.092289999999999983e-01 2.281493999999999911e+00 9.851069999999999549e-01 3.203125000000000000e+00
7.128910000000000524e-01 2.291259999999999852e+00 9.814450000000000118e-01 3.208007999999999971e+00
7.141110000000000513e-01 2.290039000000000158e+00 9.716799999999999882e-01 3.203125000000000000e+00
7.141110000000000513e-01 2.290039000000000158e+00 9.619140000000000468e-01 3.198242000000000029e+00
7.128910000000000524e-01 2.290039000000000158e+00 9.521479999999999944e-01 3.198242000000000029e+00
7.092289999999999983e-01 2.280273000000000216e+00 9.387210000000000276e-01 3.198242000000000029e+00
7.043460000000000276e-01 2.280273000000000216e+00 9.289549999999999752e-01 3.190917999999999921e+00
7.006839999999999735e-01 2.271729000000000109e+00 9.191890000000000338e-01 3.188476999999999784e+00
6.982420000000000293e-01 2.270507999999999971e+00 9.094240000000000101e-01 3.182373000000000118e+00
6.909180000000000321e-01 2.260742000000000029e+00 8.996579999999999577e-01 3.178710999999999842e+00
6.835940000000000349e-01 2.260742000000000029e+00 8.898930000000000451e-01 3.171387000000000178e+00
6.787109999999999532e-01 2.252196999999999782e+00 8.837890000000000468e-01 3.170166000000000039e+00
6.750490000000000101e-01 2.250976999999999784e+00 8.837890000000000468e-01 3.168944999999999901e+00
6.701660000000000394e-01 2.246093999999999813e+00 8.837890000000000468e-01 3.168944999999999901e+00
6.713869999999999560e-01 2.250976999999999784e+00 8.959960000000000147e-01 3.162841999999999931e+00
6.750490000000000101e-01 2.254639000000000060e+00 9.130859999999999532e-01 3.168944999999999901e+00
6.799319999999999808e-01 2.261963000000000168e+00 9.252930000000000321e-01 3.178710999999999842e+00
6.835940000000000349e-01 2.270507999999999971e+00 9.362789999999999724e-01 3.178710999999999842e+00
6.884770000000000056e-01 2.270507999999999971e+00 9.423829999999999707e-01 3.182373000000000118e+00
6.896970000000000045e-01 2.274169999999999803e+00 9.423829999999999707e-01 3.188476999999999784e+00
6.921389999999999487e-01 2.280273000000000216e+00 9.423829999999999707e-01 3.198242000000000029e+00
6.945799999999999752e-01 2.280273000000000216e+00 9.423829999999999707e-01 3.199463000000000168e+00
6.945799999999999752e-01 2.280273000000000216e+00 9.375000000000000000e-01 3.199463000000000168e+00
6.933589999999999476e-01 2.280273000000000216e+00 9.338379999999999459e-01 3.198242000000000029e+00
6.933589999999999476e-01 2.280273000000000216e+00 9.277339999999999476e-01 3.192139000000000060e+00
6.909180000000000321e-01 2.274169999999999803e+00 9.228520000000000056e-01 3.189696999999999782e+00
6.884770000000000056e-01 2.270507999999999971e+00 9.143069999999999808e-01 3.189696999999999782e+00
6.884770000000000056e-01 2.272949000000000108e+00 9.130859999999999532e-01 3.193359000000000059e+00
6.835940000000000349e-01 2.270507999999999971e+00 9.082029999999999825e-01 3.188476999999999784e+00
6.811519999999999797e-01 2.265625000000000000e+00 9.045410000000000394e-01 3.188476999999999784e+00
6.787109999999999532e-01 2.265625000000000000e+00 9.033200000000000118e-01 3.179931999999999981e+00
6.787109999999999532e-01 2.260742000000000029e+00 8.996579999999999577e-01 3.178710999999999842e+00
6.738279999999999825e-01 2.260742000000000029e+00 8.984379999999999589e-01 3.179931999999999981e+00
6.726069999999999549e-01 2.260742000000000029e+00 8.972170000000000423e-01 3.178710999999999842e+00
6.701660000000000394e-01 2.260742000000000029e+00 8.972170000000000423e-01 3.178710999999999842e+00
6.701660000000000394e-01 2.260742000000000029e+00 9.033200000000000118e-01 3.179931999999999981e+00
6.713869999999999560e-01 2.261963000000000168e+00 9.130859999999999532e-01 3.179931999999999981e+00
6.750490000000000101e-01 2.270507999999999971e+00 9.191890000000000338e-01 3.188476999999999784e+00
6.811519999999999797e-01 2.270507999999999971e+00 9.326170000000000293e-01 3.188476999999999784e+00
6.848140000000000338e-01 2.280273000000000216e+00 9.460450000000000248e-01 3.188476999999999784e+00
6.909180000000000321e-01 2.285156000000000187e+00 9.570309999999999651e-01 3.208007999999999971e+00
6.994629999999999459e-01 2.293700999999999990e+00 9.655759999999999899e-01 3.208007999999999971e+00
7.019039999999999724e-01 2.299805000000000099e+00 9.716799999999999882e-01 3.217773000000000216e+00
7.080079999999999707e-01 2.304688000000000070e+00 9.716799999999999882e-01 3.217773000000000216e+00
7.080079999999999707e-01 2.303466999999999931e+00 9.716799999999999882e-01 3.222656000000000187e+00
7.080079999999999707e-01 2.303466999999999931e+00 9.716799999999999882e-01 3.222656000000000187e+00
7.080079999999999707e-01 2.309569999999999901e+00 9.631349999999999634e-01 3.227539000000000158e+00
7.092289999999999983e-01 2.309569999999999901e+00 9.594730000000000203e-01 3.228759999999999852e+00
7.104489999999999972e-01 2.309569999999999901e+00 9.521479999999999944e-01 3.227539000000000158e+00
7.080079999999999707e-01 2.304688000000000070e+00 9.436039999999999983e-01 3.218993999999999911e+00
7.043460000000000276e-01 2.299805000000000099e+00 9.338379999999999459e-01 3.217773000000000216e+00
6.994629999999999459e-01 2.293700999999999990e+00 9.228520000000000056e-01 3.211669999999999803e+00
6.982420000000000293e-01 2.291259999999999852e+00 9.130859999999999532e-01 3.211669999999999803e+00
6.896970000000000045e-01 2.286376999999999882e+00 9.033200000000000118e-01 3.208007999999999971e+00
6.835940000000000349e-01 2.280273000000000216e+00 8.935549999999999882e-01 3.208007999999999971e+00
6.787109999999999532e-01 2.271729000000000109e+00 8.837890000000000468e-01 3.198242000000000029e+00
6.689450000000000118e-01 2.265625000000000000e+00 8.703610000000000513e-01 3.188476999999999784e+00
6.640629999999999589e-01 2.260742000000000029e+00 8.605960000000000276e-01 3.179931999999999981e+00
6.591799999999999882e-01 2.254639000000000060e+00 8.593750000000000000e-01 3.178710999999999842e+00
6.530759999999999899e-01 2.250976999999999784e+00 8.605960000000000276e-01 3.171387000000000178e+00
6.506349999999999634e-01 2.250976999999999784e+00 8.642579999999999707e-01 3.171387000000000178e+00
6.494140000000000468e-01 2.250976999999999784e+00 8.740229999999999944e-01 3.173827999999999872e+00
6.494140000000000468e-01 2.250976999999999784e+00 8.789059999999999651e-01 3.170166000000000039e+00
6.506349999999999634e-01 2.253417999999999921e+00 8.898930000000000451e-01 3.170166000000000039e+00
6.518549999999999622e-01 2.260742000000000029e+00 8.996579999999999577e-01 3.172607000000000177e+00
6.542970000000000175e-01 2.265625000000000000e+00 9.130859999999999532e-01 3.178710999999999842e+00
6.591799999999999882e-01 2.270507999999999971e+00 9.228520000000000056e-01 3.181151999999999980e+00
6.628420000000000423e-01 2.272949000000000108e+00 9.252930000000000321e-01 3.188476999999999784e+00
6.640629999999999589e-01 2.274169999999999803e+00 9.252930000000000321e-01 3.188476999999999784e+00
6.640629999999999589e-01 2.280273000000000216e+00 9.228520000000000056e-01 3.188476999999999784e+00
6.628420000000000423e-01 2.274169999999999803e+00 9.143069999999999808e-01 3.188476999999999784e+00
6.603999999999999870e-01 2.271729000000000109e+00 9.130859999999999532e-01 3.188476999999999784e+00
6.616210000000000147e-01 2.270507999999999971e+00 9.057619999999999560e-01 3.188476999999999784e+00
6.555180000000000451e-01 2.270507999999999971e+00 8.947749999999999870e-01 3.178710999999999842e+00
6.506349999999999634e-01 2.266846000000000139e+00 8.898930000000000451e-01 3.178710999999999842e+00
6.494140000000000468e-01 2.260742000000000029e+00 8.801269999999999927e-01 3.178710999999999842e+00
6.433109999999999662e-01 2.255859000000000059e+00 8.740229999999999944e-01 3.168944999999999901e+00
6.396479999999999944e-01 2.250976999999999784e+00 8.654789999999999983e-01 3.168944999999999901e+00
6.335450000000000248e-01 2.250976999999999784e+00 8.581539999999999724e-01 3.161620999999999793e+00
6.298829999999999707e-01 2.241210999999999842e+00 8.544920000000000293e-01 3.159180000000000099e+00
6.201170000000000293e-01 2.231444999999999901e+00 8.398440000000000349e-01 3.149414000000000158e+00
6.127930000000000321e-01 2.226563000000000070e+00 8.361819999999999808e-01 3.140868999999999911e+00
6.103520000000000056e-01 2.222900000000000098e+00 8.361819999999999808e-01 3.139648000000000216e+00
6.066890000000000338e-01 2.221680000000000099e+00 8.447270000000000056e-01 3.140868999999999911e+00
6.066890000000000338e-01 2.221680000000000099e+00 8.544920000000000293e-01 3.139648000000000216e+00
6.103520000000000056e-01 2.225341999999999931e+00 8.654789999999999983e-01 3.139648000000000216e+00
6.127930000000000321e-01 2.231444999999999901e+00 8.776859999999999662e-01 3.142090000000000050e+00
6.164549999999999752e-01 2.232666000000000039e+00 8.837890000000000468e-01 3.149414000000000158e+00
6.201170000000000293e-01 2.233887000000000178e+00 8.935549999999999882e-01 3.150634999999999852e+00
6.250000000000000000e-01 2.241210999999999842e+00 8.972170000000000423e-01 3.151854999999999851e+00
6.298829999999999707e-01 2.242431999999999981e+00 9.045410000000000394e-01 3.159180000000000099e+00
6.335450000000000248e-01 2.250976999999999784e+00 9.155269999999999797e-01 3.160400000000000098e+00
6.396479999999999944e-01 2.260742000000000029e+00 9.240720000000000045e-01 3.168944999999999901e+00
6.433109999999999662e-01 2.260742000000000029e+00 9.277339999999999476e-01 3.170166000000000039e+00
6.494140000000000468e-01 2.266846000000000139e+00 9.277339999999999476e-01 3.178710999999999842e+00
6.494140000000000468e-01 2.265625000000000000e+00 9.240720000000000045e-01 3.178710999999999842e+00
6.494140000000000468e-01 2.261963000000000168e+00 9.130859999999999532e-01 3.178710999999999842e+00
6.494140000000000468e-01 2.260742000000000029e+00 9.033200000000000118e-01 3.181151999999999980e+00
6.494140000000000468e-01 2.263183999999999862e+00 9.033200000000000118e-01 3.178710999999999842e+00
6.494140000000000468e-01 2.260742000000000029e+00 9.082029999999999825e-01 3.178710999999999842e+00
6.506349999999999634e-01 2.265625000000000000e+00 9.167480000000000073e-01 3.178710999999999842e+00
6.530759999999999899e-01 2.270507999999999971e+00 9.228520000000000056e-01 3.178710999999999842e+00
6.591799999999999882e-01 2.270507999999999971e+00 9.240720000000000045e-01 3.188476999999999784e+00
6.640629999999999589e-01 2.281493999999999911e+00 9.338379999999999459e-01 3.189696999999999782e+00
6.689450000000000118e-01 2.281493999999999911e+00 9.362789999999999724e-01 3.198242000000000029e+00
6.701660000000000394e-01 2.285156000000000187e+00 9.362789999999999724e-01 3.198242000000000029e+00
6.701660000000000394e-01 2.290039000000000158e+00 9.326170000000000293e-01 3.198242000000000029e+00
6.701660000000000394e-01 2.285156000000000187e+00 9.252930000000000321e-01 3.198242000000000029e+00
6.689450000000000118e-01 2.283936000000000188e+00 9.179690000000000349e-01 3.198242000000000029e+00
6.689450000000000118e-01 2.280273000000000216e+00 9.130859999999999532e-01 3.198242000000000029e+00
6.603999999999999870e-01 2.271729000000000109e+00 8.947749999999999870e-01 3.198242000000000029e+00
6.555180000000000451e-01 2.270507999999999971e+00 8.874509999999999899e-01 3.188476999999999784e+00
6.506349999999999634e-01 2.261963000000000168e+00 8.801269999999999927e-01 3.179931999999999981e+00
6.494140000000000468e-01 2.255859000000000059e+00 8.703610000000000513e-01 3.172607000000000177e+00
6.408690000000000220e-01 2.250976999999999784e+00 8.654789999999999983e-01 3.172607000000000177e+00
6.396479999999999944e-01 2.246093999999999813e+00 8.593750000000000000e-01 3.168944999999999901e+00
6.311039999999999983e-01 2.241210999999999842e+00 8.508299999999999752e-01 3.159180000000000099e+00
6.262210000000000276e-01 2.235107000000000177e+00 8.447270000000000056e-01 3.153075999999999990e+00
6.225589999999999735e-01 2.233887000000000178e+00 8.447270000000000056e-01 3.153075999999999990e+00
6.201170000000000293e-01 2.231444999999999901e+00 8.398440000000000349e-01 3.149414000000000158e+00
6.140139999999999487e-01 2.221680000000000099e+00 8.361819999999999808e-01 3.149414000000000158e+00
6.103520000000000056e-01 2.221680000000000099e+00 8.349609999999999532e-01 3.149414000000000158e+00
6.066890000000000338e-01 2.213134999999999852e+00 8.349609999999999532e-01 3.139648000000000216e+00
6.018069999999999808e-01 2.216797000000000128e+00 8.300779999999999825e-01 3.139648000000000216e+00
6.005859999999999532e-01 2.211914000000000158e+00 8.349609999999999532e-01 3.131104000000000109e+00
6.005859999999999532e-01 2.207031000000000187e+00 8.398440000000000349e-01 3.132324000000000108e+00
6.005859999999999532e-01 2.211914000000000158e+00 8.447270000000000056e-01 3.133544999999999803e+00
5.969240000000000101e-01 2.211914000000000158e+00 8.508299999999999752e-01 3.132324000000000108e+00
5.969240000000000101e-01 2.211914000000000158e+00 8.544920000000000293e-01 3.132324000000000108e+00
5.981450000000000378e-01 2.211914000000000158e+00 8.544920000000000293e-01 3.133544999999999803e+00
5.957029999999999825e-01 2.211914000000000158e+00 8.544920000000000293e-01 3.133544999999999803e+00
5.944819999999999549e-01 2.207031000000000187e+00 8.496089999999999476e-01 3.133544999999999803e+00
5.920410000000000394e-01 2.203368999999999911e+00 8.483889999999999487e-01 3.129882999999999971e+00
5.908200000000000118e-01 2.203368999999999911e+00 8.447270000000000056e-01 3.129882999999999971e+00
5.859379999999999589e-01 2.202148000000000216e+00 8.398440000000000349e-01 3.129882999999999971e+00
5.834960000000000147e-01 2.194824000000000108e+00 8.386230000000000073e-01 3.129882999999999971e+00
5.822749999999999870e-01 2.194824000000000108e+00 8.361819999999999808e-01 3.129882999999999971e+00
5.810549999999999882e-01 2.192382999999999971e+00 8.349609999999999532e-01 3.125000000000000000e+00
5.773930000000000451e-01 2.192382999999999971e+00 8.349609999999999532e-01 3.122558999999999862e+00
5.749509999999999899e-01 2.192382999999999971e+00 8.312990000000000101e-01 3.121338000000000168e+00
5.725099999999999634e-01 2.192382999999999971e+00 8.288569999999999549e-01 3.122558999999999862e+00
5.712890000000000468e-01 2.183838000000000168e+00 8.251950000000000118e-01 3.120117000000000029e+00
5.676269999999999927e-01 2.182617000000000029e+00 8.251950000000000118e-01 3.112792999999999921e+00
5.651859999999999662e-01 2.182617000000000029e+00 8.215329999999999577e-01 3.111571999999999782e+00
5.627440000000000220e-01 2.176514000000000060e+00 8.190920000000000423e-01 3.110351999999999784e+00
5.615229999999999944e-01 2.174071999999999782e+00 8.166499999999999870e-01 3.110351999999999784e+00
5.566410000000000524e-01 2.172851999999999784e+00 8.154299999999999882e-01 3.110351999999999784e+00
5.529789999999999983e-01 2.165526999999999980e+00 8.105470000000000175e-01 3.101806999999999981e+00
5.517579999999999707e-01 2.164306999999999981e+00 8.056640000000000468e-01 3.100585999999999842e+00
5.468750000000000000e-01 2.163085999999999842e+00 8.007809999999999651e-01 3.093262000000000178e+00
5.419920000000000293e-01 2.153319999999999901e+00 7.958979999999999944e-01 3.090819999999999901e+00
5.371089999999999476e-01 2.153319999999999901e+00 7.897950000000000248e-01 3.084716999999999931e+00
5.334470000000000045e-01 2.145995999999999793e+00 7.873539999999999983e-01 3.081055000000000099e+00
5.322270000000000056e-01 2.143555000000000099e+00 7.885739999999999972e-01 3.081055000000000099e+00
5.285640000000000338e-01 2.143555000000000099e+00 7.897950000000000248e-01 3.081055000000000099e+00
5.273440000000000349e-01 2.143555000000000099e+00 7.922360000000000513e-01 3.074950999999999990e+00
5.236819999999999808e-01 2.137450999999999990e+00 7.910160000000000524e-01 3.081055000000000099e+00
5.224609999999999532e-01 2.137450999999999990e+00 7.922360000000000513e-01 3.072509999999999852e+00
5.224609999999999532e-01 2.133789000000000158e+00 7.922360000000000513e-01 3.071289000000000158e+00
5.187990000000000101e-01 2.133789000000000158e+00 7.873539999999999983e-01 3.065186000000000188e+00
5.163569999999999549e-01 2.133789000000000158e+00 7.861329999999999707e-01 3.071289000000000158e+00
5.139160000000000394e-01 2.133789000000000158e+00 7.861329999999999707e-01 3.071289000000000158e+00
5.126950000000000118e-01 2.125243999999999911e+00 7.861329999999999707e-01 3.062743999999999911e+00
5.126950000000000118e-01 2.127686000000000188e+00 7.873539999999999983e-01 3.061523000000000216e+00
5.090329999999999577e-01 2.124023000000000216e+00 7.897950000000000248e-01 3.066406000000000187e+00
5.090329999999999577e-01 2.127686000000000188e+00 7.958979999999999944e-01 3.061523000000000216e+00
5.090329999999999577e-01 2.126465000000000050e+00 7.983400000000000496e-01 3.061523000000000216e+00
5.126950000000000118e-01 2.133789000000000158e+00 8.056640000000000468e-01 3.066406000000000187e+00
5.139160000000000394e-01 2.133789000000000158e+00 8.105470000000000175e-01 3.061523000000000216e+00
5.163569999999999549e-01 2.133789000000000158e+00 8.166499999999999870e-01 3.067626999999999882e+00
5.224609999999999532e-01 2.138672000000000128e+00 8.251950000000000118e-01 3.071289000000000158e+00
5.273440000000000349e-01 2.145995999999999793e+00 8.410640000000000338e-01 3.073729999999999851e+00
5.371089999999999476e-01 2.156982000000000177e+00 8.605960000000000276e-01 3.082275000000000098e+00
5.480960000000000276e-01 2.172851999999999784e+00 8.801269999999999927e-01 3.093262000000000178e+00
5.615229999999999944e-01 2.185058999999999862e+00 8.935549999999999882e-01 3.110351999999999784e+00
5.712890000000000468e-01 2.193604000000000109e+00 9.033200000000000118e-01 3.112792999999999921e+00
5.810549999999999882e-01 2.196044999999999803e+00 9.033200000000000118e-01 3.123778999999999861e+00
5.871579999999999577e-01 2.203368999999999911e+00 9.069819999999999549e-01 3.129882999999999971e+00
5.932619999999999560e-01 2.211914000000000158e+00 9.069819999999999549e-01 3.139648000000000216e+00
6.005859999999999532e-01 2.211914000000000158e+00 9.045410000000000394e-01 3.139648000000000216e+00
6.018069999999999808e-01 2.221680000000000099e+00 9.033200000000000118e-01 3.139648000000000216e+00
6.066890000000000338e-01 2.214354999999999851e+00 9.033200000000000118e-01 3.149414000000000158e+00
6.103520000000000056e-01 2.221680000000000099e+00 9.033200000000000118e-01 3.143311000000000188e+00
6.127930000000000321e-01 2.221680000000000099e+00 9.033200000000000118e-01 3.149414000000000158e+00
6.152339999999999476e-01 2.222900000000000098e+00 9.033200000000000118e-01 3.149414000000000158e+00
6.164549999999999752e-01 2.221680000000000099e+00 8.972170000000000423e-01 3.150634999999999852e+00
6.164549999999999752e-01 2.222900000000000098e+00 8.935549999999999882e-01 3.150634999999999852e+00
6.152339999999999476e-01 2.221680000000000099e+00 8.837890000000000468e-01 3.149414000000000158e+00
6.115720000000000045e-01 2.216797000000000128e+00 8.740229999999999944e-01 3.151854999999999851e+00
6.103520000000000056e-01 2.213134999999999852e+00 8.654789999999999983e-01 3.149414000000000158e+00
6.079099999999999504e-01 2.211914000000000158e+00 8.642579999999999707e-01 3.144531000000000187e+00
6.079099999999999504e-01 2.211914000000000158e+00 8.679200000000000248e-01 3.140868999999999911e+00
6.103520000000000056e-01 2.211914000000000158e+00 8.740229999999999944e-01 3.149414000000000158e+00
6.115720000000000045e-01 2.214354999999999851e+00 8.789059999999999651e-01 3.149414000000000158e+00
6.140139999999999487e-01 2.222900000000000098e+00 8.789059999999999651e-01 3.149414000000000158e+00
6.152339999999999476e-01 2.221680000000000099e+00 8.837890000000000468e-01 3.149414000000000158e+00
6.164549999999999752e-01 2.221680000000000099e+00 8.837890000000000468e-01 3.149414000000000158e+00
6.213379999999999459e-01 2.225341999999999931e+00 8.886720000000000175e-01 3.151854999999999851e+00
6.250000000000000000e-01 2.231444999999999901e+00 8.972170000000000423e-01 3.153075999999999990e+00
6.298829999999999707e-01 2.241210999999999842e+00 9.069819999999999549e-01 3.159180000000000099e+00
6.347660000000000524e-01 2.241210999999999842e+00 9.143069999999999808e-01 3.161620999999999793e+00
6.396479999999999944e-01 2.250976999999999784e+00 9.191890000000000338e-01 3.168944999999999901e+00
6.420900000000000496e-01 2.252196999999999782e+00 9.228520000000000056e-01 3.168944999999999901e+00
6.457519999999999927e-01 2.254639000000000060e+00 9.191890000000000338e-01 3.170166000000000039e+00
6.494140000000000468e-01 2.260742000000000029e+00 9.179690000000000349e-01 3.178710999999999842e+00
6.494140000000000468e-01 2.260742000000000029e+00 9.143069999999999808e-01 3.172607000000000177e+00
6.506349999999999634e-01 2.260742000000000029e+00 9.155269999999999797e-01 3.178710999999999842e+00
6.506349999999999634e-01 2.260742000000000029e+00 9.155269999999999797e-01 3.173827999999999872e+00
6.518549999999999622e-01 2.265625000000000000e+00 9.167480000000000073e-01 3.181151999999999980e+00
6.530759999999999899e-01 2.261963000000000168e+00 9.130859999999999532e-01 3.172607000000000177e+00
6.518549999999999622e-01 2.260742000000000029e+00 9.069819999999999549e-01 3.178710999999999842e+00
6.518549999999999622e-01 2.260742000000000029e+00 9.033200000000000118e-01 3.175049000000000010e+00
6.494140000000000468e-01 2.255859000000000059e+00 8.947749999999999870e-01 3.178710999999999842e+00
6.445309999999999651e-01 2.250976999999999784e+00 8.874509999999999899e-01 3.170166000000000039e+00
6.408690000000000220e-01 2.250976999999999784e+00 8.837890000000000468e-01 3.162841999999999931e+00
6.396479999999999944e-01 2.246093999999999813e+00 8.752440000000000220e-01 3.168944999999999901e+00
6.359860000000000513e-01 2.241210999999999842e+00 8.691410000000000524e-01 3.162841999999999931e+00
6.311039999999999983e-01 2.241210999999999842e+00 8.642579999999999707e-01 3.161620999999999793e+00
6.298829999999999707e-01 2.232666000000000039e+00 8.581539999999999724e-01 3.159180000000000099e+00
6.250000000000000000e-01 2.231444999999999901e+00 8.544920000000000293e-01 3.153075999999999990e+00
6.213379999999999459e-01 2.224120999999999793e+00 8.483889999999999487e-01 3.149414000000000158e+00
6.152339999999999476e-01 2.221680000000000099e+00 8.410640000000000338e-01 3.149414000000000158e+00
6.103520000000000056e-01 2.211914000000000158e+00 8.361819999999999808e-01 3.149414000000000158e+00
6.054690000000000349e-01 2.211914000000000158e+00 8.251950000000000118e-01 3.139648000000000216e+00
6.005859999999999532e-01 2.202148000000000216e+00 8.190920000000000423e-01 3.131104000000000109e+00
5.920410000000000394e-01 2.192382999999999971e+00 8.105470000000000175e-01 3.129882999999999971e+00
5.859379999999999589e-01 2.186278999999999861e+00 8.056640000000000468e-01 3.122558999999999862e+00
5.810549999999999882e-01 2.182617000000000029e+00 7.971190000000000220e-01 3.114014000000000060e+00
5.712890000000000468e-01 2.172851999999999784e+00 7.885739999999999972e-01 3.110351999999999784e+00
5.664059999999999651e-01 2.165526999999999980e+00 7.824710000000000276e-01 3.110351999999999784e+00
5.615229999999999944e-01 2.163085999999999842e+00 7.800289999999999724e-01 3.096924000000000010e+00
