7.446300000000000141e-02 1.241454999999999975e+00 5.236819999999999808e-01 2.077637000000000178e+00
7.446300000000000141e-02 1.245117000000000029e+00 5.236819999999999808e-01 2.077637000000000178e+00
7.446300000000000141e-02 1.240234000000000059e+00 5.236819999999999808e-01 2.076416000000000039e+00
7.446300000000000141e-02 1.240234000000000059e+00 5.236819999999999808e-01 2.078857000000000177e+00
7.446300000000000141e-02 1.245117000000000029e+00 5.236819999999999808e-01 2.076416000000000039e+00
7.446300000000000141e-02 1.240234000000000059e+00 5.236819999999999808e-01 2.076416000000000039e+00
7.446300000000000141e-02 1.240234000000000059e+00 5.236819999999999808e-01 2.075194999999999901e+00
7.446300000000000141e-02 1.240234000000000059e+00 5.236819999999999808e-01 2.076416000000000039e+00
7.324200000000000155e-02 1.240234000000000059e+00 5.236819999999999808e-01 2.076416000000000039e+00
7.324200000000000155e-02 1.240234000000000059e+00 5.236819999999999808e-01 2.075194999999999901e+00
7.446300000000000141e-02 1.240234000000000059e+00 5.224609999999999532e-01 2.076416000000000039e+00
7.446300000000000141e-02 1.240234000000000059e+00 5.236819999999999808e-01 2.076416000000000039e+00
7.324200000000000155e-02 1.240234000000000059e+00 5.236819999999999808e-01 2.080077999999999872e+00
7.446300000000000141e-02 1.239014000000000060e+00 5.236819999999999808e-01 2.077637000000000178e+00
7.324200000000000155e-02 1.240234000000000059e+00 5.236819999999999808e-01 2.076416000000000039e+00
7.324200000000000155e-02 1.240234000000000059e+00 5.236819999999999808e-01 2.076416000000000039e+00
7.446300000000000141e-02 1.240234000000000059e+00 5.224609999999999532e-01 2.075194999999999901e+00
7.324200000000000155e-02 1.240234000000000059e+00 5.224609999999999532e-01 2.075194999999999901e+00
7.324200000000000155e-02 1.240234000000000059e+00 5.224609999999999532e-01 2.075194999999999901e+00
7.324200000000000155e-02 1.245117000000000029e+00 5.236819999999999808e-01 2.076416000000000039e+00
7.324200000000000155e-02 1.240234000000000059e+00 5.224609999999999532e-01 2.075194999999999901e+00
7.324200000000000155e-02 1.241454999999999975e+00 5.224609999999999532e-01 2.076416000000000039e+00
7.324200000000000155e-02 1.245117000000000029e+00 5.224609999999999532e-01 2.075194999999999901e+00
7.324200000000000155e-02 1.240234000000000059e+00 5.224609999999999532e-01 2.075194999999999901e+00
7.324200000000000155e-02 1.240234000000000059e+00 5.224609999999999532e-01 2.075194999999999901e+00
7.324200000000000155e-02 1.245117000000000029e+00 5.224609999999999532e-01 2.069091999999999931e+00
7.324200000000000155e-02 1.245117000000000029e+00 5.224609999999999532e-01 2.075194999999999901e+00
7.446300000000000141e-02 1.245117000000000029e+00 5.224609999999999532e-01 2.076416000000000039e+00
7.568400000000000127e-02 1.250000000000000000e+00 5.236819999999999808e-01 2.076416000000000039e+00
7.690400000000000014e-02 1.254882999999999971e+00 5.249019999999999797e-01 2.078857000000000177e+00
7.812500000000000000e-02 1.264647999999999994e+00 5.273440000000000349e-01 2.084960999999999842e+00
8.300799999999999845e-02 1.280518000000000045e+00 5.322270000000000056e-01 2.094726999999999784e+00
8.789099999999999691e-02 1.303711000000000064e+00 5.383299999999999752e-01 2.104492000000000029e+00
9.643599999999999395e-02 1.333007999999999971e+00 5.493160000000000265e-01 2.124023000000000216e+00
1.062010000000000037e-01 1.372069999999999901e+00 5.615229999999999944e-01 2.143555000000000099e+00
1.184079999999999994e-01 1.411132999999999971e+00 5.725099999999999634e-01 2.163085999999999842e+00
1.330570000000000086e-01 1.450194999999999901e+00 5.847170000000000423e-01 2.194824000000000108e+00
1.477050000000000030e-01 1.484375000000000000e+00 5.957029999999999825e-01 2.226563000000000070e+00
1.635739999999999972e-01 1.518555000000000099e+00 6.066890000000000338e-01 2.252196999999999782e+00
1.806639999999999913e-01 1.547852000000000006e+00 6.164549999999999752e-01 2.281493999999999911e+00
1.965330000000000132e-01 1.577147999999999994e+00 6.262210000000000276e-01 2.319335999999999842e+00
2.136230000000000073e-01 1.597900000000000098e+00 6.359860000000000513e-01 2.343750000000000000e+00
2.294920000000000015e-01 1.621094000000000035e+00 6.433109999999999662e-01 2.370604999999999851e+00
2.429199999999999970e-01 1.636962999999999946e+00 6.506349999999999634e-01 2.402343999999999813e+00
2.563480000000000203e-01 1.655272999999999994e+00 6.555180000000000451e-01 2.416992000000000029e+00
2.697749999999999870e-01 1.667480000000000073e+00 6.616210000000000147e-01 2.436523000000000216e+00
2.795409999999999839e-01 1.679688000000000070e+00 6.652829999999999577e-01 2.456055000000000099e+00
2.893069999999999808e-01 1.694336000000000064e+00 6.689450000000000118e-01 2.469482000000000177e+00
3.002929999999999766e-01 1.704102000000000006e+00 6.738279999999999825e-01 2.486571999999999782e+00
3.088380000000000014e-01 1.715087999999999946e+00 6.787109999999999532e-01 2.504882999999999971e+00
3.173830000000000262e-01 1.724854000000000109e+00 6.823730000000000073e-01 2.524414000000000158e+00
3.283690000000000220e-01 1.743163999999999936e+00 6.848140000000000338e-01 2.534180000000000099e+00
3.381350000000000189e-01 1.752930000000000099e+00 6.909180000000000321e-01 2.545166000000000039e+00
3.466799999999999882e-01 1.763916000000000039e+00 6.945799999999999752e-01 2.568359000000000059e+00
3.527830000000000132e-01 1.776122999999999896e+00 6.994629999999999459e-01 2.573242000000000029e+00
3.625490000000000101e-01 1.793212999999999946e+00 7.043460000000000276e-01 2.592773000000000216e+00
3.723139999999999783e-01 1.802979000000000109e+00 7.080079999999999707e-01 2.602539000000000158e+00
3.808590000000000031e-01 1.821288999999999936e+00 7.141110000000000513e-01 2.614745999999999793e+00
3.906250000000000000e-01 1.832275000000000098e+00 7.189940000000000220e-01 2.631835999999999842e+00
3.991700000000000248e-01 1.850586000000000064e+00 7.238769999999999927e-01 2.641601999999999784e+00
4.089360000000000217e-01 1.862792999999999921e+00 7.312009999999999899e-01 2.661132999999999971e+00
4.187009999999999899e-01 1.879882999999999971e+00 7.373049999999999882e-01 2.670898000000000216e+00
4.296880000000000144e-01 1.893310999999999966e+00 7.421879999999999589e-01 2.683104999999999851e+00
4.406740000000000101e-01 1.912841999999999931e+00 7.482910000000000394e-01 2.700194999999999901e+00
4.516600000000000059e-01 1.931151999999999980e+00 7.580569999999999808e-01 2.719726999999999784e+00
4.638669999999999738e-01 1.948242000000000029e+00 7.666020000000000056e-01 2.734375000000000000e+00
4.748539999999999983e-01 1.967772999999999994e+00 7.727049999999999752e-01 2.749023000000000216e+00
4.846190000000000220e-01 1.978760000000000074e+00 7.800289999999999724e-01 2.768555000000000099e+00
4.968259999999999899e-01 1.997069999999999901e+00 7.861329999999999707e-01 2.778319999999999901e+00
5.065920000000000423e-01 2.008056999999999981e+00 7.958979999999999944e-01 2.799071999999999782e+00
5.163569999999999549e-01 2.019042999999999921e+00 7.971190000000000220e-01 2.807617000000000029e+00
5.249019999999999797e-01 2.031250000000000000e+00 8.056640000000000468e-01 2.817382999999999971e+00
5.334470000000000045e-01 2.038574000000000108e+00 8.093259999999999899e-01 2.827148000000000216e+00
5.419920000000000293e-01 2.050781000000000187e+00 8.117680000000000451e-01 2.838134999999999852e+00
5.480960000000000276e-01 2.059325999999999990e+00 8.166499999999999870e-01 2.846680000000000099e+00
5.578610000000000513e-01 2.067870999999999793e+00 8.215329999999999577e-01 2.857666000000000039e+00
5.651859999999999662e-01 2.084960999999999842e+00 8.264160000000000394e-01 2.875976999999999784e+00
5.737299999999999622e-01 2.097167999999999921e+00 8.337400000000000366e-01 2.885742000000000029e+00
5.822749999999999870e-01 2.109375000000000000e+00 8.398440000000000349e-01 2.896729000000000109e+00
5.908200000000000118e-01 2.124023000000000216e+00 8.447270000000000056e-01 2.906493999999999911e+00
6.005859999999999532e-01 2.126465000000000050e+00 8.496089999999999476e-01 2.916259999999999852e+00
6.030269999999999797e-01 2.133789000000000158e+00 8.544920000000000293e-01 2.924805000000000099e+00
6.103520000000000056e-01 2.136229999999999851e+00 8.557129999999999459e-01 2.934569999999999901e+00
6.115720000000000045e-01 2.136229999999999851e+00 8.544920000000000293e-01 2.935791000000000039e+00
6.140139999999999487e-01 2.136229999999999851e+00 8.544920000000000293e-01 2.944335999999999842e+00
6.152339999999999476e-01 2.135009999999999852e+00 8.544920000000000293e-01 2.944335999999999842e+00
6.140139999999999487e-01 2.135009999999999852e+00 8.508299999999999752e-01 2.945556999999999981e+00
6.140139999999999487e-01 2.133789000000000158e+00 8.496089999999999476e-01 2.947998000000000118e+00
6.140139999999999487e-01 2.133789000000000158e+00 8.483889999999999487e-01 2.954101999999999784e+00
6.115720000000000045e-01 2.130126999999999882e+00 8.459470000000000045e-01 2.954101999999999784e+00
6.103520000000000056e-01 2.133789000000000158e+00 8.447270000000000056e-01 2.954101999999999784e+00
6.103520000000000056e-01 2.126465000000000050e+00 8.398440000000000349e-01 2.954101999999999784e+00
6.103520000000000056e-01 2.128906000000000187e+00 8.398440000000000349e-01 2.946776999999999980e+00
6.066890000000000338e-01 2.124023000000000216e+00 8.361819999999999808e-01 2.954101999999999784e+00
6.054690000000000349e-01 2.117919999999999803e+00 8.349609999999999532e-01 2.945556999999999981e+00
6.018069999999999808e-01 2.115479000000000109e+00 8.312990000000000101e-01 2.945556999999999981e+00
6.005859999999999532e-01 2.114257999999999971e+00 8.288569999999999549e-01 2.944335999999999842e+00
6.005859999999999532e-01 2.114257999999999971e+00 8.264160000000000394e-01 2.944335999999999842e+00
5.969240000000000101e-01 2.109375000000000000e+00 8.251950000000000118e-01 2.944335999999999842e+00
5.957029999999999825e-01 2.104492000000000029e+00 8.190920000000000423e-01 2.944335999999999842e+00
5.920410000000000394e-01 2.104492000000000029e+00 8.190920000000000423e-01 2.944335999999999842e+00
5.908200000000000118e-01 2.098389000000000060e+00 8.154299999999999882e-01 2.938232000000000177e+00
5.871579999999999577e-01 2.097167999999999921e+00 8.154299999999999882e-01 2.937012000000000178e+00
5.859379999999999589e-01 2.095946999999999782e+00 8.117680000000000451e-01 2.934569999999999901e+00
5.834960000000000147e-01 2.095946999999999782e+00 8.093259999999999899e-01 2.934569999999999901e+00
5.822749999999999870e-01 2.094726999999999784e+00 8.068849999999999634e-01 2.934569999999999901e+00
5.786130000000000440e-01 2.097167999999999921e+00 8.056640000000000468e-01 2.934569999999999901e+00
5.773930000000000451e-01 2.094726999999999784e+00 8.056640000000000468e-01 2.934569999999999901e+00
5.749509999999999899e-01 2.089843999999999813e+00 8.020019999999999927e-01 2.934569999999999901e+00
5.725099999999999634e-01 2.087401999999999980e+00 8.007809999999999651e-01 2.928466999999999931e+00
5.712890000000000468e-01 2.086181999999999981e+00 7.971190000000000220e-01 2.929688000000000070e+00
5.676269999999999927e-01 2.084960999999999842e+00 7.958979999999999944e-01 2.928466999999999931e+00
5.664059999999999651e-01 2.084960999999999842e+00 7.958979999999999944e-01 2.926025000000000098e+00
5.627440000000000220e-01 2.086181999999999981e+00 7.922360000000000513e-01 2.926025000000000098e+00
5.627440000000000220e-01 2.084960999999999842e+00 7.922360000000000513e-01 2.924805000000000099e+00
5.615229999999999944e-01 2.086181999999999981e+00 7.922360000000000513e-01 2.924805000000000099e+00
5.615229999999999944e-01 2.089843999999999813e+00 7.922360000000000513e-01 2.924805000000000099e+00
5.615229999999999944e-01 2.094726999999999784e+00 7.922360000000000513e-01 2.927245999999999793e+00
5.615229999999999944e-01 2.099609000000000059e+00 7.971190000000000220e-01 2.929688000000000070e+00
5.651859999999999662e-01 2.109375000000000000e+00 8.007809999999999651e-01 2.934569999999999901e+00
5.676269999999999927e-01 2.116699000000000108e+00 8.056640000000000468e-01 2.937012000000000178e+00
5.725099999999999634e-01 2.124023000000000216e+00 8.068849999999999634e-01 2.944335999999999842e+00
5.749509999999999899e-01 2.135009999999999852e+00 8.154299999999999882e-01 2.954101999999999784e+00
5.810549999999999882e-01 2.143555000000000099e+00 8.166499999999999870e-01 2.957764000000000060e+00
5.859379999999999589e-01 2.153319999999999901e+00 8.215329999999999577e-01 2.963867000000000029e+00
5.896000000000000130e-01 2.160645000000000149e+00 8.251950000000000118e-01 2.973632999999999971e+00
5.944819999999999549e-01 2.172851999999999784e+00 8.300779999999999825e-01 2.974854000000000109e+00
6.005859999999999532e-01 2.174071999999999782e+00 8.349609999999999532e-01 2.983398000000000216e+00
6.030269999999999797e-01 2.182617000000000029e+00 8.361819999999999808e-01 2.993164000000000158e+00
6.103520000000000056e-01 2.187500000000000000e+00 8.410640000000000338e-01 2.994384999999999852e+00
6.103520000000000056e-01 2.187500000000000000e+00 8.410640000000000338e-01 2.994384999999999852e+00
6.115720000000000045e-01 2.192382999999999971e+00 8.447270000000000056e-01 3.002930000000000099e+00
6.152339999999999476e-01 2.197265999999999941e+00 8.459470000000000045e-01 3.004150000000000098e+00
6.164549999999999752e-01 2.202148000000000216e+00 8.459470000000000045e-01 3.006591999999999931e+00
6.213379999999999459e-01 2.211914000000000158e+00 8.496089999999999476e-01 3.012694999999999901e+00
6.250000000000000000e-01 2.211914000000000158e+00 8.544920000000000293e-01 3.015137000000000178e+00
6.262210000000000276e-01 2.213134999999999852e+00 8.544920000000000293e-01 3.022460999999999842e+00
6.298829999999999707e-01 2.221680000000000099e+00 8.557129999999999459e-01 3.024901999999999980e+00
6.298829999999999707e-01 2.225341999999999931e+00 8.557129999999999459e-01 3.032226999999999784e+00
6.298829999999999707e-01 2.221680000000000099e+00 8.557129999999999459e-01 3.032226999999999784e+00
6.311039999999999983e-01 2.221680000000000099e+00 8.569339999999999735e-01 3.032226999999999784e+00
6.323239999999999972e-01 2.221680000000000099e+00 8.557129999999999459e-01 3.032226999999999784e+00
6.323239999999999972e-01 2.224120999999999793e+00 8.557129999999999459e-01 3.032226999999999784e+00
6.347660000000000524e-01 2.231444999999999901e+00 8.557129999999999459e-01 3.034667999999999921e+00
6.359860000000000513e-01 2.231444999999999901e+00 8.593750000000000000e-01 3.043213000000000168e+00
6.359860000000000513e-01 2.233887000000000178e+00 8.593750000000000000e-01 3.041992000000000029e+00
6.396479999999999944e-01 2.235107000000000177e+00 8.593750000000000000e-01 3.041992000000000029e+00
6.396479999999999944e-01 2.241210999999999842e+00 8.642579999999999707e-01 3.044433999999999862e+00
6.408690000000000220e-01 2.241210999999999842e+00 8.642579999999999707e-01 3.051757999999999971e+00
6.433109999999999662e-01 2.241210999999999842e+00 8.642579999999999707e-01 3.051757999999999971e+00
6.408690000000000220e-01 2.241210999999999842e+00 8.642579999999999707e-01 3.051757999999999971e+00
6.408690000000000220e-01 2.241210999999999842e+00 8.642579999999999707e-01 3.052979000000000109e+00
6.408690000000000220e-01 2.241210999999999842e+00 8.605960000000000276e-01 3.051757999999999971e+00
6.408690000000000220e-01 2.241210999999999842e+00 8.593750000000000000e-01 3.052979000000000109e+00
6.408690000000000220e-01 2.241210999999999842e+00 8.581539999999999724e-01 3.054199000000000108e+00
6.396479999999999944e-01 2.241210999999999842e+00 8.557129999999999459e-01 3.052979000000000109e+00
6.396479999999999944e-01 2.241210999999999842e+00 8.557129999999999459e-01 3.052979000000000109e+00
6.396479999999999944e-01 2.241210999999999842e+00 8.557129999999999459e-01 3.051757999999999971e+00
6.396479999999999944e-01 2.241210999999999842e+00 8.544920000000000293e-01 3.052979000000000109e+00
6.359860000000000513e-01 2.241210999999999842e+00 8.544920000000000293e-01 3.054199000000000108e+00
6.396479999999999944e-01 2.243651999999999980e+00 8.544920000000000293e-01 3.051757999999999971e+00
6.396479999999999944e-01 2.246093999999999813e+00 8.544920000000000293e-01 3.051757999999999971e+00
6.359860000000000513e-01 2.242431999999999981e+00 8.544920000000000293e-01 3.051757999999999971e+00
6.359860000000000513e-01 2.235107000000000177e+00 8.544920000000000293e-01 3.051757999999999971e+00
6.335450000000000248e-01 2.233887000000000178e+00 8.508299999999999752e-01 3.052979000000000109e+00
6.311039999999999983e-01 2.231444999999999901e+00 8.471680000000000321e-01 3.051757999999999971e+00
6.298829999999999707e-01 2.231444999999999901e+00 8.459470000000000045e-01 3.051757999999999971e+00
6.298829999999999707e-01 2.226563000000000070e+00 8.447270000000000056e-01 3.051757999999999971e+00
6.250000000000000000e-01 2.231444999999999901e+00 8.410640000000000338e-01 3.051757999999999971e+00
6.250000000000000000e-01 2.224120999999999793e+00 8.398440000000000349e-01 3.046875000000000000e+00
6.225589999999999735e-01 2.224120999999999793e+00 8.386230000000000073e-01 3.044433999999999862e+00
6.213379999999999459e-01 2.221680000000000099e+00 8.361819999999999808e-01 3.041992000000000029e+00
6.201170000000000293e-01 2.221680000000000099e+00 8.349609999999999532e-01 3.051757999999999971e+00
6.201170000000000293e-01 2.221680000000000099e+00 8.349609999999999532e-01 3.043213000000000168e+00
6.152339999999999476e-01 2.222900000000000098e+00 8.349609999999999532e-01 3.041992000000000029e+00
6.164549999999999752e-01 2.221680000000000099e+00 8.325200000000000378e-01 3.046875000000000000e+00
6.115720000000000045e-01 2.221680000000000099e+00 8.312990000000000101e-01 3.035889000000000060e+00
6.115720000000000045e-01 2.213134999999999852e+00 8.264160000000000394e-01 3.041992000000000029e+00
6.103520000000000056e-01 2.215575999999999990e+00 8.264160000000000394e-01 3.041992000000000029e+00
6.103520000000000056e-01 2.211914000000000158e+00 8.251950000000000118e-01 3.041992000000000029e+00
6.054690000000000349e-01 2.211914000000000158e+00 8.251950000000000118e-01 3.041992000000000029e+00
6.018069999999999808e-01 2.203368999999999911e+00 8.215329999999999577e-01 3.033446999999999782e+00
6.005859999999999532e-01 2.202148000000000216e+00 8.178710000000000147e-01 3.032226999999999784e+00
5.957029999999999825e-01 2.194824000000000108e+00 8.166499999999999870e-01 3.032226999999999784e+00
5.920410000000000394e-01 2.192382999999999971e+00 8.117680000000000451e-01 3.022460999999999842e+00
5.871579999999999577e-01 2.182617000000000029e+00 8.068849999999999634e-01 3.022460999999999842e+00
5.847170000000000423e-01 2.182617000000000029e+00 8.056640000000000468e-01 3.022460999999999842e+00
5.810549999999999882e-01 2.175292999999999921e+00 8.020019999999999927e-01 3.015137000000000178e+00
5.749509999999999899e-01 2.172851999999999784e+00 7.971190000000000220e-01 3.012694999999999901e+00
5.712890000000000468e-01 2.163085999999999842e+00 7.958979999999999944e-01 3.012694999999999901e+00
5.664059999999999651e-01 2.156982000000000177e+00 7.897950000000000248e-01 3.002930000000000099e+00
5.615229999999999944e-01 2.153319999999999901e+00 7.873539999999999983e-01 3.002930000000000099e+00
5.578610000000000513e-01 2.148438000000000070e+00 7.861329999999999707e-01 2.995604999999999851e+00
5.529789999999999983e-01 2.144775000000000098e+00 7.824710000000000276e-01 2.993164000000000158e+00
5.493160000000000265e-01 2.143555000000000099e+00 7.800289999999999724e-01 2.993164000000000158e+00
5.468750000000000000e-01 2.143555000000000099e+00 7.763670000000000293e-01 2.991943000000000019e+00
5.432129999999999459e-01 2.137450999999999990e+00 7.763670000000000293e-01 2.983398000000000216e+00
5.419920000000000293e-01 2.135009999999999852e+00 7.763670000000000293e-01 2.983398000000000216e+00
5.419920000000000293e-01 2.137450999999999990e+00 7.763670000000000293e-01 2.977294999999999803e+00
5.358889999999999487e-01 2.133789000000000158e+00 7.727049999999999752e-01 2.985840000000000050e+00
5.334470000000000045e-01 2.135009999999999852e+00 7.714839999999999476e-01 2.977294999999999803e+00
5.322270000000000056e-01 2.133789000000000158e+00 7.714839999999999476e-01 2.983398000000000216e+00
5.322270000000000056e-01 2.133789000000000158e+00 7.702639999999999487e-01 2.976074000000000108e+00
5.285640000000000338e-01 2.133789000000000158e+00 7.678220000000000045e-01 2.974854000000000109e+00
5.273440000000000349e-01 2.133789000000000158e+00 7.690430000000000321e-01 2.974854000000000109e+00
5.261230000000000073e-01 2.133789000000000158e+00 7.678220000000000045e-01 2.973632999999999971e+00
5.236819999999999808e-01 2.128906000000000187e+00 7.678220000000000045e-01 2.973632999999999971e+00
5.224609999999999532e-01 2.125243999999999911e+00 7.666020000000000056e-01 2.973632999999999971e+00
5.175779999999999825e-01 2.124023000000000216e+00 7.617190000000000349e-01 2.973632999999999971e+00
5.139160000000000394e-01 2.119140999999999941e+00 7.604980000000000073e-01 2.968750000000000000e+00
5.126950000000000118e-01 2.114257999999999971e+00 7.580569999999999808e-01 2.963867000000000029e+00
5.090329999999999577e-01 2.109375000000000000e+00 7.568359999999999532e-01 2.957764000000000060e+00
5.053710000000000147e-01 2.105713000000000168e+00 7.531740000000000101e-01 2.955321999999999782e+00
5.017089999999999606e-01 2.104492000000000029e+00 7.507319999999999549e-01 2.954101999999999784e+00
4.980470000000000175e-01 2.094726999999999784e+00 7.470700000000000118e-01 2.949218999999999813e+00
4.931639999999999913e-01 2.094726999999999784e+00 7.434079999999999577e-01 2.944335999999999842e+00
4.882810000000000206e-01 2.084960999999999842e+00 7.397460000000000147e-01 2.944335999999999842e+00
4.846190000000000220e-01 2.078857000000000177e+00 7.373049999999999882e-01 2.935791000000000039e+00
4.797359999999999958e-01 2.075194999999999901e+00 7.373049999999999882e-01 2.934569999999999901e+00
4.797359999999999958e-01 2.075194999999999901e+00 7.336430000000000451e-01 2.928466999999999931e+00
4.748539999999999983e-01 2.075194999999999901e+00 7.336430000000000451e-01 2.927245999999999793e+00
4.736330000000000262e-01 2.075194999999999901e+00 7.324220000000000175e-01 2.928466999999999931e+00
4.699710000000000276e-01 2.075194999999999901e+00 7.324220000000000175e-01 2.924805000000000099e+00
4.687500000000000000e-01 2.069091999999999931e+00 7.299799999999999622e-01 2.924805000000000099e+00
4.675289999999999724e-01 2.075194999999999901e+00 7.312009999999999899e-01 2.924805000000000099e+00
4.663089999999999735e-01 2.075194999999999901e+00 7.312009999999999899e-01 2.924805000000000099e+00
4.663089999999999735e-01 2.075194999999999901e+00 7.312009999999999899e-01 2.924805000000000099e+00
4.638669999999999738e-01 2.069091999999999931e+00 7.299799999999999622e-01 2.924805000000000099e+00
4.638669999999999738e-01 2.069091999999999931e+00 7.287599999999999634e-01 2.917479999999999851e+00
4.602049999999999752e-01 2.070313000000000070e+00 7.275390000000000468e-01 2.916259999999999852e+00
4.589840000000000031e-01 2.065430000000000099e+00 7.275390000000000468e-01 2.916259999999999852e+00
4.553220000000000045e-01 2.059325999999999990e+00 7.275390000000000468e-01 2.915039000000000158e+00
4.553220000000000045e-01 2.060547000000000128e+00 7.238769999999999927e-01 2.915039000000000158e+00
4.541020000000000056e-01 2.056884999999999852e+00 7.226559999999999651e-01 2.910156000000000187e+00
4.492189999999999794e-01 2.055664000000000158e+00 7.214359999999999662e-01 2.905273000000000216e+00
4.479980000000000073e-01 2.055664000000000158e+00 7.189940000000000220e-01 2.905273000000000216e+00
4.455569999999999808e-01 2.049561000000000188e+00 7.189940000000000220e-01 2.905273000000000216e+00
4.443360000000000087e-01 2.045898000000000216e+00 7.177729999999999944e-01 2.896729000000000109e+00
4.406740000000000101e-01 2.045898000000000216e+00 7.165529999999999955e-01 2.895507999999999971e+00
4.382320000000000104e-01 2.039794999999999803e+00 7.141110000000000513e-01 2.895507999999999971e+00
4.370120000000000116e-01 2.045898000000000216e+00 7.141110000000000513e-01 2.895507999999999971e+00
4.357909999999999839e-01 2.039794999999999803e+00 7.141110000000000513e-01 2.895507999999999971e+00
4.345700000000000118e-01 2.041015999999999941e+00 7.141110000000000513e-01 2.895507999999999971e+00
4.345700000000000118e-01 2.045898000000000216e+00 7.177729999999999944e-01 2.895507999999999971e+00
4.345700000000000118e-01 2.045898000000000216e+00 7.189940000000000220e-01 2.895507999999999971e+00
4.345700000000000118e-01 2.045898000000000216e+00 7.177729999999999944e-01 2.895507999999999971e+00
4.345700000000000118e-01 2.045898000000000216e+00 7.177729999999999944e-01 2.895507999999999971e+00
4.345700000000000118e-01 2.045898000000000216e+00 7.177729999999999944e-01 2.895507999999999971e+00
4.309080000000000132e-01 2.039794999999999803e+00 7.141110000000000513e-01 2.895507999999999971e+00
4.309080000000000132e-01 2.038574000000000108e+00 7.141110000000000513e-01 2.895507999999999971e+00
4.296880000000000144e-01 2.036132999999999971e+00 7.128910000000000524e-01 2.895507999999999971e+00
4.284669999999999868e-01 2.036132999999999971e+00 7.104489999999999972e-01 2.888183999999999862e+00
4.248049999999999882e-01 2.031250000000000000e+00 7.092289999999999983e-01 2.885742000000000029e+00
4.248049999999999882e-01 2.026367000000000029e+00 7.080079999999999707e-01 2.885742000000000029e+00
4.199220000000000175e-01 2.026367000000000029e+00 7.080079999999999707e-01 2.879639000000000060e+00
4.162600000000000189e-01 2.016601999999999784e+00 7.031250000000000000e-01 2.877196999999999782e+00
4.162600000000000189e-01 2.016601999999999784e+00 7.019039999999999724e-01 2.878417999999999921e+00
4.125980000000000203e-01 2.010498000000000118e+00 6.994629999999999459e-01 2.875976999999999784e+00
4.101560000000000206e-01 2.006835999999999842e+00 6.994629999999999459e-01 2.869873000000000118e+00
4.064940000000000220e-01 2.006835999999999842e+00 6.982420000000000293e-01 2.866210999999999842e+00
4.052729999999999944e-01 2.000732000000000177e+00 6.982420000000000293e-01 2.866210999999999842e+00
4.028320000000000234e-01 1.999511999999999956e+00 6.945799999999999752e-01 2.860107000000000177e+00
4.016109999999999958e-01 1.997069999999999901e+00 6.933589999999999476e-01 2.857666000000000039e+00
3.991700000000000248e-01 1.997069999999999901e+00 6.933589999999999476e-01 2.857666000000000039e+00
3.967289999999999983e-01 1.990966999999999931e+00 6.909180000000000321e-01 2.856444999999999901e+00
3.955080000000000262e-01 1.988525000000000098e+00 6.896970000000000045e-01 2.856444999999999901e+00
3.918460000000000276e-01 1.988525000000000098e+00 6.884770000000000056e-01 2.851563000000000070e+00
3.918460000000000276e-01 1.989746000000000015e+00 6.896970000000000045e-01 2.847900000000000098e+00
3.906250000000000000e-01 1.987305000000000099e+00 6.884770000000000056e-01 2.849120999999999793e+00
3.894039999999999724e-01 1.987305000000000099e+00 6.884770000000000056e-01 2.846680000000000099e+00
3.869630000000000014e-01 1.982421999999999906e+00 6.884770000000000056e-01 2.851563000000000070e+00
3.869630000000000014e-01 1.987305000000000099e+00 6.884770000000000056e-01 2.849120999999999793e+00
3.857419999999999738e-01 1.979980000000000073e+00 6.884770000000000056e-01 2.840575999999999990e+00
3.857419999999999738e-01 1.978760000000000074e+00 6.884770000000000056e-01 2.839354999999999851e+00
3.845210000000000017e-01 1.978760000000000074e+00 6.884770000000000056e-01 2.840575999999999990e+00
3.820799999999999752e-01 1.977538999999999936e+00 6.884770000000000056e-01 2.836914000000000158e+00
3.808590000000000031e-01 1.978760000000000074e+00 6.884770000000000056e-01 2.838134999999999852e+00
3.796390000000000042e-01 1.977538999999999936e+00 6.848140000000000338e-01 2.836914000000000158e+00
3.784179999999999766e-01 1.977538999999999936e+00 6.848140000000000338e-01 2.836914000000000158e+00
3.771970000000000045e-01 1.971435999999999966e+00 6.835940000000000349e-01 2.836914000000000158e+00
3.759770000000000056e-01 1.972655999999999965e+00 6.823730000000000073e-01 2.834473000000000020e+00
3.759770000000000056e-01 1.972655999999999965e+00 6.823730000000000073e-01 2.834473000000000020e+00
3.723139999999999783e-01 1.967772999999999994e+00 6.799319999999999808e-01 2.829590000000000050e+00
3.723139999999999783e-01 1.961670000000000025e+00 6.799319999999999808e-01 2.827148000000000216e+00
3.698730000000000073e-01 1.959229000000000109e+00 6.787109999999999532e-01 2.828368999999999911e+00
3.674319999999999808e-01 1.958007999999999971e+00 6.787109999999999532e-01 2.827148000000000216e+00
3.662110000000000087e-01 1.958007999999999971e+00 6.750490000000000101e-01 2.818604000000000109e+00
3.625490000000000101e-01 1.958007999999999971e+00 6.738279999999999825e-01 2.817382999999999971e+00
3.625490000000000101e-01 1.953125000000000000e+00 6.738279999999999825e-01 2.817382999999999971e+00
3.625490000000000101e-01 1.958007999999999971e+00 6.738279999999999825e-01 2.817382999999999971e+00
3.625490000000000101e-01 1.958007999999999971e+00 6.750490000000000101e-01 2.817382999999999971e+00
3.625490000000000101e-01 1.959229000000000109e+00 6.787109999999999532e-01 2.817382999999999971e+00
3.662110000000000087e-01 1.967772999999999994e+00 6.799319999999999808e-01 2.818604000000000109e+00
3.674319999999999808e-01 1.968993999999999911e+00 6.823730000000000073e-01 2.819824000000000108e+00
3.710939999999999794e-01 1.977538999999999936e+00 6.884770000000000056e-01 2.827148000000000216e+00
3.735350000000000059e-01 1.979980000000000073e+00 6.909180000000000321e-01 2.828368999999999911e+00
3.759770000000000056e-01 1.987305000000000099e+00 6.945799999999999752e-01 2.836914000000000158e+00
3.796390000000000042e-01 1.988525000000000098e+00 6.982420000000000293e-01 2.836914000000000158e+00
3.796390000000000042e-01 1.988525000000000098e+00 6.982420000000000293e-01 2.836914000000000158e+00
3.820799999999999752e-01 1.990966999999999931e+00 6.982420000000000293e-01 2.839354999999999851e+00
3.833010000000000028e-01 1.997069999999999901e+00 6.982420000000000293e-01 2.846680000000000099e+00
3.857419999999999738e-01 1.990966999999999931e+00 6.994629999999999459e-01 2.846680000000000099e+00
3.857419999999999738e-01 1.989746000000000015e+00 6.994629999999999459e-01 2.846680000000000099e+00
3.857419999999999738e-01 1.988525000000000098e+00 6.994629999999999459e-01 2.846680000000000099e+00
3.869630000000000014e-01 1.987305000000000099e+00 6.982420000000000293e-01 2.851563000000000070e+00
3.857419999999999738e-01 1.987305000000000099e+00 6.982420000000000293e-01 2.846680000000000099e+00
3.857419999999999738e-01 1.981200999999999990e+00 6.982420000000000293e-01 2.846680000000000099e+00
3.857419999999999738e-01 1.978760000000000074e+00 6.945799999999999752e-01 2.846680000000000099e+00
3.820799999999999752e-01 1.977538999999999936e+00 6.921389999999999487e-01 2.841797000000000128e+00
3.808590000000000031e-01 1.972655999999999965e+00 6.909180000000000321e-01 2.846680000000000099e+00
3.796390000000000042e-01 1.967772999999999994e+00 6.884770000000000056e-01 2.836914000000000158e+00
3.771970000000000045e-01 1.967772999999999994e+00 6.884770000000000056e-01 2.836914000000000158e+00
3.759770000000000056e-01 1.959229000000000109e+00 6.848140000000000338e-01 2.830811000000000188e+00
3.759770000000000056e-01 1.958007999999999971e+00 6.835940000000000349e-01 2.832031000000000187e+00
3.723139999999999783e-01 1.954345999999999917e+00 6.823730000000000073e-01 2.828368999999999911e+00
3.710939999999999794e-01 1.949462999999999946e+00 6.799319999999999808e-01 2.827148000000000216e+00
3.674319999999999808e-01 1.948242000000000029e+00 6.799319999999999808e-01 2.827148000000000216e+00
3.674319999999999808e-01 1.948242000000000029e+00 6.787109999999999532e-01 2.827148000000000216e+00
3.662110000000000087e-01 1.948242000000000029e+00 6.787109999999999532e-01 2.817382999999999971e+00
3.662110000000000087e-01 1.948242000000000029e+00 6.787109999999999532e-01 2.817382999999999971e+00
3.662110000000000087e-01 1.948242000000000029e+00 6.787109999999999532e-01 2.818604000000000109e+00
3.637699999999999823e-01 1.948242000000000029e+00 6.787109999999999532e-01 2.811278999999999861e+00
3.625490000000000101e-01 1.948242000000000029e+00 6.787109999999999532e-01 2.822265999999999941e+00
3.625490000000000101e-01 1.942139000000000060e+00 6.787109999999999532e-01 2.817382999999999971e+00
3.625490000000000101e-01 1.940917999999999921e+00 6.787109999999999532e-01 2.811278999999999861e+00
3.613279999999999825e-01 1.938477000000000006e+00 6.787109999999999532e-01 2.811278999999999861e+00
3.601070000000000104e-01 1.938477000000000006e+00 6.750490000000000101e-01 2.811278999999999861e+00
3.576659999999999839e-01 1.932372999999999896e+00 6.738279999999999825e-01 2.808838000000000168e+00
3.576659999999999839e-01 1.932372999999999896e+00 6.713869999999999560e-01 2.807617000000000029e+00
3.564450000000000118e-01 1.928711000000000064e+00 6.701660000000000394e-01 2.807617000000000029e+00
3.564450000000000118e-01 1.928711000000000064e+00 6.701660000000000394e-01 2.810058999999999862e+00
3.515630000000000144e-01 1.928711000000000064e+00 6.689450000000000118e-01 2.801514000000000060e+00
3.503419999999999868e-01 1.921386999999999956e+00 6.689450000000000118e-01 2.797851999999999784e+00
3.503419999999999868e-01 1.918944999999999901e+00 6.652829999999999577e-01 2.797851999999999784e+00
3.466799999999999882e-01 1.914063000000000070e+00 6.640629999999999589e-01 2.792968999999999813e+00
3.442379999999999884e-01 1.910400000000000098e+00 6.628420000000000423e-01 2.797851999999999784e+00
3.430179999999999896e-01 1.909180000000000099e+00 6.628420000000000423e-01 2.788085999999999842e+00
3.417970000000000175e-01 1.909180000000000099e+00 6.616210000000000147e-01 2.788085999999999842e+00
3.405759999999999899e-01 1.909180000000000099e+00 6.628420000000000423e-01 2.788085999999999842e+00
3.405759999999999899e-01 1.909180000000000099e+00 6.616210000000000147e-01 2.788085999999999842e+00
3.405759999999999899e-01 1.914063000000000070e+00 6.628420000000000423e-01 2.789306999999999981e+00
3.442379999999999884e-01 1.928711000000000064e+00 6.689450000000000118e-01 2.792968999999999813e+00
3.503419999999999868e-01 1.948242000000000029e+00 6.787109999999999532e-01 2.797851999999999784e+00
3.576659999999999839e-01 1.968993999999999911e+00 6.884770000000000056e-01 2.810058999999999862e+00
3.674319999999999808e-01 1.987305000000000099e+00 6.982420000000000293e-01 2.827148000000000216e+00
3.771970000000000045e-01 2.008056999999999981e+00 7.080079999999999707e-01 2.846680000000000099e+00
3.869630000000000014e-01 2.021484000000000059e+00 7.141110000000000513e-01 2.856444999999999901e+00
3.967289999999999983e-01 2.036132999999999971e+00 7.226559999999999651e-01 2.866210999999999842e+00
4.077149999999999941e-01 2.045898000000000216e+00 7.287599999999999634e-01 2.875976999999999784e+00
4.187009999999999899e-01 2.058104999999999851e+00 7.373049999999999882e-01 2.890625000000000000e+00
4.187009999999999899e-01 2.058104999999999851e+00 7.373049999999999882e-01 2.890625000000000000e+00
4.394529999999999825e-01 2.076416000000000039e+00 7.482910000000000394e-01 2.915039000000000158e+00
4.467769999999999797e-01 2.084960999999999842e+00 7.531740000000000101e-01 2.924805000000000099e+00
4.553220000000000045e-01 2.094726999999999784e+00 7.568359999999999532e-01 2.934569999999999901e+00
4.638669999999999738e-01 2.097167999999999921e+00 7.580569999999999808e-01 2.944335999999999842e+00
4.687500000000000000e-01 2.098389000000000060e+00 7.617190000000000349e-01 2.949218999999999813e+00
4.736330000000000262e-01 2.098389000000000060e+00 7.629390000000000338e-01 2.954101999999999784e+00
4.772950000000000248e-01 2.094726999999999784e+00 7.617190000000000349e-01 2.954101999999999784e+00
4.833979999999999944e-01 2.094726999999999784e+00 7.604980000000000073e-01 2.954101999999999784e+00
4.833979999999999944e-01 2.089843999999999813e+00 7.580569999999999808e-01 2.955321999999999782e+00
4.833979999999999944e-01 2.084960999999999842e+00 7.580569999999999808e-01 2.954101999999999784e+00
4.833979999999999944e-01 2.084960999999999842e+00 7.568359999999999532e-01 2.954101999999999784e+00
4.833979999999999944e-01 2.078857000000000177e+00 7.568359999999999532e-01 2.954101999999999784e+00
4.833979999999999944e-01 2.076416000000000039e+00 7.531740000000000101e-01 2.958984000000000059e+00
4.833979999999999944e-01 2.076416000000000039e+00 7.531740000000000101e-01 2.954101999999999784e+00
4.833979999999999944e-01 2.077637000000000178e+00 7.507319999999999549e-01 2.954101999999999784e+00
4.833979999999999944e-01 2.075194999999999901e+00 7.507319999999999549e-01 2.954101999999999784e+00
4.833979999999999944e-01 2.076416000000000039e+00 7.507319999999999549e-01 2.954101999999999784e+00
4.833979999999999944e-01 2.075194999999999901e+00 7.507319999999999549e-01 2.946776999999999980e+00
4.833979999999999944e-01 2.066650000000000098e+00 7.482910000000000394e-01 2.954101999999999784e+00
4.797359999999999958e-01 2.067870999999999793e+00 7.470700000000000118e-01 2.944335999999999842e+00
4.797359999999999958e-01 2.065430000000000099e+00 7.470700000000000118e-01 2.944335999999999842e+00
4.748539999999999983e-01 2.060547000000000128e+00 7.421879999999999589e-01 2.944335999999999842e+00
4.736330000000000262e-01 2.055664000000000158e+00 7.397460000000000147e-01 2.935791000000000039e+00
4.699710000000000276e-01 2.048340000000000050e+00 7.373049999999999882e-01 2.934569999999999901e+00
4.687500000000000000e-01 2.045898000000000216e+00 7.373049999999999882e-01 2.934569999999999901e+00
4.650880000000000014e-01 2.036132999999999971e+00 7.299799999999999622e-01 2.927245999999999793e+00
4.602049999999999752e-01 2.031250000000000000e+00 7.275390000000000468e-01 2.924805000000000099e+00
4.577640000000000042e-01 2.026367000000000029e+00 7.238769999999999927e-01 2.917479999999999851e+00
4.541020000000000056e-01 2.017821999999999782e+00 7.214359999999999662e-01 2.917479999999999851e+00
4.492189999999999794e-01 2.016601999999999784e+00 7.177729999999999944e-01 2.906493999999999911e+00
4.443360000000000087e-01 2.006835999999999842e+00 7.141110000000000513e-01 2.906493999999999911e+00
4.406740000000000101e-01 1.998291000000000039e+00 7.116700000000000248e-01 2.896729000000000109e+00
4.357909999999999839e-01 1.997069999999999901e+00 7.092289999999999983e-01 2.896729000000000109e+00
4.370120000000000116e-01 2.006835999999999842e+00 7.092289999999999983e-01 2.895507999999999971e+00
4.394529999999999825e-01 2.017821999999999782e+00 7.177729999999999944e-01 2.899169999999999803e+00
4.443360000000000087e-01 2.036132999999999971e+00 7.238769999999999927e-01 2.910156000000000187e+00
4.504389999999999783e-01 2.055664000000000158e+00 7.324220000000000175e-01 2.916259999999999852e+00
4.504389999999999783e-01 2.055664000000000158e+00 7.324220000000000175e-01 2.916259999999999852e+00
4.589840000000000031e-01 2.067870999999999793e+00 7.397460000000000147e-01 2.926025000000000098e+00
4.748539999999999983e-01 2.095946999999999782e+00 7.568359999999999532e-01 2.949218999999999813e+00
4.833979999999999944e-01 2.114257999999999971e+00 7.617190000000000349e-01 2.963867000000000029e+00
4.895019999999999927e-01 2.117919999999999803e+00 7.678220000000000045e-01 2.973632999999999971e+00
4.943850000000000189e-01 2.125243999999999911e+00 7.727049999999999752e-01 2.976074000000000108e+00
5.029299999999999882e-01 2.133789000000000158e+00 7.763670000000000293e-01 2.983398000000000216e+00
5.065920000000000423e-01 2.133789000000000158e+00 7.812500000000000000e-01 2.993164000000000158e+00
5.126950000000000118e-01 2.135009999999999852e+00 7.800289999999999724e-01 2.993164000000000158e+00
5.126950000000000118e-01 2.135009999999999852e+00 7.812500000000000000e-01 2.995604999999999851e+00
5.139160000000000394e-01 2.143555000000000099e+00 7.812500000000000000e-01 2.994384999999999852e+00
5.175779999999999825e-01 2.137450999999999990e+00 7.812500000000000000e-01 2.996825999999999990e+00
5.187990000000000101e-01 2.137450999999999990e+00 7.812500000000000000e-01 3.002930000000000099e+00
5.224609999999999532e-01 2.136229999999999851e+00 7.812500000000000000e-01 3.002930000000000099e+00
5.224609999999999532e-01 2.133789000000000158e+00 7.812500000000000000e-01 3.002930000000000099e+00
5.224609999999999532e-01 2.133789000000000158e+00 7.800289999999999724e-01 3.002930000000000099e+00
5.224609999999999532e-01 2.128906000000000187e+00 7.775879999999999459e-01 3.007813000000000070e+00
5.187990000000000101e-01 2.124023000000000216e+00 7.763670000000000293e-01 2.996825999999999990e+00
5.175779999999999825e-01 2.117919999999999803e+00 7.763670000000000293e-01 2.994384999999999852e+00
5.139160000000000394e-01 2.114257999999999971e+00 7.702639999999999487e-01 2.993164000000000158e+00
5.126950000000000118e-01 2.108153999999999861e+00 7.678220000000000045e-01 2.989501999999999882e+00
5.078129999999999589e-01 2.104492000000000029e+00 7.666020000000000056e-01 2.983398000000000216e+00
5.065920000000000423e-01 2.095946999999999782e+00 7.604980000000000073e-01 2.983398000000000216e+00
5.004880000000000440e-01 2.089843999999999813e+00 7.568359999999999532e-01 2.983398000000000216e+00
4.968259999999999899e-01 2.084960999999999842e+00 7.531740000000000101e-01 2.973632999999999971e+00
4.931639999999999913e-01 2.075194999999999901e+00 7.482910000000000394e-01 2.973632999999999971e+00
4.882810000000000206e-01 2.067870999999999793e+00 7.470700000000000118e-01 2.963867000000000029e+00
4.833979999999999944e-01 2.059325999999999990e+00 7.409670000000000423e-01 2.956542999999999921e+00
4.772950000000000248e-01 2.055664000000000158e+00 7.373049999999999882e-01 2.954101999999999784e+00
4.736330000000000262e-01 2.045898000000000216e+00 7.324220000000000175e-01 2.949218999999999813e+00
4.687500000000000000e-01 2.037354000000000109e+00 7.275390000000000468e-01 2.944335999999999842e+00
4.650880000000000014e-01 2.036132999999999971e+00 7.275390000000000468e-01 2.934569999999999901e+00
4.577640000000000042e-01 2.031250000000000000e+00 7.202150000000000496e-01 2.928466999999999931e+00
4.541020000000000056e-01 2.017821999999999782e+00 7.177729999999999944e-01 2.924805000000000099e+00
4.479980000000000073e-01 2.011718999999999813e+00 7.128910000000000524e-01 2.916259999999999852e+00
4.443360000000000087e-01 2.006835999999999842e+00 7.092289999999999983e-01 2.915039000000000158e+00
4.382320000000000104e-01 1.999511999999999956e+00 7.055660000000000265e-01 2.905273000000000216e+00
4.309080000000000132e-01 1.993408000000000069e+00 7.031250000000000000e-01 2.907715000000000050e+00
