1.074220000000000036e-01 1.293944999999999901e+00 5.468750000000000000e-01 2.182617000000000029e+00 2.225341999999999931e+00
1.074220000000000036e-01 1.293944999999999901e+00 5.468750000000000000e-01 2.176514000000000060e+00 2.221680000000000099e+00
1.074220000000000036e-01 1.289063000000000070e+00 5.468750000000000000e-01 2.182617000000000029e+00 2.214354999999999851e+00
1.074220000000000036e-01 1.293944999999999901e+00 5.480960000000000276e-01 2.182617000000000029e+00 2.235107000000000177e+00
1.074220000000000036e-01 1.293944999999999901e+00 5.468750000000000000e-01 2.183838000000000168e+00 2.221680000000000099e+00
1.086430000000000035e-01 1.289063000000000070e+00 5.468750000000000000e-01 2.182617000000000029e+00 2.216797000000000128e+00
1.074220000000000036e-01 1.289063000000000070e+00 5.468750000000000000e-01 2.182617000000000029e+00 2.231444999999999901e+00
1.086430000000000035e-01 1.293944999999999901e+00 5.468750000000000000e-01 2.176514000000000060e+00 2.211914000000000158e+00
1.086430000000000035e-01 1.289063000000000070e+00 5.456539999999999724e-01 2.176514000000000060e+00 2.202148000000000216e+00
1.086430000000000035e-01 1.287841999999999931e+00 5.468750000000000000e-01 2.182617000000000029e+00 2.203368999999999911e+00
1.074220000000000036e-01 1.289063000000000070e+00 5.456539999999999724e-01 2.175292999999999921e+00 2.221680000000000099e+00
1.086430000000000035e-01 1.287841999999999931e+00 5.468750000000000000e-01 2.174071999999999782e+00 2.202148000000000216e+00
1.086430000000000035e-01 1.289063000000000070e+00 5.468750000000000000e-01 2.177734000000000059e+00 2.205811000000000188e+00
1.086430000000000035e-01 1.289063000000000070e+00 5.456539999999999724e-01 2.176514000000000060e+00 2.221680000000000099e+00
1.074220000000000036e-01 1.287841999999999931e+00 5.456539999999999724e-01 2.174071999999999782e+00 2.202148000000000216e+00
1.086430000000000035e-01 1.289063000000000070e+00 5.456539999999999724e-01 2.176514000000000060e+00 2.192382999999999971e+00
1.086430000000000035e-01 1.289063000000000070e+00 5.456539999999999724e-01 2.175292999999999921e+00 2.203368999999999911e+00
1.074220000000000036e-01 1.289063000000000070e+00 5.456539999999999724e-01 2.175292999999999921e+00 2.215575999999999990e+00
1.074220000000000036e-01 1.289063000000000070e+00 5.456539999999999724e-01 2.172851999999999784e+00 2.231444999999999901e+00
1.086430000000000035e-01 1.287841999999999931e+00 5.456539999999999724e-01 2.174071999999999782e+00 2.211914000000000158e+00
1.086430000000000035e-01 1.287841999999999931e+00 5.468750000000000000e-01 2.174071999999999782e+00 2.192382999999999971e+00
1.086430000000000035e-01 1.289063000000000070e+00 5.456539999999999724e-01 2.174071999999999782e+00 2.192382999999999971e+00
1.086430000000000035e-01 1.293944999999999901e+00 5.456539999999999724e-01 2.174071999999999782e+00 2.186278999999999861e+00
1.074220000000000036e-01 1.287841999999999931e+00 5.456539999999999724e-01 2.175292999999999921e+00 2.211914000000000158e+00
1.086430000000000035e-01 1.289063000000000070e+00 5.456539999999999724e-01 2.175292999999999921e+00 2.221680000000000099e+00
1.086430000000000035e-01 1.287841999999999931e+00 5.468750000000000000e-01 2.174071999999999782e+00 2.203368999999999911e+00
1.086430000000000035e-01 1.287841999999999931e+00 5.456539999999999724e-01 2.176514000000000060e+00 2.192382999999999971e+00
1.086430000000000035e-01 1.287841999999999931e+00 5.456539999999999724e-01 2.176514000000000060e+00 2.192382999999999971e+00
1.086430000000000035e-01 1.289063000000000070e+00 5.432129999999999459e-01 2.172851999999999784e+00 2.202148000000000216e+00
1.086430000000000035e-01 1.289063000000000070e+00 5.456539999999999724e-01 2.172851999999999784e+00 2.214354999999999851e+00
1.086430000000000035e-01 1.287841999999999931e+00 5.456539999999999724e-01 2.172851999999999784e+00 2.231444999999999901e+00
1.086430000000000035e-01 1.289063000000000070e+00 5.456539999999999724e-01 2.174071999999999782e+00 2.213134999999999852e+00
1.086430000000000035e-01 1.287841999999999931e+00 5.456539999999999724e-01 2.174071999999999782e+00 2.197265999999999941e+00
1.086430000000000035e-01 1.287841999999999931e+00 5.456539999999999724e-01 2.172851999999999784e+00 2.221680000000000099e+00
1.086430000000000035e-01 1.287841999999999931e+00 5.456539999999999724e-01 2.172851999999999784e+00 2.222900000000000098e+00
1.086430000000000035e-01 1.287841999999999931e+00 5.456539999999999724e-01 2.174071999999999782e+00 2.207031000000000187e+00
1.086430000000000035e-01 1.287841999999999931e+00 5.444339999999999735e-01 2.174071999999999782e+00 2.203368999999999911e+00
1.086430000000000035e-01 1.287841999999999931e+00 5.456539999999999724e-01 2.174071999999999782e+00 2.192382999999999971e+00
1.086430000000000035e-01 1.289063000000000070e+00 5.480960000000000276e-01 2.175292999999999921e+00 2.202148000000000216e+00
1.123050000000000020e-01 1.293944999999999901e+00 5.529789999999999983e-01 2.182617000000000029e+00 2.216797000000000128e+00
1.171880000000000005e-01 1.303711000000000064e+00 5.664059999999999651e-01 2.186278999999999861e+00 2.221680000000000099e+00
1.281740000000000101e-01 1.313477000000000006e+00 5.859379999999999589e-01 2.211914000000000158e+00 2.224120999999999793e+00
1.428220000000000045e-01 1.334229000000000109e+00 6.140139999999999487e-01 2.231444999999999901e+00 2.260742000000000029e+00
1.611329999999999985e-01 1.362305000000000099e+00 6.396479999999999944e-01 2.260742000000000029e+00 2.270507999999999971e+00
1.831049999999999900e-01 1.391602000000000006e+00 6.628420000000000423e-01 2.294922000000000128e+00 2.291259999999999852e+00
2.038570000000000104e-01 1.420897999999999994e+00 6.823730000000000073e-01 2.329101999999999784e+00 2.312012000000000178e+00
2.258300000000000030e-01 1.450194999999999901e+00 6.982420000000000293e-01 2.360840000000000050e+00 2.343750000000000000e+00
2.453609999999999958e-01 1.479492000000000029e+00 7.043460000000000276e-01 2.397460999999999842e+00 2.368164000000000158e+00
2.648929999999999896e-01 1.499022999999999994e+00 7.128910000000000524e-01 2.426757999999999971e+00 2.371825999999999990e+00
2.819820000000000104e-01 1.522216999999999931e+00 7.189940000000000220e-01 2.446289000000000158e+00 2.401123000000000118e+00
2.978520000000000056e-01 1.542969000000000035e+00 7.238769999999999927e-01 2.469482000000000177e+00 2.407226999999999784e+00
3.125000000000000000e-01 1.558837999999999946e+00 7.287599999999999634e-01 2.495117000000000029e+00 2.412109000000000059e+00
3.271479999999999944e-01 1.577147999999999994e+00 7.287599999999999634e-01 2.514648000000000216e+00 2.437743999999999911e+00
3.369139999999999913e-01 1.589355000000000073e+00 7.336430000000000451e-01 2.528075999999999990e+00 2.426757999999999971e+00
3.478999999999999870e-01 1.606444999999999901e+00 7.336430000000000451e-01 2.545166000000000039e+00 2.421875000000000000e+00
3.564450000000000118e-01 1.616211000000000064e+00 7.373049999999999882e-01 2.567139000000000060e+00 2.436523000000000216e+00
3.674319999999999808e-01 1.627197000000000005e+00 7.421879999999999589e-01 2.573242000000000029e+00 2.447509999999999852e+00
3.796390000000000042e-01 1.645507999999999971e+00 7.580569999999999808e-01 2.593993999999999911e+00 2.458495999999999793e+00
3.955080000000000262e-01 1.662598000000000020e+00 7.763670000000000293e-01 2.614745999999999793e+00 2.486571999999999782e+00
4.101560000000000206e-01 1.679688000000000070e+00 7.897950000000000248e-01 2.641601999999999784e+00 2.498778999999999861e+00
4.248049999999999882e-01 1.704102000000000006e+00 8.007809999999999651e-01 2.661132999999999971e+00 2.524414000000000158e+00
4.357909999999999839e-01 1.718750000000000000e+00 8.068849999999999634e-01 2.675781000000000187e+00 2.534180000000000099e+00
4.504389999999999783e-01 1.733397999999999994e+00 8.117680000000000451e-01 2.690430000000000099e+00 2.546387000000000178e+00
4.602049999999999752e-01 1.744385000000000074e+00 8.166499999999999870e-01 2.709960999999999842e+00 2.567139000000000060e+00
4.699710000000000276e-01 1.762694999999999901e+00 8.166499999999999870e-01 2.719726999999999784e+00 2.583007999999999971e+00
4.760739999999999972e-01 1.772461000000000064e+00 8.166499999999999870e-01 2.731933999999999862e+00 2.583007999999999971e+00
4.833979999999999944e-01 1.782227000000000006e+00 8.154299999999999882e-01 2.741699000000000108e+00 2.583007999999999971e+00
4.882810000000000206e-01 1.784667999999999921e+00 8.117680000000000451e-01 2.749023000000000216e+00 2.584229000000000109e+00
4.919430000000000192e-01 1.791992000000000029e+00 8.093259999999999899e-01 2.758789000000000158e+00 2.592773000000000216e+00
4.943850000000000189e-01 1.801757999999999971e+00 8.081049999999999622e-01 2.760009999999999852e+00 2.583007999999999971e+00
4.980470000000000175e-01 1.801757999999999971e+00 8.056640000000000468e-01 2.762450999999999990e+00 2.564696999999999782e+00
4.992679999999999896e-01 1.811522999999999994e+00 8.020019999999999927e-01 2.769775000000000098e+00 2.563476999999999784e+00
5.004880000000000440e-01 1.811522999999999994e+00 8.020019999999999927e-01 2.770995999999999793e+00 2.583007999999999971e+00
5.029299999999999882e-01 1.816405999999999965e+00 8.007809999999999651e-01 2.772216999999999931e+00 2.578125000000000000e+00
5.029299999999999882e-01 1.821288999999999936e+00 7.958979999999999944e-01 2.778319999999999901e+00 2.592773000000000216e+00
5.041499999999999870e-01 1.823730000000000073e+00 7.922360000000000513e-01 2.778319999999999901e+00 2.602539000000000158e+00
5.041499999999999870e-01 1.824950999999999990e+00 7.897950000000000248e-01 2.783202999999999872e+00 2.612305000000000099e+00
5.041499999999999870e-01 1.824950999999999990e+00 7.897950000000000248e-01 2.783202999999999872e+00 2.612305000000000099e+00
5.041499999999999870e-01 1.832275000000000098e+00 7.897950000000000248e-01 2.779541000000000039e+00 2.597656000000000187e+00
5.053710000000000147e-01 1.832275000000000098e+00 7.922360000000000513e-01 2.788085999999999842e+00 2.612305000000000099e+00
5.078129999999999589e-01 1.840819999999999901e+00 7.971190000000000220e-01 2.788085999999999842e+00 2.613525000000000098e+00
5.090329999999999577e-01 1.844481999999999955e+00 8.032230000000000203e-01 2.797851999999999784e+00 2.612305000000000099e+00
5.126950000000000118e-01 1.850586000000000064e+00 8.068849999999999634e-01 2.799071999999999782e+00 2.606200999999999990e+00
5.175779999999999825e-01 1.860352000000000006e+00 8.117680000000000451e-01 2.807617000000000029e+00 2.622069999999999901e+00
5.224609999999999532e-01 1.862792999999999921e+00 8.154299999999999882e-01 2.807617000000000029e+00 2.623291000000000039e+00
5.236819999999999808e-01 1.870117000000000029e+00 8.166499999999999870e-01 2.817382999999999971e+00 2.631835999999999842e+00
5.285640000000000338e-01 1.879882999999999971e+00 8.215329999999999577e-01 2.818604000000000109e+00 2.615966999999999931e+00
5.322270000000000056e-01 1.883545000000000025e+00 8.264160000000000394e-01 2.827148000000000216e+00 2.633056999999999981e+00
5.371089999999999476e-01 1.890868999999999911e+00 8.288569999999999549e-01 2.836914000000000158e+00 2.641601999999999784e+00
5.419920000000000293e-01 1.899413999999999936e+00 8.361819999999999808e-01 2.840575999999999990e+00 2.628174000000000010e+00
5.456539999999999724e-01 1.909180000000000099e+00 8.386230000000000073e-01 2.846680000000000099e+00 2.651367000000000029e+00
5.480960000000000276e-01 1.909180000000000099e+00 8.398440000000000349e-01 2.849120999999999793e+00 2.651367000000000029e+00
5.517579999999999707e-01 1.918944999999999901e+00 8.398440000000000349e-01 2.856444999999999901e+00 2.651367000000000029e+00
5.517579999999999707e-01 1.918944999999999901e+00 8.398440000000000349e-01 2.856444999999999901e+00 2.651367000000000029e+00
5.517579999999999707e-01 1.918944999999999901e+00 8.374019999999999797e-01 2.857666000000000039e+00 2.641601999999999784e+00
5.541989999999999972e-01 1.921386999999999956e+00 8.349609999999999532e-01 2.866210999999999842e+00 2.642821999999999782e+00
5.529789999999999983e-01 1.928711000000000064e+00 8.300779999999999825e-01 2.866210999999999842e+00 2.651367000000000029e+00
5.554200000000000248e-01 1.928711000000000064e+00 8.312990000000000101e-01 2.866210999999999842e+00 2.661132999999999971e+00
5.578610000000000513e-01 1.938477000000000006e+00 8.361819999999999808e-01 2.867431999999999981e+00 2.651367000000000029e+00
5.615229999999999944e-01 1.938477000000000006e+00 8.410640000000000338e-01 2.875976999999999784e+00 2.661132999999999971e+00
5.627440000000000220e-01 1.948242000000000029e+00 8.447270000000000056e-01 2.878417999999999921e+00 2.670898000000000216e+00
5.651859999999999662e-01 1.953125000000000000e+00 8.447270000000000056e-01 2.885742000000000029e+00 2.670898000000000216e+00
5.664059999999999651e-01 1.958007999999999971e+00 8.410640000000000338e-01 2.885742000000000029e+00 2.680664000000000158e+00
5.676269999999999927e-01 1.958007999999999971e+00 8.398440000000000349e-01 2.890625000000000000e+00 2.680664000000000158e+00
5.676269999999999927e-01 1.959229000000000109e+00 8.447270000000000056e-01 2.895507999999999971e+00 2.680664000000000158e+00
5.712890000000000468e-01 1.967772999999999994e+00 8.447270000000000056e-01 2.895507999999999971e+00 2.680664000000000158e+00
5.712890000000000468e-01 1.972655999999999965e+00 8.459470000000000045e-01 2.896729000000000109e+00 2.670898000000000216e+00
5.749509999999999899e-01 1.977538999999999936e+00 8.483889999999999487e-01 2.899169999999999803e+00 2.662354000000000109e+00
5.773930000000000451e-01 1.977538999999999936e+00 8.496089999999999476e-01 2.905273000000000216e+00 2.670898000000000216e+00
5.773930000000000451e-01 1.982421999999999906e+00 8.544920000000000293e-01 2.907715000000000050e+00 2.683104999999999851e+00
5.810549999999999882e-01 1.987305000000000099e+00 8.557129999999999459e-01 2.915039000000000158e+00 2.701416000000000039e+00
5.822749999999999870e-01 1.988525000000000098e+00 8.557129999999999459e-01 2.915039000000000158e+00 2.702637000000000178e+00
5.822749999999999870e-01 1.992188000000000070e+00 8.544920000000000293e-01 2.918700999999999990e+00 2.700194999999999901e+00
5.822749999999999870e-01 1.997069999999999901e+00 8.483889999999999487e-01 2.918700999999999990e+00 2.683104999999999851e+00
5.822749999999999870e-01 1.997069999999999901e+00 8.459470000000000045e-01 2.924805000000000099e+00 2.700194999999999901e+00
5.822749999999999870e-01 1.997069999999999901e+00 8.447270000000000056e-01 2.924805000000000099e+00 2.700194999999999901e+00
5.822749999999999870e-01 1.997069999999999901e+00 8.447270000000000056e-01 2.927245999999999793e+00 2.702637000000000178e+00
5.810549999999999882e-01 1.997069999999999901e+00 8.398440000000000349e-01 2.924805000000000099e+00 2.714843999999999813e+00
5.810549999999999882e-01 1.997069999999999901e+00 8.361819999999999808e-01 2.924805000000000099e+00 2.724609000000000059e+00
5.773930000000000451e-01 1.997069999999999901e+00 8.349609999999999532e-01 2.924805000000000099e+00 2.723389000000000060e+00
5.761720000000000175e-01 1.997069999999999901e+00 8.312990000000000101e-01 2.924805000000000099e+00 2.729492000000000029e+00
5.761720000000000175e-01 1.997069999999999901e+00 8.312990000000000101e-01 2.924805000000000099e+00 2.719726999999999784e+00
5.749509999999999899e-01 1.997069999999999901e+00 8.264160000000000394e-01 2.919922000000000128e+00 2.716063999999999812e+00
5.725099999999999634e-01 1.997069999999999901e+00 8.251950000000000118e-01 2.924805000000000099e+00 2.720946999999999782e+00
5.712890000000000468e-01 1.990966999999999931e+00 8.251950000000000118e-01 2.917479999999999851e+00 2.711181999999999981e+00
5.676269999999999927e-01 1.990966999999999931e+00 8.154299999999999882e-01 2.915039000000000158e+00 2.705077999999999872e+00
5.651859999999999662e-01 1.988525000000000098e+00 8.093259999999999899e-01 2.915039000000000158e+00 2.719726999999999784e+00
5.615229999999999944e-01 1.987305000000000099e+00 8.056640000000000468e-01 2.915039000000000158e+00 2.709960999999999842e+00
5.578610000000000513e-01 1.981200999999999990e+00 7.971190000000000220e-01 2.906493999999999911e+00 2.700194999999999901e+00
5.529789999999999983e-01 1.977538999999999936e+00 7.910160000000000524e-01 2.905273000000000216e+00 2.692870999999999793e+00
5.493160000000000265e-01 1.971435999999999966e+00 7.861329999999999707e-01 2.897949000000000108e+00 2.700194999999999901e+00
5.432129999999999459e-01 1.967772999999999994e+00 7.800289999999999724e-01 2.895507999999999971e+00 2.700194999999999901e+00
5.383299999999999752e-01 1.967772999999999994e+00 7.763670000000000293e-01 2.890625000000000000e+00 2.691650000000000098e+00
5.334470000000000045e-01 1.959229000000000109e+00 7.690430000000000321e-01 2.879639000000000060e+00 2.680664000000000158e+00
5.285640000000000338e-01 1.958007999999999971e+00 7.666020000000000056e-01 2.879639000000000060e+00 2.662354000000000109e+00
5.224609999999999532e-01 1.950684000000000085e+00 7.592769999999999797e-01 2.875976999999999784e+00 2.661132999999999971e+00
5.175779999999999825e-01 1.948242000000000029e+00 7.568359999999999532e-01 2.872313999999999812e+00 2.661132999999999971e+00
5.126950000000000118e-01 1.939697000000000005e+00 7.568359999999999532e-01 2.867431999999999981e+00 2.652588000000000168e+00
5.078129999999999589e-01 1.938477000000000006e+00 7.519529999999999825e-01 2.866210999999999842e+00 2.653808999999999862e+00
5.041499999999999870e-01 1.933594000000000035e+00 7.482910000000000394e-01 2.860107000000000177e+00 2.670898000000000216e+00
5.004880000000000440e-01 1.929931999999999981e+00 7.470700000000000118e-01 2.856444999999999901e+00 2.663574000000000108e+00
4.968259999999999899e-01 1.928711000000000064e+00 7.434079999999999577e-01 2.857666000000000039e+00 2.670898000000000216e+00
4.931639999999999913e-01 1.921386999999999956e+00 7.421879999999999589e-01 2.850341999999999931e+00 2.652588000000000168e+00
4.882810000000000206e-01 1.918944999999999901e+00 7.409670000000000423e-01 2.846680000000000099e+00 2.651367000000000029e+00
4.870610000000000217e-01 1.918944999999999901e+00 7.470700000000000118e-01 2.846680000000000099e+00 2.656250000000000000e+00
4.870610000000000217e-01 1.918944999999999901e+00 7.519529999999999825e-01 2.846680000000000099e+00 2.675781000000000187e+00
4.882810000000000206e-01 1.920166000000000039e+00 7.629390000000000338e-01 2.847900000000000098e+00 2.680664000000000158e+00
4.931639999999999913e-01 1.932372999999999896e+00 7.775879999999999459e-01 2.856444999999999901e+00 2.670898000000000216e+00
5.004880000000000440e-01 1.940917999999999921e+00 7.995609999999999662e-01 2.866210999999999842e+00 2.680664000000000158e+00
5.126950000000000118e-01 1.958007999999999971e+00 8.215329999999999577e-01 2.877196999999999782e+00 2.680664000000000158e+00
5.224609999999999532e-01 1.977538999999999936e+00 8.410640000000000338e-01 2.895507999999999971e+00 2.681884999999999852e+00
5.334470000000000045e-01 1.988525000000000098e+00 8.557129999999999459e-01 2.910156000000000187e+00 2.700194999999999901e+00
5.444339999999999735e-01 2.000732000000000177e+00 8.666989999999999972e-01 2.924805000000000099e+00 2.709960999999999842e+00
5.529789999999999983e-01 2.016601999999999784e+00 8.752440000000000220e-01 2.934569999999999901e+00 2.719726999999999784e+00
5.627440000000000220e-01 2.026367000000000029e+00 8.789059999999999651e-01 2.944335999999999842e+00 2.729492000000000029e+00
5.712890000000000468e-01 2.036132999999999971e+00 8.801269999999999927e-01 2.954101999999999784e+00 2.730713000000000168e+00
5.761720000000000175e-01 2.038574000000000108e+00 8.837890000000000468e-01 2.957764000000000060e+00 2.734375000000000000e+00
5.810549999999999882e-01 2.045898000000000216e+00 8.789059999999999651e-01 2.966308999999999862e+00 2.740479000000000109e+00
5.859379999999999589e-01 2.055664000000000158e+00 8.837890000000000468e-01 2.973632999999999971e+00 2.749023000000000216e+00
5.908200000000000118e-01 2.055664000000000158e+00 8.837890000000000468e-01 2.973632999999999971e+00 2.742919999999999803e+00
5.920410000000000394e-01 2.055664000000000158e+00 8.837890000000000468e-01 2.977294999999999803e+00 2.758789000000000158e+00
6.005859999999999532e-01 2.065430000000000099e+00 8.850099999999999634e-01 2.983398000000000216e+00 2.749023000000000216e+00
6.018069999999999808e-01 2.067870999999999793e+00 8.886720000000000175e-01 2.993164000000000158e+00 2.758789000000000158e+00
6.066890000000000338e-01 2.076416000000000039e+00 8.935549999999999882e-01 2.995604999999999851e+00 2.758789000000000158e+00
6.103520000000000056e-01 2.076416000000000039e+00 8.935549999999999882e-01 3.002930000000000099e+00 2.760009999999999852e+00
6.127930000000000321e-01 2.078857000000000177e+00 8.935549999999999882e-01 3.002930000000000099e+00 2.768555000000000099e+00
6.152339999999999476e-01 2.084960999999999842e+00 8.935549999999999882e-01 3.004150000000000098e+00 2.768555000000000099e+00
6.201170000000000293e-01 2.087401999999999980e+00 8.935549999999999882e-01 3.006591999999999931e+00 2.758789000000000158e+00
6.213379999999999459e-01 2.089843999999999813e+00 8.935549999999999882e-01 3.022460999999999842e+00 2.758789000000000158e+00
6.213379999999999459e-01 2.094726999999999784e+00 8.886720000000000175e-01 3.012694999999999901e+00 2.768555000000000099e+00
6.213379999999999459e-01 2.094726999999999784e+00 8.850099999999999634e-01 3.013916000000000039e+00 2.772216999999999931e+00
6.201170000000000293e-01 2.094726999999999784e+00 8.752440000000000220e-01 3.013916000000000039e+00 2.778319999999999901e+00
6.201170000000000293e-01 2.089843999999999813e+00 8.691410000000000524e-01 3.012694999999999901e+00 2.768555000000000099e+00
6.152339999999999476e-01 2.086181999999999981e+00 8.593750000000000000e-01 3.012694999999999901e+00 2.773438000000000070e+00
6.103520000000000056e-01 2.078857000000000177e+00 8.496089999999999476e-01 3.005370999999999793e+00 2.784424000000000010e+00
6.054690000000000349e-01 2.075194999999999901e+00 8.447270000000000056e-01 3.002930000000000099e+00 2.788085999999999842e+00
6.018069999999999808e-01 2.075194999999999901e+00 8.361819999999999808e-01 3.002930000000000099e+00 2.778319999999999901e+00
5.969240000000000101e-01 2.069091999999999931e+00 8.361819999999999808e-01 2.994384999999999852e+00 2.772216999999999931e+00
5.944819999999999549e-01 2.069091999999999931e+00 8.361819999999999808e-01 2.998047000000000128e+00 2.772216999999999931e+00
5.908200000000000118e-01 2.067870999999999793e+00 8.349609999999999532e-01 2.993164000000000158e+00 2.778319999999999901e+00
5.908200000000000118e-01 2.065430000000000099e+00 8.349609999999999532e-01 2.989501999999999882e+00 2.768555000000000099e+00
5.871579999999999577e-01 2.066650000000000098e+00 8.361819999999999808e-01 2.993164000000000158e+00 2.758789000000000158e+00
5.859379999999999589e-01 2.066650000000000098e+00 8.386230000000000073e-01 2.993164000000000158e+00 2.760009999999999852e+00
5.847170000000000423e-01 2.065430000000000099e+00 8.374019999999999797e-01 2.993164000000000158e+00 2.760009999999999852e+00
5.847170000000000423e-01 2.065430000000000099e+00 8.361819999999999808e-01 2.988281000000000187e+00 2.768555000000000099e+00
5.834960000000000147e-01 2.065430000000000099e+00 8.361819999999999808e-01 2.985840000000000050e+00 2.768555000000000099e+00
5.834960000000000147e-01 2.069091999999999931e+00 8.361819999999999808e-01 2.990723000000000020e+00 2.768555000000000099e+00
5.859379999999999589e-01 2.075194999999999901e+00 8.447270000000000056e-01 2.993164000000000158e+00 2.769775000000000098e+00
5.908200000000000118e-01 2.084960999999999842e+00 8.496089999999999476e-01 2.993164000000000158e+00 2.768555000000000099e+00
5.920410000000000394e-01 2.086181999999999981e+00 8.544920000000000293e-01 2.994384999999999852e+00 2.768555000000000099e+00
5.957029999999999825e-01 2.094726999999999784e+00 8.593750000000000000e-01 3.002930000000000099e+00 2.760009999999999852e+00
5.969240000000000101e-01 2.097167999999999921e+00 8.593750000000000000e-01 3.002930000000000099e+00 2.768555000000000099e+00
6.005859999999999532e-01 2.098389000000000060e+00 8.569339999999999735e-01 3.006591999999999931e+00 2.778319999999999901e+00
6.005859999999999532e-01 2.098389000000000060e+00 8.544920000000000293e-01 3.012694999999999901e+00 2.761229999999999851e+00
5.969240000000000101e-01 2.095946999999999782e+00 8.471680000000000321e-01 3.006591999999999931e+00 2.788085999999999842e+00
5.944819999999999549e-01 2.094726999999999784e+00 8.447270000000000056e-01 3.004150000000000098e+00 2.769775000000000098e+00
5.920410000000000394e-01 2.094726999999999784e+00 8.374019999999999797e-01 3.002930000000000099e+00 2.762450999999999990e+00
5.908200000000000118e-01 2.094726999999999784e+00 8.312990000000000101e-01 3.002930000000000099e+00 2.779541000000000039e+00
5.859379999999999589e-01 2.086181999999999981e+00 8.264160000000000394e-01 3.002930000000000099e+00 2.778319999999999901e+00
5.822749999999999870e-01 2.084960999999999842e+00 8.215329999999999577e-01 2.995604999999999851e+00 2.778319999999999901e+00
5.810549999999999882e-01 2.084960999999999842e+00 8.178710000000000147e-01 2.993164000000000158e+00 2.770995999999999793e+00
5.761720000000000175e-01 2.077637000000000178e+00 8.154299999999999882e-01 2.993164000000000158e+00 2.779541000000000039e+00
5.725099999999999634e-01 2.075194999999999901e+00 8.117680000000000451e-01 2.988281000000000187e+00 2.778319999999999901e+00
5.712890000000000468e-01 2.075194999999999901e+00 8.105470000000000175e-01 2.993164000000000158e+00 2.768555000000000099e+00
5.664059999999999651e-01 2.075194999999999901e+00 8.093259999999999899e-01 2.983398000000000216e+00 2.769775000000000098e+00
5.664059999999999651e-01 2.067870999999999793e+00 8.093259999999999899e-01 2.983398000000000216e+00 2.768555000000000099e+00
5.627440000000000220e-01 2.067870999999999793e+00 8.105470000000000175e-01 2.983398000000000216e+00 2.768555000000000099e+00
5.627440000000000220e-01 2.066650000000000098e+00 8.117680000000000451e-01 2.985840000000000050e+00 2.768555000000000099e+00
5.615229999999999944e-01 2.065430000000000099e+00 8.117680000000000451e-01 2.977294999999999803e+00 2.768555000000000099e+00
5.615229999999999944e-01 2.066650000000000098e+00 8.154299999999999882e-01 2.977294999999999803e+00 2.758789000000000158e+00
5.615229999999999944e-01 2.069091999999999931e+00 8.203129999999999589e-01 2.983398000000000216e+00 2.742919999999999803e+00
5.615229999999999944e-01 2.075194999999999901e+00 8.276369999999999560e-01 2.985840000000000050e+00 2.772216999999999931e+00
5.627440000000000220e-01 2.080077999999999872e+00 8.312990000000000101e-01 2.988281000000000187e+00 2.780762000000000178e+00
5.664059999999999651e-01 2.076416000000000039e+00 8.349609999999999532e-01 2.993164000000000158e+00 2.788085999999999842e+00
5.676269999999999927e-01 2.078857000000000177e+00 8.312990000000000101e-01 2.993164000000000158e+00 2.779541000000000039e+00
5.676269999999999927e-01 2.084960999999999842e+00 8.312990000000000101e-01 2.993164000000000158e+00 2.778319999999999901e+00
5.676269999999999927e-01 2.080077999999999872e+00 8.300779999999999825e-01 2.998047000000000128e+00 2.772216999999999931e+00
5.664059999999999651e-01 2.078857000000000177e+00 8.251950000000000118e-01 2.993164000000000158e+00 2.781982000000000177e+00
5.664059999999999651e-01 2.077637000000000178e+00 8.203129999999999589e-01 2.994384999999999852e+00 2.789306999999999981e+00
5.627440000000000220e-01 2.075194999999999901e+00 8.166499999999999870e-01 2.993164000000000158e+00 2.770995999999999793e+00
5.615229999999999944e-01 2.075194999999999901e+00 8.093259999999999899e-01 2.985840000000000050e+00 2.781982000000000177e+00
5.578610000000000513e-01 2.066650000000000098e+00 8.056640000000000468e-01 2.983398000000000216e+00 2.779541000000000039e+00
5.541989999999999972e-01 2.065430000000000099e+00 7.971190000000000220e-01 2.983398000000000216e+00 2.778319999999999901e+00
5.517579999999999707e-01 2.059325999999999990e+00 7.922360000000000513e-01 2.983398000000000216e+00 2.769775000000000098e+00
5.468750000000000000e-01 2.056884999999999852e+00 7.873539999999999983e-01 2.973632999999999971e+00 2.768555000000000099e+00
5.419920000000000293e-01 2.050781000000000187e+00 7.812500000000000000e-01 2.973632999999999971e+00 2.762450999999999990e+00
5.371089999999999476e-01 2.045898000000000216e+00 7.763670000000000293e-01 2.965088000000000168e+00 2.769775000000000098e+00
5.346680000000000321e-01 2.045898000000000216e+00 7.714839999999999476e-01 2.963867000000000029e+00 2.751465000000000050e+00
5.285640000000000338e-01 2.036132999999999971e+00 7.666020000000000056e-01 2.956542999999999921e+00 2.762450999999999990e+00
5.236819999999999808e-01 2.031250000000000000e+00 7.617190000000000349e-01 2.954101999999999784e+00 2.760009999999999852e+00
5.224609999999999532e-01 2.026367000000000029e+00 7.568359999999999532e-01 2.949218999999999813e+00 2.750243999999999911e+00
5.139160000000000394e-01 2.020264000000000060e+00 7.519529999999999825e-01 2.944335999999999842e+00 2.749023000000000216e+00
5.090329999999999577e-01 2.016601999999999784e+00 7.470700000000000118e-01 2.935791000000000039e+00 2.742919999999999803e+00
5.041499999999999870e-01 2.010498000000000118e+00 7.409670000000000423e-01 2.934569999999999901e+00 2.740479000000000109e+00
4.992679999999999896e-01 2.006835999999999842e+00 7.373049999999999882e-01 2.927245999999999793e+00 2.739257999999999971e+00
4.956050000000000177e-01 1.998291000000000039e+00 7.373049999999999882e-01 2.924805000000000099e+00 2.731933999999999862e+00
4.931639999999999913e-01 1.997069999999999901e+00 7.336430000000000451e-01 2.916259999999999852e+00 2.749023000000000216e+00
4.895019999999999927e-01 1.990966999999999931e+00 7.373049999999999882e-01 2.915039000000000158e+00 2.729492000000000029e+00
4.846190000000000220e-01 1.989746000000000015e+00 7.385249999999999870e-01 2.915039000000000158e+00 2.729492000000000029e+00
4.846190000000000220e-01 1.990966999999999931e+00 7.470700000000000118e-01 2.915039000000000158e+00 2.729492000000000029e+00
4.846190000000000220e-01 1.990966999999999931e+00 7.568359999999999532e-01 2.915039000000000158e+00 2.722167999999999921e+00
4.870610000000000217e-01 1.997069999999999901e+00 7.629390000000000338e-01 2.915039000000000158e+00 2.739257999999999971e+00
4.882810000000000206e-01 2.006835999999999842e+00 7.714839999999999476e-01 2.915039000000000158e+00 2.729492000000000029e+00
4.931639999999999913e-01 2.008056999999999981e+00 7.775879999999999459e-01 2.917479999999999851e+00 2.734375000000000000e+00
4.931639999999999913e-01 2.006835999999999842e+00 7.861329999999999707e-01 2.924805000000000099e+00 2.741699000000000108e+00
4.968259999999999899e-01 2.016601999999999784e+00 7.897950000000000248e-01 2.924805000000000099e+00 2.758789000000000158e+00
4.992679999999999896e-01 2.016601999999999784e+00 7.958979999999999944e-01 2.928466999999999931e+00 2.749023000000000216e+00
5.041499999999999870e-01 2.020264000000000060e+00 8.007809999999999651e-01 2.934569999999999901e+00 2.729492000000000029e+00
5.065920000000000423e-01 2.031250000000000000e+00 8.056640000000000468e-01 2.937012000000000178e+00 2.739257999999999971e+00
5.090329999999999577e-01 2.027588000000000168e+00 8.093259999999999899e-01 2.944335999999999842e+00 2.741699000000000108e+00
5.126950000000000118e-01 2.036132999999999971e+00 8.093259999999999899e-01 2.944335999999999842e+00 2.761229999999999851e+00
5.163569999999999549e-01 2.036132999999999971e+00 8.068849999999999634e-01 2.949218999999999813e+00 2.753906000000000187e+00
5.163569999999999549e-01 2.036132999999999971e+00 8.056640000000000468e-01 2.954101999999999784e+00 2.768555000000000099e+00
5.163569999999999549e-01 2.036132999999999971e+00 8.020019999999999927e-01 2.954101999999999784e+00 2.758789000000000158e+00
5.151369999999999560e-01 2.036132999999999971e+00 7.995609999999999662e-01 2.949218999999999813e+00 2.758789000000000158e+00
5.139160000000000394e-01 2.031250000000000000e+00 7.971190000000000220e-01 2.949218999999999813e+00 2.753906000000000187e+00
5.139160000000000394e-01 2.031250000000000000e+00 7.958979999999999944e-01 2.947998000000000118e+00 2.768555000000000099e+00
5.139160000000000394e-01 2.031250000000000000e+00 7.922360000000000513e-01 2.949218999999999813e+00 2.749023000000000216e+00
5.126950000000000118e-01 2.031250000000000000e+00 7.922360000000000513e-01 2.945556999999999981e+00 2.758789000000000158e+00
5.126950000000000118e-01 2.031250000000000000e+00 7.958979999999999944e-01 2.954101999999999784e+00 2.739257999999999971e+00
5.139160000000000394e-01 2.031250000000000000e+00 7.958979999999999944e-01 2.954101999999999784e+00 2.749023000000000216e+00
5.151369999999999560e-01 2.031250000000000000e+00 7.958979999999999944e-01 2.954101999999999784e+00 2.749023000000000216e+00
5.139160000000000394e-01 2.031250000000000000e+00 7.958979999999999944e-01 2.954101999999999784e+00 2.750243999999999911e+00
5.139160000000000394e-01 2.031250000000000000e+00 7.958979999999999944e-01 2.954101999999999784e+00 2.750243999999999911e+00
5.126950000000000118e-01 2.028808999999999862e+00 7.910160000000000524e-01 2.954101999999999784e+00 2.750243999999999911e+00
5.126950000000000118e-01 2.027588000000000168e+00 7.873539999999999983e-01 2.954101999999999784e+00 2.758789000000000158e+00
5.126950000000000118e-01 2.027588000000000168e+00 7.873539999999999983e-01 2.957764000000000060e+00 2.760009999999999852e+00
5.126950000000000118e-01 2.026367000000000029e+00 7.861329999999999707e-01 2.954101999999999784e+00 2.741699000000000108e+00
5.126950000000000118e-01 2.026367000000000029e+00 7.861329999999999707e-01 2.950438999999999812e+00 2.760009999999999852e+00
5.090329999999999577e-01 2.026367000000000029e+00 7.812500000000000000e-01 2.954101999999999784e+00 2.741699000000000108e+00
5.078129999999999589e-01 2.021484000000000059e+00 7.812500000000000000e-01 2.945556999999999981e+00 2.760009999999999852e+00
5.078129999999999589e-01 2.021484000000000059e+00 7.824710000000000276e-01 2.947998000000000118e+00 2.750243999999999911e+00
5.078129999999999589e-01 2.026367000000000029e+00 7.873539999999999983e-01 2.947998000000000118e+00 2.749023000000000216e+00
5.090329999999999577e-01 2.026367000000000029e+00 7.897950000000000248e-01 2.954101999999999784e+00 2.739257999999999971e+00
5.090329999999999577e-01 2.026367000000000029e+00 7.910160000000000524e-01 2.958984000000000059e+00 2.749023000000000216e+00
5.126950000000000118e-01 2.026367000000000029e+00 7.910160000000000524e-01 2.954101999999999784e+00 2.749023000000000216e+00
5.090329999999999577e-01 2.026367000000000029e+00 7.873539999999999983e-01 2.954101999999999784e+00 2.752686000000000188e+00
5.090329999999999577e-01 2.027588000000000168e+00 7.861329999999999707e-01 2.954101999999999784e+00 2.760009999999999852e+00
5.078129999999999589e-01 2.019042999999999921e+00 7.812500000000000000e-01 2.954101999999999784e+00 2.758789000000000158e+00
5.065920000000000423e-01 2.019042999999999921e+00 7.763670000000000293e-01 2.949218999999999813e+00 2.750243999999999911e+00
5.041499999999999870e-01 2.016601999999999784e+00 7.739260000000000028e-01 2.944335999999999842e+00 2.750243999999999911e+00
5.029299999999999882e-01 2.011718999999999813e+00 7.678220000000000045e-01 2.944335999999999842e+00 2.753906000000000187e+00
4.980470000000000175e-01 2.008056999999999981e+00 7.666020000000000056e-01 2.944335999999999842e+00 2.758789000000000158e+00
4.943850000000000189e-01 2.006835999999999842e+00 7.629390000000000338e-01 2.944335999999999842e+00 2.753906000000000187e+00
4.943850000000000189e-01 2.001952999999999872e+00 7.629390000000000338e-01 2.939452999999999872e+00 2.760009999999999852e+00
4.931639999999999913e-01 2.006835999999999842e+00 7.666020000000000056e-01 2.934569999999999901e+00 2.750243999999999911e+00
4.931639999999999913e-01 2.006835999999999842e+00 7.727049999999999752e-01 2.934569999999999901e+00 2.749023000000000216e+00
4.943850000000000189e-01 2.006835999999999842e+00 7.775879999999999459e-01 2.937012000000000178e+00 2.749023000000000216e+00
4.956050000000000177e-01 2.006835999999999842e+00 7.812500000000000000e-01 2.938232000000000177e+00 2.750243999999999911e+00
4.968259999999999899e-01 2.006835999999999842e+00 7.800289999999999724e-01 2.938232000000000177e+00 2.742919999999999803e+00
4.968259999999999899e-01 2.006835999999999842e+00 7.763670000000000293e-01 2.938232000000000177e+00 2.749023000000000216e+00
4.956050000000000177e-01 2.006835999999999842e+00 7.714839999999999476e-01 2.937012000000000178e+00 2.734375000000000000e+00
4.931639999999999913e-01 2.001952999999999872e+00 7.666020000000000056e-01 2.934569999999999901e+00 2.742919999999999803e+00
4.907230000000000203e-01 1.997069999999999901e+00 7.629390000000000338e-01 2.934569999999999901e+00 2.758789000000000158e+00
4.895019999999999927e-01 1.998291000000000039e+00 7.629390000000000338e-01 2.934569999999999901e+00 2.751465000000000050e+00
4.895019999999999927e-01 1.997069999999999901e+00 7.666020000000000056e-01 2.934569999999999901e+00 2.758789000000000158e+00
4.895019999999999927e-01 1.998291000000000039e+00 7.763670000000000293e-01 2.938232000000000177e+00 2.753906000000000187e+00
4.931639999999999913e-01 2.000732000000000177e+00 7.824710000000000276e-01 2.937012000000000178e+00 2.751465000000000050e+00
4.956050000000000177e-01 2.008056999999999981e+00 7.897950000000000248e-01 2.944335999999999842e+00 2.760009999999999852e+00
5.041499999999999870e-01 2.016601999999999784e+00 8.056640000000000468e-01 2.954101999999999784e+00 2.753906000000000187e+00
5.090329999999999577e-01 2.026367000000000029e+00 8.154299999999999882e-01 2.954101999999999784e+00 2.768555000000000099e+00
5.139160000000000394e-01 2.026367000000000029e+00 8.190920000000000423e-01 2.955321999999999782e+00 2.769775000000000098e+00
5.187990000000000101e-01 2.031250000000000000e+00 8.215329999999999577e-01 2.957764000000000060e+00 2.760009999999999852e+00
5.224609999999999532e-01 2.036132999999999971e+00 8.203129999999999589e-01 2.963867000000000029e+00 2.749023000000000216e+00
5.224609999999999532e-01 2.036132999999999971e+00 8.166499999999999870e-01 2.963867000000000029e+00 2.758789000000000158e+00
5.224609999999999532e-01 2.036132999999999971e+00 8.154299999999999882e-01 2.967528999999999861e+00 2.768555000000000099e+00
5.261230000000000073e-01 2.045898000000000216e+00 8.166499999999999870e-01 2.968750000000000000e+00 2.760009999999999852e+00
5.322270000000000056e-01 2.048340000000000050e+00 8.264160000000000394e-01 2.973632999999999971e+00 2.768555000000000099e+00
5.358889999999999487e-01 2.053223000000000020e+00 8.349609999999999532e-01 2.983398000000000216e+00 2.768555000000000099e+00
5.444339999999999735e-01 2.058104999999999851e+00 8.447270000000000056e-01 2.983398000000000216e+00 2.772216999999999931e+00
5.529789999999999983e-01 2.067870999999999793e+00 8.581539999999999724e-01 2.993164000000000158e+00 2.789306999999999981e+00
5.651859999999999662e-01 2.084960999999999842e+00 8.691410000000000524e-01 3.002930000000000099e+00 2.788085999999999842e+00
5.737299999999999622e-01 2.094726999999999784e+00 8.789059999999999651e-01 3.017577999999999872e+00 2.797851999999999784e+00
5.908200000000000118e-01 2.109375000000000000e+00 8.874509999999999899e-01 3.034667999999999921e+00 2.807617000000000029e+00
5.957029999999999825e-01 2.114257999999999971e+00 8.850099999999999634e-01 3.033446999999999782e+00 2.817382999999999971e+00
6.005859999999999532e-01 2.116699000000000108e+00 8.837890000000000468e-01 3.035889000000000060e+00 2.807617000000000029e+00
6.005859999999999532e-01 2.115479000000000109e+00 8.752440000000000220e-01 3.041992000000000029e+00 2.799071999999999782e+00
6.005859999999999532e-01 2.116699000000000108e+00 8.654789999999999983e-01 3.041992000000000029e+00 2.801514000000000060e+00
6.005859999999999532e-01 2.114257999999999971e+00 8.593750000000000000e-01 3.041992000000000029e+00 2.822265999999999941e+00
6.005859999999999532e-01 2.109375000000000000e+00 8.508299999999999752e-01 3.034667999999999921e+00 2.827148000000000216e+00
5.957029999999999825e-01 2.109375000000000000e+00 8.447270000000000056e-01 3.033446999999999782e+00 2.818604000000000109e+00
5.908200000000000118e-01 2.104492000000000029e+00 8.361819999999999808e-01 3.032226999999999784e+00 2.807617000000000029e+00
5.908200000000000118e-01 2.104492000000000029e+00 8.276369999999999560e-01 3.032226999999999784e+00 2.807617000000000029e+00
5.859379999999999589e-01 2.094726999999999784e+00 8.215329999999999577e-01 3.022460999999999842e+00 2.807617000000000029e+00
5.822749999999999870e-01 2.094726999999999784e+00 8.166499999999999870e-01 3.022460999999999842e+00 2.807617000000000029e+00
5.786130000000000440e-01 2.094726999999999784e+00 8.154299999999999882e-01 3.015137000000000178e+00 2.800292999999999921e+00
5.773930000000000451e-01 2.086181999999999981e+00 8.154299999999999882e-01 3.013916000000000039e+00 2.817382999999999971e+00
5.737299999999999622e-01 2.084960999999999842e+00 8.154299999999999882e-01 3.013916000000000039e+00 2.797851999999999784e+00
5.725099999999999634e-01 2.087401999999999980e+00 8.166499999999999870e-01 3.012694999999999901e+00 2.788085999999999842e+00
5.712890000000000468e-01 2.086181999999999981e+00 8.166499999999999870e-01 3.017577999999999872e+00 2.788085999999999842e+00
5.712890000000000468e-01 2.084960999999999842e+00 8.154299999999999882e-01 3.013916000000000039e+00 2.802734000000000059e+00
5.664059999999999651e-01 2.084960999999999842e+00 8.105470000000000175e-01 3.012694999999999901e+00 2.790526999999999980e+00
5.651859999999999662e-01 2.078857000000000177e+00 8.056640000000000468e-01 3.012694999999999901e+00 2.799071999999999782e+00
5.615229999999999944e-01 2.075194999999999901e+00 8.007809999999999651e-01 3.004150000000000098e+00 2.799071999999999782e+00
5.566410000000000524e-01 2.071533000000000069e+00 7.958979999999999944e-01 3.002930000000000099e+00 2.779541000000000039e+00
5.517579999999999707e-01 2.070313000000000070e+00 7.873539999999999983e-01 2.995604999999999851e+00 2.788085999999999842e+00
5.468750000000000000e-01 2.065430000000000099e+00 7.812500000000000000e-01 2.993164000000000158e+00 2.781982000000000177e+00
5.346680000000000321e-01 2.050781000000000187e+00 7.666020000000000056e-01 2.983398000000000216e+00 2.778319999999999901e+00
5.285640000000000338e-01 2.045898000000000216e+00 7.580569999999999808e-01 2.973632999999999971e+00 2.778319999999999901e+00
5.236819999999999808e-01 2.036132999999999971e+00 7.568359999999999532e-01 2.973632999999999971e+00 2.769775000000000098e+00
5.187990000000000101e-01 2.031250000000000000e+00 7.568359999999999532e-01 2.968750000000000000e+00 2.768555000000000099e+00
5.139160000000000394e-01 2.031250000000000000e+00 7.568359999999999532e-01 2.963867000000000029e+00 2.768555000000000099e+00
5.139160000000000394e-01 2.031250000000000000e+00 7.666020000000000056e-01 2.963867000000000029e+00 2.768555000000000099e+00
5.126950000000000118e-01 2.031250000000000000e+00 7.678220000000000045e-01 2.965088000000000168e+00 2.769775000000000098e+00
5.126950000000000118e-01 2.031250000000000000e+00 7.727049999999999752e-01 2.963867000000000029e+00 2.758789000000000158e+00
5.151369999999999560e-01 2.036132999999999971e+00 7.824710000000000276e-01 2.968750000000000000e+00 2.760009999999999852e+00
5.187990000000000101e-01 2.037354000000000109e+00 7.971190000000000220e-01 2.973632999999999971e+00 2.768555000000000099e+00
5.261230000000000073e-01 2.045898000000000216e+00 8.117680000000000451e-01 2.974854000000000109e+00 2.779541000000000039e+00
5.322270000000000056e-01 2.056884999999999852e+00 8.215329999999999577e-01 2.983398000000000216e+00 2.768555000000000099e+00
5.371089999999999476e-01 2.065430000000000099e+00 8.264160000000000394e-01 2.984618999999999911e+00 2.781982000000000177e+00
5.419920000000000293e-01 2.075194999999999901e+00 8.349609999999999532e-01 3.002930000000000099e+00 2.779541000000000039e+00
5.456539999999999724e-01 2.075194999999999901e+00 8.349609999999999532e-01 3.002930000000000099e+00 2.778319999999999901e+00
5.468750000000000000e-01 2.075194999999999901e+00 8.288569999999999549e-01 2.993164000000000158e+00 2.788085999999999842e+00
5.468750000000000000e-01 2.077637000000000178e+00 8.251950000000000118e-01 2.995604999999999851e+00 2.788085999999999842e+00
5.480960000000000276e-01 2.077637000000000178e+00 8.203129999999999589e-01 2.996825999999999990e+00 2.789306999999999981e+00
5.456539999999999724e-01 2.075194999999999901e+00 8.154299999999999882e-01 2.994384999999999852e+00 2.779541000000000039e+00
5.456539999999999724e-01 2.075194999999999901e+00 8.154299999999999882e-01 2.994384999999999852e+00 2.779541000000000039e+00
5.432129999999999459e-01 2.075194999999999901e+00 8.093259999999999899e-01 2.993164000000000158e+00 2.770995999999999793e+00
5.419920000000000293e-01 2.069091999999999931e+00 8.007809999999999651e-01 2.993164000000000158e+00 2.788085999999999842e+00
5.383299999999999752e-01 2.065430000000000099e+00 7.958979999999999944e-01 2.993164000000000158e+00 2.778319999999999901e+00
5.334470000000000045e-01 2.059325999999999990e+00 7.873539999999999983e-01 2.983398000000000216e+00 2.778319999999999901e+00
5.322270000000000056e-01 2.058104999999999851e+00 7.861329999999999707e-01 2.984618999999999911e+00 2.788085999999999842e+00
5.322270000000000056e-01 2.060547000000000128e+00 7.958979999999999944e-01 2.977294999999999803e+00 2.770995999999999793e+00
5.322270000000000056e-01 2.065430000000000099e+00 8.068849999999999634e-01 2.983398000000000216e+00 2.778319999999999901e+00
5.371089999999999476e-01 2.075194999999999901e+00 8.190920000000000423e-01 2.985840000000000050e+00 2.779541000000000039e+00
5.419920000000000293e-01 2.076416000000000039e+00 8.251950000000000118e-01 2.993164000000000158e+00 2.778319999999999901e+00
5.432129999999999459e-01 2.084960999999999842e+00 8.288569999999999549e-01 2.989501999999999882e+00 2.788085999999999842e+00
5.468750000000000000e-01 2.084960999999999842e+00 8.300779999999999825e-01 2.994384999999999852e+00 2.779541000000000039e+00
5.480960000000000276e-01 2.086181999999999981e+00 8.288569999999999549e-01 2.995604999999999851e+00 2.778319999999999901e+00
5.480960000000000276e-01 2.086181999999999981e+00 8.264160000000000394e-01 3.002930000000000099e+00 2.779541000000000039e+00
5.480960000000000276e-01 2.089843999999999813e+00 8.251950000000000118e-01 3.002930000000000099e+00 2.781982000000000177e+00
5.480960000000000276e-01 2.087401999999999980e+00 8.190920000000000423e-01 2.995604999999999851e+00 2.799071999999999782e+00
5.468750000000000000e-01 2.086181999999999981e+00 8.166499999999999870e-01 2.995604999999999851e+00 2.789306999999999981e+00
5.468750000000000000e-01 2.084960999999999842e+00 8.154299999999999882e-01 2.995604999999999851e+00 2.788085999999999842e+00
5.468750000000000000e-01 2.084960999999999842e+00 8.117680000000000451e-01 2.993164000000000158e+00 2.788085999999999842e+00
5.444339999999999735e-01 2.084960999999999842e+00 8.068849999999999634e-01 2.993164000000000158e+00 2.788085999999999842e+00
5.432129999999999459e-01 2.078857000000000177e+00 8.056640000000000468e-01 2.993164000000000158e+00 2.788085999999999842e+00
5.419920000000000293e-01 2.076416000000000039e+00 8.056640000000000468e-01 2.993164000000000158e+00 2.780762000000000178e+00
5.383299999999999752e-01 2.077637000000000178e+00 8.007809999999999651e-01 2.993164000000000158e+00 2.789306999999999981e+00
5.383299999999999752e-01 2.075194999999999901e+00 7.995609999999999662e-01 2.987061000000000188e+00 2.797851999999999784e+00
5.371089999999999476e-01 2.075194999999999901e+00 7.971190000000000220e-01 2.984618999999999911e+00 2.778319999999999901e+00
5.346680000000000321e-01 2.075194999999999901e+00 7.971190000000000220e-01 2.983398000000000216e+00 2.770995999999999793e+00
5.334470000000000045e-01 2.075194999999999901e+00 7.958979999999999944e-01 2.983398000000000216e+00 2.781982000000000177e+00
5.322270000000000056e-01 2.066650000000000098e+00 7.910160000000000524e-01 2.983398000000000216e+00 2.788085999999999842e+00
5.285640000000000338e-01 2.065430000000000099e+00 7.897950000000000248e-01 2.977294999999999803e+00 2.788085999999999842e+00
5.273440000000000349e-01 2.065430000000000099e+00 7.861329999999999707e-01 2.983398000000000216e+00 2.768555000000000099e+00
5.236819999999999808e-01 2.058104999999999851e+00 7.812500000000000000e-01 2.973632999999999971e+00 2.768555000000000099e+00
5.187990000000000101e-01 2.055664000000000158e+00 7.775879999999999459e-01 2.973632999999999971e+00 2.768555000000000099e+00
5.151369999999999560e-01 2.055664000000000158e+00 7.727049999999999752e-01 2.963867000000000029e+00 2.769775000000000098e+00
5.126950000000000118e-01 2.047118999999999911e+00 7.678220000000000045e-01 2.963867000000000029e+00 2.768555000000000099e+00
5.078129999999999589e-01 2.039794999999999803e+00 7.666020000000000056e-01 2.963867000000000029e+00 2.762450999999999990e+00
5.041499999999999870e-01 2.038574000000000108e+00 7.617190000000000349e-01 2.955321999999999782e+00 2.778319999999999901e+00
5.029299999999999882e-01 2.036132999999999971e+00 7.580569999999999808e-01 2.954101999999999784e+00 2.760009999999999852e+00
4.980470000000000175e-01 2.036132999999999971e+00 7.568359999999999532e-01 2.950438999999999812e+00 2.762450999999999990e+00
4.931639999999999913e-01 2.026367000000000029e+00 7.495119999999999560e-01 2.946776999999999980e+00 2.758789000000000158e+00
4.895019999999999927e-01 2.026367000000000029e+00 7.470700000000000118e-01 2.944335999999999842e+00 2.758789000000000158e+00
4.846190000000000220e-01 2.017821999999999782e+00 7.385249999999999870e-01 2.944335999999999842e+00 2.749023000000000216e+00
4.797359999999999958e-01 2.016601999999999784e+00 7.373049999999999882e-01 2.934569999999999901e+00 2.749023000000000216e+00
4.748539999999999983e-01 2.006835999999999842e+00 7.287599999999999634e-01 2.927245999999999793e+00 2.749023000000000216e+00
4.687500000000000000e-01 1.999511999999999956e+00 7.250980000000000203e-01 2.924805000000000099e+00 2.740479000000000109e+00
4.650880000000000014e-01 1.997069999999999901e+00 7.214359999999999662e-01 2.918700999999999990e+00 2.753906000000000187e+00
4.589840000000000031e-01 1.990966999999999931e+00 7.189940000000000220e-01 2.915039000000000158e+00 2.739257999999999971e+00
4.541020000000000056e-01 1.987305000000000099e+00 7.177729999999999944e-01 2.908936000000000188e+00 2.739257999999999971e+00
4.492189999999999794e-01 1.982421999999999906e+00 7.116700000000000248e-01 2.906493999999999911e+00 2.729492000000000029e+00
4.455569999999999808e-01 1.982421999999999906e+00 7.116700000000000248e-01 2.905273000000000216e+00 2.719726999999999784e+00
4.443360000000000087e-01 1.977538999999999936e+00 7.128910000000000524e-01 2.899169999999999803e+00 2.729492000000000029e+00
4.406740000000000101e-01 1.972655999999999965e+00 7.177729999999999944e-01 2.897949000000000108e+00 2.711181999999999981e+00
4.418949999999999823e-01 1.971435999999999966e+00 7.226559999999999651e-01 2.896729000000000109e+00 2.724609000000000059e+00
4.406740000000000101e-01 1.977538999999999936e+00 7.275390000000000468e-01 2.905273000000000216e+00 2.719726999999999784e+00
4.406740000000000101e-01 1.977538999999999936e+00 7.324220000000000175e-01 2.899169999999999803e+00 2.729492000000000029e+00
4.443360000000000087e-01 1.977538999999999936e+00 7.385249999999999870e-01 2.899169999999999803e+00 2.720946999999999782e+00
4.443360000000000087e-01 1.979980000000000073e+00 7.409670000000000423e-01 2.907715000000000050e+00 2.719726999999999784e+00
4.443360000000000087e-01 1.978760000000000074e+00 7.470700000000000118e-01 2.905273000000000216e+00 2.719726999999999784e+00
4.455569999999999808e-01 1.987305000000000099e+00 7.519529999999999825e-01 2.906493999999999911e+00 2.729492000000000029e+00
4.479980000000000073e-01 1.987305000000000099e+00 7.580569999999999808e-01 2.907715000000000050e+00 2.720946999999999782e+00
4.504389999999999783e-01 1.987305000000000099e+00 7.604980000000000073e-01 2.916259999999999852e+00 2.731933999999999862e+00
4.541020000000000056e-01 1.997069999999999901e+00 7.666020000000000056e-01 2.915039000000000158e+00 2.729492000000000029e+00
4.565429999999999766e-01 1.997069999999999901e+00 7.714839999999999476e-01 2.915039000000000158e+00 2.739257999999999971e+00
4.602049999999999752e-01 1.997069999999999901e+00 7.763670000000000293e-01 2.924805000000000099e+00 2.739257999999999971e+00
4.638669999999999738e-01 2.006835999999999842e+00 7.800289999999999724e-01 2.924805000000000099e+00 2.739257999999999971e+00
4.650880000000000014e-01 2.006835999999999842e+00 7.824710000000000276e-01 2.934569999999999901e+00 2.742919999999999803e+00
4.687500000000000000e-01 2.011718999999999813e+00 7.897950000000000248e-01 2.934569999999999901e+00 2.758789000000000158e+00
4.748539999999999983e-01 2.016601999999999784e+00 7.958979999999999944e-01 2.938232000000000177e+00 2.758789000000000158e+00
4.785159999999999969e-01 2.026367000000000029e+00 8.020019999999999927e-01 2.944335999999999842e+00 2.745360999999999940e+00
4.833979999999999944e-01 2.027588000000000168e+00 8.068849999999999634e-01 2.950438999999999812e+00 2.768555000000000099e+00
4.882810000000000206e-01 2.036132999999999971e+00 8.154299999999999882e-01 2.957764000000000060e+00 2.760009999999999852e+00
