7.690400000000000014e-02 1.219481999999999955e+00 5.126950000000000118e-01 2.065430000000000099e+00
7.690400000000000014e-02 1.219481999999999955e+00 5.126950000000000118e-01 2.065430000000000099e+00
7.690400000000000014e-02 1.220703000000000094e+00 5.126950000000000118e-01 2.058104999999999851e+00
7.690400000000000014e-02 1.219481999999999955e+00 5.126950000000000118e-01 2.060547000000000128e+00
7.568400000000000127e-02 1.219481999999999955e+00 5.126950000000000118e-01 2.058104999999999851e+00
7.568400000000000127e-02 1.220703000000000094e+00 5.126950000000000118e-01 2.058104999999999851e+00
7.690400000000000014e-02 1.220703000000000094e+00 5.126950000000000118e-01 2.059325999999999990e+00
7.690400000000000014e-02 1.220703000000000094e+00 5.126950000000000118e-01 2.059325999999999990e+00
7.690400000000000014e-02 1.218261999999999956e+00 5.126950000000000118e-01 2.059325999999999990e+00
7.690400000000000014e-02 1.219481999999999955e+00 5.126950000000000118e-01 2.058104999999999851e+00
7.568400000000000127e-02 1.219481999999999955e+00 5.126950000000000118e-01 2.058104999999999851e+00
7.690400000000000014e-02 1.219481999999999955e+00 5.126950000000000118e-01 2.058104999999999851e+00
7.568400000000000127e-02 1.219481999999999955e+00 5.126950000000000118e-01 2.059325999999999990e+00
7.690400000000000014e-02 1.220703000000000094e+00 5.126950000000000118e-01 2.059325999999999990e+00
7.690400000000000014e-02 1.220703000000000094e+00 5.126950000000000118e-01 2.059325999999999990e+00
7.568400000000000127e-02 1.219481999999999955e+00 5.126950000000000118e-01 2.065430000000000099e+00
7.690400000000000014e-02 1.218261999999999956e+00 5.126950000000000118e-01 2.059325999999999990e+00
7.568400000000000127e-02 1.220703000000000094e+00 5.126950000000000118e-01 2.065430000000000099e+00
7.568400000000000127e-02 1.220703000000000094e+00 5.126950000000000118e-01 2.059325999999999990e+00
7.568400000000000127e-02 1.219481999999999955e+00 5.126950000000000118e-01 2.056884999999999852e+00
7.568400000000000127e-02 1.217041000000000039e+00 5.126950000000000118e-01 2.058104999999999851e+00
7.690400000000000014e-02 1.217041000000000039e+00 5.126950000000000118e-01 2.059325999999999990e+00
7.568400000000000127e-02 1.219481999999999955e+00 5.126950000000000118e-01 2.058104999999999851e+00
7.690400000000000014e-02 1.219481999999999955e+00 5.126950000000000118e-01 2.059325999999999990e+00
7.568400000000000127e-02 1.217041000000000039e+00 5.126950000000000118e-01 2.058104999999999851e+00
7.690400000000000014e-02 1.217041000000000039e+00 5.126950000000000118e-01 2.059325999999999990e+00
7.568400000000000127e-02 1.217041000000000039e+00 5.126950000000000118e-01 2.056884999999999852e+00
7.568400000000000127e-02 1.217041000000000039e+00 5.126950000000000118e-01 2.059325999999999990e+00
7.690400000000000014e-02 1.219481999999999955e+00 5.126950000000000118e-01 2.059325999999999990e+00
7.568400000000000127e-02 1.219481999999999955e+00 5.126950000000000118e-01 2.059325999999999990e+00
7.690400000000000014e-02 1.220703000000000094e+00 5.126950000000000118e-01 2.056884999999999852e+00
7.568400000000000127e-02 1.217041000000000039e+00 5.126950000000000118e-01 2.059325999999999990e+00
7.568400000000000127e-02 1.220703000000000094e+00 5.126950000000000118e-01 2.056884999999999852e+00
7.690400000000000014e-02 1.218261999999999956e+00 5.126950000000000118e-01 2.056884999999999852e+00
7.568400000000000127e-02 1.217041000000000039e+00 5.126950000000000118e-01 2.056884999999999852e+00
7.690400000000000014e-02 1.219481999999999955e+00 5.126950000000000118e-01 2.056884999999999852e+00
7.568400000000000127e-02 1.220703000000000094e+00 5.126950000000000118e-01 2.056884999999999852e+00
7.690400000000000014e-02 1.219481999999999955e+00 5.126950000000000118e-01 2.056884999999999852e+00
7.690400000000000014e-02 1.219481999999999955e+00 5.126950000000000118e-01 2.056884999999999852e+00
7.690400000000000014e-02 1.220703000000000094e+00 5.126950000000000118e-01 2.056884999999999852e+00
7.690400000000000014e-02 1.219481999999999955e+00 5.126950000000000118e-01 2.056884999999999852e+00
7.690400000000000014e-02 1.219481999999999955e+00 5.126950000000000118e-01 2.058104999999999851e+00
7.690400000000000014e-02 1.219481999999999955e+00 5.126950000000000118e-01 2.058104999999999851e+00
7.690400000000000014e-02 1.219481999999999955e+00 5.126950000000000118e-01 2.056884999999999852e+00
7.568400000000000127e-02 1.219481999999999955e+00 5.126950000000000118e-01 2.059325999999999990e+00
7.690400000000000014e-02 1.219481999999999955e+00 5.126950000000000118e-01 2.058104999999999851e+00
7.690400000000000014e-02 1.219481999999999955e+00 5.126950000000000118e-01 2.056884999999999852e+00
7.690400000000000014e-02 1.219481999999999955e+00 5.126950000000000118e-01 2.058104999999999851e+00
7.690400000000000014e-02 1.220703000000000094e+00 5.126950000000000118e-01 2.059325999999999990e+00
7.690400000000000014e-02 1.220703000000000094e+00 5.126950000000000118e-01 2.056884999999999852e+00
7.690400000000000014e-02 1.219481999999999955e+00 5.126950000000000118e-01 2.060547000000000128e+00
7.690400000000000014e-02 1.221924000000000010e+00 5.126950000000000118e-01 2.059325999999999990e+00
7.690400000000000014e-02 1.219481999999999955e+00 5.126950000000000118e-01 2.058104999999999851e+00
7.690400000000000014e-02 1.220703000000000094e+00 5.126950000000000118e-01 2.058104999999999851e+00
7.690400000000000014e-02 1.219481999999999955e+00 5.126950000000000118e-01 2.059325999999999990e+00
7.568400000000000127e-02 1.220703000000000094e+00 5.126950000000000118e-01 2.056884999999999852e+00
7.690400000000000014e-02 1.219481999999999955e+00 5.126950000000000118e-01 2.060547000000000128e+00
7.690400000000000014e-02 1.220703000000000094e+00 5.126950000000000118e-01 2.059325999999999990e+00
7.690400000000000014e-02 1.220703000000000094e+00 5.126950000000000118e-01 2.065430000000000099e+00
7.690400000000000014e-02 1.225586000000000064e+00 5.126950000000000118e-01 2.058104999999999851e+00
7.812500000000000000e-02 1.221924000000000010e+00 5.126950000000000118e-01 2.065430000000000099e+00
7.690400000000000014e-02 1.220703000000000094e+00 5.126950000000000118e-01 2.060547000000000128e+00
7.812500000000000000e-02 1.220703000000000094e+00 5.126950000000000118e-01 2.059325999999999990e+00
7.812500000000000000e-02 1.225586000000000064e+00 5.126950000000000118e-01 2.060547000000000128e+00
7.812500000000000000e-02 1.225586000000000064e+00 5.126950000000000118e-01 2.065430000000000099e+00
7.812500000000000000e-02 1.225586000000000064e+00 5.126950000000000118e-01 2.065430000000000099e+00
7.812500000000000000e-02 1.225586000000000064e+00 5.126950000000000118e-01 2.065430000000000099e+00
7.812500000000000000e-02 1.225586000000000064e+00 5.126950000000000118e-01 2.065430000000000099e+00
7.934599999999999986e-02 1.225586000000000064e+00 5.126950000000000118e-01 2.065430000000000099e+00
8.056599999999999873e-02 1.230469000000000035e+00 5.151369999999999560e-01 2.066650000000000098e+00
8.178699999999999859e-02 1.235352000000000006e+00 5.163569999999999549e-01 2.067870999999999793e+00
8.300799999999999845e-02 1.240234000000000059e+00 5.163569999999999549e-01 2.075194999999999901e+00
8.544899999999999718e-02 1.246337999999999946e+00 5.224609999999999532e-01 2.076416000000000039e+00
8.911099999999999577e-02 1.256104000000000109e+00 5.224609999999999532e-01 2.084960999999999842e+00
8.911099999999999577e-02 1.256104000000000109e+00 5.224609999999999532e-01 2.084960999999999842e+00
9.277299999999999436e-02 1.274413999999999936e+00 5.273440000000000349e-01 2.094726999999999784e+00
9.887700000000000655e-02 1.290283000000000069e+00 5.322270000000000056e-01 2.104492000000000029e+00
1.196289999999999992e-01 1.357421999999999906e+00 5.517579999999999707e-01 2.143555000000000099e+00
1.354980000000000073e-01 1.406250000000000000e+00 5.664059999999999651e-01 2.167968999999999813e+00
1.550290000000000001e-01 1.461181999999999981e+00 5.834960000000000147e-01 2.203368999999999911e+00
1.806639999999999913e-01 1.518555000000000099e+00 6.018069999999999808e-01 2.250976999999999784e+00
2.062990000000000101e-01 1.568604000000000109e+00 6.213379999999999459e-01 2.292479999999999851e+00
2.343750000000000000e-01 1.625977000000000006e+00 6.396479999999999944e-01 2.343750000000000000e+00
2.624509999999999899e-01 1.674805000000000099e+00 6.591799999999999882e-01 2.387694999999999901e+00
2.917480000000000073e-01 1.718750000000000000e+00 6.726069999999999549e-01 2.441406000000000187e+00
3.186039999999999983e-01 1.755371000000000015e+00 6.884770000000000056e-01 2.479248000000000118e+00
3.466799999999999882e-01 1.791992000000000029e+00 7.031250000000000000e-01 2.524414000000000158e+00
3.723139999999999783e-01 1.821288999999999936e+00 7.141110000000000513e-01 2.558593999999999813e+00
3.930660000000000265e-01 1.840819999999999901e+00 7.275390000000000468e-01 2.592773000000000216e+00
4.138180000000000192e-01 1.870117000000000029e+00 7.373049999999999882e-01 2.615966999999999931e+00
4.309080000000000132e-01 1.887207000000000079e+00 7.434079999999999577e-01 2.646484000000000059e+00
4.492189999999999794e-01 1.918944999999999901e+00 7.531740000000000101e-01 2.667235999999999940e+00
4.675289999999999724e-01 1.953125000000000000e+00 7.666020000000000056e-01 2.694091999999999931e+00
4.870610000000000217e-01 1.978760000000000074e+00 7.775879999999999459e-01 2.722167999999999921e+00
5.078129999999999589e-01 2.008056999999999981e+00 7.910160000000000524e-01 2.750243999999999911e+00
5.322270000000000056e-01 2.038574000000000108e+00 8.056640000000000468e-01 2.778319999999999901e+00
5.517579999999999707e-01 2.065430000000000099e+00 8.190920000000000423e-01 2.807617000000000029e+00
5.676269999999999927e-01 2.084960999999999842e+00 8.288569999999999549e-01 2.838134999999999852e+00
5.859379999999999589e-01 2.108153999999999861e+00 8.398440000000000349e-01 2.856444999999999901e+00
6.005859999999999532e-01 2.124023000000000216e+00 8.496089999999999476e-01 2.878417999999999921e+00
6.140139999999999487e-01 2.133789000000000158e+00 8.557129999999999459e-01 2.899169999999999803e+00
6.225589999999999735e-01 2.143555000000000099e+00 8.642579999999999707e-01 2.917479999999999851e+00
6.311039999999999983e-01 2.147216999999999931e+00 8.642579999999999707e-01 2.927245999999999793e+00
6.396479999999999944e-01 2.153319999999999901e+00 8.691410000000000524e-01 2.944335999999999842e+00
6.445309999999999651e-01 2.158202999999999872e+00 8.703610000000000513e-01 2.954101999999999784e+00
6.494140000000000468e-01 2.167968999999999813e+00 8.740229999999999944e-01 2.955321999999999782e+00
6.518549999999999622e-01 2.164306999999999981e+00 8.740229999999999944e-01 2.963867000000000029e+00
6.530759999999999899e-01 2.163085999999999842e+00 8.740229999999999944e-01 2.968750000000000000e+00
6.530759999999999899e-01 2.154541000000000039e+00 8.691410000000000524e-01 2.973632999999999971e+00
6.494140000000000468e-01 2.138672000000000128e+00 8.593750000000000000e-01 2.968750000000000000e+00
6.408690000000000220e-01 2.126465000000000050e+00 8.508299999999999752e-01 2.968750000000000000e+00
6.359860000000000513e-01 2.116699000000000108e+00 8.447270000000000056e-01 2.954101999999999784e+00
6.298829999999999707e-01 2.104492000000000029e+00 8.361819999999999808e-01 2.954101999999999784e+00
6.250000000000000000e-01 2.094726999999999784e+00 8.276369999999999560e-01 2.944335999999999842e+00
6.164549999999999752e-01 2.086181999999999981e+00 8.203129999999999589e-01 2.939452999999999872e+00
6.103520000000000056e-01 2.069091999999999931e+00 8.154299999999999882e-01 2.927245999999999793e+00
5.957029999999999825e-01 2.045898000000000216e+00 8.007809999999999651e-01 2.915039000000000158e+00
5.871579999999999577e-01 2.036132999999999971e+00 7.922360000000000513e-01 2.906493999999999911e+00
5.822749999999999870e-01 2.027588000000000168e+00 7.873539999999999983e-01 2.896729000000000109e+00
5.737299999999999622e-01 2.017821999999999782e+00 7.800289999999999724e-01 2.895507999999999971e+00
5.676269999999999927e-01 2.006835999999999842e+00 7.763670000000000293e-01 2.885742000000000029e+00
5.615229999999999944e-01 2.001952999999999872e+00 7.678220000000000045e-01 2.875976999999999784e+00
5.529789999999999983e-01 1.989746000000000015e+00 7.629390000000000338e-01 2.871093999999999813e+00
5.468750000000000000e-01 1.978760000000000074e+00 7.580569999999999808e-01 2.862549000000000010e+00
5.419920000000000293e-01 1.970215000000000050e+00 7.531740000000000101e-01 2.856444999999999901e+00
5.334470000000000045e-01 1.958007999999999971e+00 7.470700000000000118e-01 2.846680000000000099e+00
5.261230000000000073e-01 1.953125000000000000e+00 7.409670000000000423e-01 2.838134999999999852e+00
5.224609999999999532e-01 1.948242000000000029e+00 7.336430000000000451e-01 2.836914000000000158e+00
5.126950000000000118e-01 1.938477000000000006e+00 7.287599999999999634e-01 2.827148000000000216e+00
5.041499999999999870e-01 1.928711000000000064e+00 7.238769999999999927e-01 2.817382999999999971e+00
4.968259999999999899e-01 1.918944999999999901e+00 7.177729999999999944e-01 2.807617000000000029e+00
4.895019999999999927e-01 1.909180000000000099e+00 7.141110000000000513e-01 2.801514000000000060e+00
4.833979999999999944e-01 1.899413999999999936e+00 7.080079999999999707e-01 2.794188999999999812e+00
4.748539999999999983e-01 1.892090000000000050e+00 7.031250000000000000e-01 2.788085999999999842e+00
4.687500000000000000e-01 1.881104000000000109e+00 6.982420000000000293e-01 2.778319999999999901e+00
4.602049999999999752e-01 1.875000000000000000e+00 6.933589999999999476e-01 2.770995999999999793e+00
4.541020000000000056e-01 1.870117000000000029e+00 6.884770000000000056e-01 2.762450999999999990e+00
4.455569999999999808e-01 1.860352000000000006e+00 6.848140000000000338e-01 2.758789000000000158e+00
4.394529999999999825e-01 1.850586000000000064e+00 6.799319999999999808e-01 2.749023000000000216e+00
4.309080000000000132e-01 1.840819999999999901e+00 6.750490000000000101e-01 2.741699000000000108e+00
4.260249999999999870e-01 1.833496000000000015e+00 6.701660000000000394e-01 2.734375000000000000e+00
4.199220000000000175e-01 1.831055000000000099e+00 6.689450000000000118e-01 2.725830000000000197e+00
4.125980000000000203e-01 1.822510000000000074e+00 6.628420000000000423e-01 2.719726999999999784e+00
4.064940000000000220e-01 1.811522999999999994e+00 6.591799999999999882e-01 2.712401999999999980e+00
4.003909999999999969e-01 1.805420000000000025e+00 6.555180000000000451e-01 2.709960999999999842e+00
3.918460000000000276e-01 1.801757999999999971e+00 6.518549999999999622e-01 2.700194999999999901e+00
3.869630000000000014e-01 1.791992000000000029e+00 6.494140000000000468e-01 2.691650000000000098e+00
3.820799999999999752e-01 1.785889000000000060e+00 6.457519999999999927e-01 2.684325999999999990e+00
3.710939999999999794e-01 1.777344000000000035e+00 6.396479999999999944e-01 2.680664000000000158e+00
3.662110000000000087e-01 1.772461000000000064e+00 6.396479999999999944e-01 2.670898000000000216e+00
3.625490000000000101e-01 1.772461000000000064e+00 6.347660000000000524e-01 2.664794999999999803e+00
3.564450000000000118e-01 1.763916000000000039e+00 6.311039999999999983e-01 2.661132999999999971e+00
3.527830000000000132e-01 1.763916000000000039e+00 6.311039999999999983e-01 2.661132999999999971e+00
3.491210000000000147e-01 1.762694999999999901e+00 6.298829999999999707e-01 2.656250000000000000e+00
3.466799999999999882e-01 1.762694999999999901e+00 6.298829999999999707e-01 2.651367000000000029e+00
3.369139999999999913e-01 1.752930000000000099e+00 6.250000000000000000e-01 2.641601999999999784e+00
3.320310000000000206e-01 1.750488000000000044e+00 6.237789999999999724e-01 2.644042999999999921e+00
3.283690000000000220e-01 1.744385000000000074e+00 6.237789999999999724e-01 2.636718999999999813e+00
3.234859999999999958e-01 1.745605000000000073e+00 6.201170000000000293e-01 2.633056999999999981e+00
3.210450000000000248e-01 1.743163999999999936e+00 6.213379999999999459e-01 2.631835999999999842e+00
3.173830000000000262e-01 1.738280999999999965e+00 6.201170000000000293e-01 2.623291000000000039e+00
3.137210000000000276e-01 1.734618999999999911e+00 6.164549999999999752e-01 2.615966999999999931e+00
3.088380000000000014e-01 1.733397999999999994e+00 6.152339999999999476e-01 2.615966999999999931e+00
3.076169999999999738e-01 1.727295000000000025e+00 6.140139999999999487e-01 2.612305000000000099e+00
3.015140000000000042e-01 1.724854000000000109e+00 6.115720000000000045e-01 2.612305000000000099e+00
2.990720000000000045e-01 1.723632999999999971e+00 6.115720000000000045e-01 2.602539000000000158e+00
2.941889999999999783e-01 1.718750000000000000e+00 6.091309999999999780e-01 2.602539000000000158e+00
2.905269999999999797e-01 1.713867000000000029e+00 6.079099999999999504e-01 2.602539000000000158e+00
2.868649999999999811e-01 1.708984000000000059e+00 6.054690000000000349e-01 2.593993999999999911e+00
2.832029999999999825e-01 1.704102000000000006e+00 6.054690000000000349e-01 2.592773000000000216e+00
2.783200000000000118e-01 1.700439000000000034e+00 6.018069999999999808e-01 2.585449000000000108e+00
2.783200000000000118e-01 1.700439000000000034e+00 6.018069999999999808e-01 2.585449000000000108e+00
2.746580000000000132e-01 1.695556999999999981e+00 6.018069999999999808e-01 2.587890999999999941e+00
2.709960000000000147e-01 1.694336000000000064e+00 6.005859999999999532e-01 2.583007999999999971e+00
2.685549999999999882e-01 1.685791000000000039e+00 5.969240000000000101e-01 2.574463000000000168e+00
2.648929999999999896e-01 1.684569999999999901e+00 5.944819999999999549e-01 2.573242000000000029e+00
2.600100000000000189e-01 1.677246000000000015e+00 5.920410000000000394e-01 2.564696999999999782e+00
2.575680000000000192e-01 1.674805000000000099e+00 5.908200000000000118e-01 2.563476999999999784e+00
2.526860000000000217e-01 1.674805000000000099e+00 5.908200000000000118e-01 2.554931999999999981e+00
2.502440000000000220e-01 1.665038999999999936e+00 5.871579999999999577e-01 2.553710999999999842e+00
2.453609999999999958e-01 1.660155999999999965e+00 5.859379999999999589e-01 2.546387000000000178e+00
2.416989999999999972e-01 1.655272999999999994e+00 5.847170000000000423e-01 2.543944999999999901e+00
2.392579999999999985e-01 1.655272999999999994e+00 5.822749999999999870e-01 2.537841999999999931e+00
2.343750000000000000e-01 1.645507999999999971e+00 5.810549999999999882e-01 2.537841999999999931e+00
2.307130000000000014e-01 1.641845999999999917e+00 5.786130000000000440e-01 2.528075999999999990e+00
2.294920000000000015e-01 1.635742000000000029e+00 5.761720000000000175e-01 2.525634999999999852e+00
2.246090000000000031e-01 1.635742000000000029e+00 5.737299999999999622e-01 2.524414000000000158e+00
2.209470000000000045e-01 1.625977000000000006e+00 5.725099999999999634e-01 2.514648000000000216e+00
2.136230000000000073e-01 1.621094000000000035e+00 5.712890000000000468e-01 2.508544999999999803e+00
2.111820000000000086e-01 1.616211000000000064e+00 5.676269999999999927e-01 2.504882999999999971e+00
2.075200000000000100e-01 1.611328000000000094e+00 5.664059999999999651e-01 2.500000000000000000e+00
2.038570000000000104e-01 1.606444999999999901e+00 5.664059999999999651e-01 2.495117000000000029e+00
2.001950000000000118e-01 1.606444999999999901e+00 5.651859999999999662e-01 2.496338000000000168e+00
1.977540000000000131e-01 1.597900000000000098e+00 5.627440000000000220e-01 2.487792999999999921e+00
1.953129999999999866e-01 1.597900000000000098e+00 5.627440000000000220e-01 2.485351999999999784e+00
1.904299999999999882e-01 1.590575999999999990e+00 5.615229999999999944e-01 2.476806999999999981e+00
1.867679999999999896e-01 1.586913999999999936e+00 5.578610000000000513e-01 2.475585999999999842e+00
1.843259999999999899e-01 1.583252000000000104e+00 5.566410000000000524e-01 2.469482000000000177e+00
1.818849999999999911e-01 1.579590000000000050e+00 5.578610000000000513e-01 2.467041000000000039e+00
1.806639999999999913e-01 1.578368999999999911e+00 5.566410000000000524e-01 2.465819999999999901e+00
1.770019999999999927e-01 1.577147999999999994e+00 5.554200000000000248e-01 2.465819999999999901e+00
1.757809999999999928e-01 1.577147999999999994e+00 5.554200000000000248e-01 2.458495999999999793e+00
1.745609999999999939e-01 1.573485999999999940e+00 5.529789999999999983e-01 2.456055000000000099e+00
1.721189999999999942e-01 1.571045000000000025e+00 5.529789999999999983e-01 2.456055000000000099e+00
1.708979999999999944e-01 1.569824000000000108e+00 5.529789999999999983e-01 2.456055000000000099e+00
1.696779999999999955e-01 1.567382999999999971e+00 5.529789999999999983e-01 2.449950999999999990e+00
1.696779999999999955e-01 1.567382999999999971e+00 5.529789999999999983e-01 2.449950999999999990e+00
1.672359999999999958e-01 1.567382999999999971e+00 5.529789999999999983e-01 2.446289000000000158e+00
1.660159999999999969e-01 1.567382999999999971e+00 5.529789999999999983e-01 2.446289000000000158e+00
1.647949999999999970e-01 1.567382999999999971e+00 5.529789999999999983e-01 2.446289000000000158e+00
1.647949999999999970e-01 1.561279000000000083e+00 5.529789999999999983e-01 2.446289000000000158e+00
1.623539999999999983e-01 1.562500000000000000e+00 5.529789999999999983e-01 2.446289000000000158e+00
1.623539999999999983e-01 1.561279000000000083e+00 5.529789999999999983e-01 2.441406000000000187e+00
1.611329999999999985e-01 1.558837999999999946e+00 5.529789999999999983e-01 2.437743999999999911e+00
1.611329999999999985e-01 1.558837999999999946e+00 5.529789999999999983e-01 2.436523000000000216e+00
1.599119999999999986e-01 1.557617000000000029e+00 5.529789999999999983e-01 2.436523000000000216e+00
1.599119999999999986e-01 1.557617000000000029e+00 5.517579999999999707e-01 2.436523000000000216e+00
1.574709999999999999e-01 1.557617000000000029e+00 5.529789999999999983e-01 2.436523000000000216e+00
1.574709999999999999e-01 1.557617000000000029e+00 5.529789999999999983e-01 2.431640999999999941e+00
1.562500000000000000e-01 1.557617000000000029e+00 5.529789999999999983e-01 2.430419999999999803e+00
1.562500000000000000e-01 1.552734000000000059e+00 5.529789999999999983e-01 2.430419999999999803e+00
1.550290000000000001e-01 1.551514000000000060e+00 5.529789999999999983e-01 2.429199000000000108e+00
1.550290000000000001e-01 1.550292999999999921e+00 5.529789999999999983e-01 2.429199000000000108e+00
1.538090000000000013e-01 1.550292999999999921e+00 5.529789999999999983e-01 2.426757999999999971e+00
1.538090000000000013e-01 1.549072000000000005e+00 5.517579999999999707e-01 2.426757999999999971e+00
1.525880000000000014e-01 1.547852000000000006e+00 5.517579999999999707e-01 2.426757999999999971e+00
1.513670000000000015e-01 1.547852000000000006e+00 5.517579999999999707e-01 2.427979000000000109e+00
1.513670000000000015e-01 1.547852000000000006e+00 5.517579999999999707e-01 2.421875000000000000e+00
1.501460000000000017e-01 1.541747999999999896e+00 5.517579999999999707e-01 2.419433999999999862e+00
1.489260000000000028e-01 1.539306999999999981e+00 5.517579999999999707e-01 2.416992000000000029e+00
1.477050000000000030e-01 1.540526999999999980e+00 5.517579999999999707e-01 2.416992000000000029e+00
1.477050000000000030e-01 1.538086000000000064e+00 5.517579999999999707e-01 2.416992000000000029e+00
1.464840000000000031e-01 1.538086000000000064e+00 5.505370000000000541e-01 2.416992000000000029e+00
1.452640000000000042e-01 1.534424000000000010e+00 5.480960000000000276e-01 2.416992000000000029e+00
1.452640000000000042e-01 1.533203000000000094e+00 5.480960000000000276e-01 2.409667999999999921e+00
1.452640000000000042e-01 1.530761999999999956e+00 5.480960000000000276e-01 2.409667999999999921e+00
1.428220000000000045e-01 1.530761999999999956e+00 5.480960000000000276e-01 2.407226999999999784e+00
1.428220000000000045e-01 1.528319999999999901e+00 5.480960000000000276e-01 2.407226999999999784e+00
1.416020000000000056e-01 1.528319999999999901e+00 5.468750000000000000e-01 2.407226999999999784e+00
1.416020000000000056e-01 1.522216999999999931e+00 5.468750000000000000e-01 2.401123000000000118e+00
1.403810000000000058e-01 1.522216999999999931e+00 5.468750000000000000e-01 2.407226999999999784e+00
1.391600000000000059e-01 1.519775000000000098e+00 5.468750000000000000e-01 2.398681999999999981e+00
1.391600000000000059e-01 1.519775000000000098e+00 5.468750000000000000e-01 2.397460999999999842e+00
1.379390000000000061e-01 1.518555000000000099e+00 5.456539999999999724e-01 2.393799000000000010e+00
1.367190000000000072e-01 1.518555000000000099e+00 5.456539999999999724e-01 2.397460999999999842e+00
1.367190000000000072e-01 1.511230000000000073e+00 5.456539999999999724e-01 2.391357000000000177e+00
1.354980000000000073e-01 1.510010000000000074e+00 5.444339999999999735e-01 2.387694999999999901e+00
1.354980000000000073e-01 1.508788999999999936e+00 5.432129999999999459e-01 2.387694999999999901e+00
1.342770000000000075e-01 1.508788999999999936e+00 5.432129999999999459e-01 2.390137000000000178e+00
1.330570000000000086e-01 1.508788999999999936e+00 5.432129999999999459e-01 2.387694999999999901e+00
1.330570000000000086e-01 1.503905999999999965e+00 5.432129999999999459e-01 2.387694999999999901e+00
1.330570000000000086e-01 1.503905999999999965e+00 5.432129999999999459e-01 2.381591999999999931e+00
1.318360000000000087e-01 1.500243999999999911e+00 5.432129999999999459e-01 2.381591999999999931e+00
1.318360000000000087e-01 1.499022999999999994e+00 5.432129999999999459e-01 2.377930000000000099e+00
1.318360000000000087e-01 1.499022999999999994e+00 5.419920000000000293e-01 2.377930000000000099e+00
1.306150000000000089e-01 1.500243999999999911e+00 5.419920000000000293e-01 2.377930000000000099e+00
1.293950000000000100e-01 1.499022999999999994e+00 5.419920000000000293e-01 2.377930000000000099e+00
1.293950000000000100e-01 1.494140999999999941e+00 5.419920000000000293e-01 2.377930000000000099e+00
1.293950000000000100e-01 1.494140999999999941e+00 5.419920000000000293e-01 2.377930000000000099e+00
1.281740000000000101e-01 1.494140999999999941e+00 5.419920000000000293e-01 2.371825999999999990e+00
1.281740000000000101e-01 1.490479000000000109e+00 5.419920000000000293e-01 2.369384999999999852e+00
1.269530000000000103e-01 1.489257999999999971e+00 5.419920000000000293e-01 2.368164000000000158e+00
1.257320000000000104e-01 1.489257999999999971e+00 5.419920000000000293e-01 2.368164000000000158e+00
1.257320000000000104e-01 1.489257999999999971e+00 5.419920000000000293e-01 2.368164000000000158e+00
1.257320000000000104e-01 1.484375000000000000e+00 5.419920000000000293e-01 2.368164000000000158e+00
1.245119999999999977e-01 1.484375000000000000e+00 5.419920000000000293e-01 2.368164000000000158e+00
1.245119999999999977e-01 1.484375000000000000e+00 5.407710000000000017e-01 2.360840000000000050e+00
1.232909999999999978e-01 1.484375000000000000e+00 5.383299999999999752e-01 2.359618999999999911e+00
1.232909999999999978e-01 1.484375000000000000e+00 5.383299999999999752e-01 2.359618999999999911e+00
1.232909999999999978e-01 1.480712999999999946e+00 5.419920000000000293e-01 2.358398000000000216e+00
1.232909999999999978e-01 1.479492000000000029e+00 5.383299999999999752e-01 2.358398000000000216e+00
1.220699999999999980e-01 1.479492000000000029e+00 5.383299999999999752e-01 2.358398000000000216e+00
1.220699999999999980e-01 1.479492000000000029e+00 5.383299999999999752e-01 2.353515999999999941e+00
1.220699999999999980e-01 1.479492000000000029e+00 5.383299999999999752e-01 2.352294999999999803e+00
1.220699999999999980e-01 1.475829999999999975e+00 5.383299999999999752e-01 2.351074000000000108e+00
1.220699999999999980e-01 1.475829999999999975e+00 5.383299999999999752e-01 2.351074000000000108e+00
1.220699999999999980e-01 1.479492000000000029e+00 5.395510000000000028e-01 2.351074000000000108e+00
1.232909999999999978e-01 1.484375000000000000e+00 5.419920000000000293e-01 2.353515999999999941e+00
1.269530000000000103e-01 1.501465000000000050e+00 5.432129999999999459e-01 2.360840000000000050e+00
1.330570000000000086e-01 1.522216999999999931e+00 5.517579999999999707e-01 2.369384999999999852e+00
1.428220000000000045e-01 1.549072000000000005e+00 5.578610000000000513e-01 2.381591999999999931e+00
1.525880000000000014e-01 1.577147999999999994e+00 5.676269999999999927e-01 2.402343999999999813e+00
1.635739999999999972e-01 1.600341999999999931e+00 5.810549999999999882e-01 2.416992000000000029e+00
1.745609999999999939e-01 1.627197000000000005e+00 5.908200000000000118e-01 2.436523000000000216e+00
1.892089999999999883e-01 1.660155999999999965e+00 6.005859999999999532e-01 2.456055000000000099e+00
2.062990000000000101e-01 1.713867000000000029e+00 6.152339999999999476e-01 2.485351999999999784e+00
2.307130000000000014e-01 1.772461000000000064e+00 6.372069999999999679e-01 2.524414000000000158e+00
2.600100000000000189e-01 1.833496000000000015e+00 6.640629999999999589e-01 2.573242000000000029e+00
2.941889999999999783e-01 1.890868999999999911e+00 6.909180000000000321e-01 2.624512000000000178e+00
3.271479999999999944e-01 1.938477000000000006e+00 7.141110000000000513e-01 2.680664000000000158e+00
3.601070000000000104e-01 1.970215000000000050e+00 7.348630000000000440e-01 2.719726999999999784e+00
3.869630000000000014e-01 1.997069999999999901e+00 7.482910000000000394e-01 2.758789000000000158e+00
4.113769999999999927e-01 2.016601999999999784e+00 7.617190000000000349e-01 2.789306999999999981e+00
4.345700000000000118e-01 2.031250000000000000e+00 7.702639999999999487e-01 2.811278999999999861e+00
4.541020000000000056e-01 2.045898000000000216e+00 7.775879999999999459e-01 2.832031000000000187e+00
4.541020000000000056e-01 2.045898000000000216e+00 7.775879999999999459e-01 2.832031000000000187e+00
4.675289999999999724e-01 2.055664000000000158e+00 7.861329999999999707e-01 2.846680000000000099e+00
4.797359999999999958e-01 2.059325999999999990e+00 7.873539999999999983e-01 2.860107000000000177e+00
4.931639999999999913e-01 2.065430000000000099e+00 7.897950000000000248e-01 2.869873000000000118e+00
4.980470000000000175e-01 2.059325999999999990e+00 7.897950000000000248e-01 2.878417999999999921e+00
5.029299999999999882e-01 2.055664000000000158e+00 7.885739999999999972e-01 2.885742000000000029e+00
5.053710000000000147e-01 2.047118999999999911e+00 7.861329999999999707e-01 2.885742000000000029e+00
5.065920000000000423e-01 2.037354000000000109e+00 7.812500000000000000e-01 2.879639000000000060e+00
5.053710000000000147e-01 2.031250000000000000e+00 7.775879999999999459e-01 2.878417999999999921e+00
5.029299999999999882e-01 2.021484000000000059e+00 7.714839999999999476e-01 2.875976999999999784e+00
4.992679999999999896e-01 2.009276999999999980e+00 7.666020000000000056e-01 2.868651999999999980e+00
4.943850000000000189e-01 1.998291000000000039e+00 7.604980000000000073e-01 2.866210999999999842e+00
4.919430000000000192e-01 1.990966999999999931e+00 7.568359999999999532e-01 2.857666000000000039e+00
4.882810000000000206e-01 1.981200999999999990e+00 7.482910000000000394e-01 2.856444999999999901e+00
4.846190000000000220e-01 1.970215000000000050e+00 7.434079999999999577e-01 2.846680000000000099e+00
4.772950000000000248e-01 1.967772999999999994e+00 7.385249999999999870e-01 2.840575999999999990e+00
4.736330000000000262e-01 1.953125000000000000e+00 7.336430000000000451e-01 2.830811000000000188e+00
4.687500000000000000e-01 1.948242000000000029e+00 7.287599999999999634e-01 2.827148000000000216e+00
4.650880000000000014e-01 1.940917999999999921e+00 7.275390000000000468e-01 2.827148000000000216e+00
4.638669999999999738e-01 1.933594000000000035e+00 7.226559999999999651e-01 2.822265999999999941e+00
4.577640000000000042e-01 1.928711000000000064e+00 7.189940000000000220e-01 2.811278999999999861e+00
4.553220000000000045e-01 1.922606999999999955e+00 7.177729999999999944e-01 2.808838000000000168e+00
4.516600000000000059e-01 1.918944999999999901e+00 7.128910000000000524e-01 2.807617000000000029e+00
4.479980000000000073e-01 1.914063000000000070e+00 7.104489999999999972e-01 2.797851999999999784e+00
4.443360000000000087e-01 1.909180000000000099e+00 7.080079999999999707e-01 2.797851999999999784e+00
4.394529999999999825e-01 1.901855000000000073e+00 7.031250000000000000e-01 2.791748000000000118e+00
4.357909999999999839e-01 1.899413999999999936e+00 6.994629999999999459e-01 2.788085999999999842e+00
4.309080000000000132e-01 1.893310999999999966e+00 6.982420000000000293e-01 2.778319999999999901e+00
4.272460000000000147e-01 1.882324000000000108e+00 6.933589999999999476e-01 2.778319999999999901e+00
4.211429999999999896e-01 1.875000000000000000e+00 6.896970000000000045e-01 2.768555000000000099e+00
4.174800000000000177e-01 1.870117000000000029e+00 6.835940000000000349e-01 2.762450999999999990e+00
4.113769999999999927e-01 1.860352000000000006e+00 6.799319999999999808e-01 2.758789000000000158e+00
4.064940000000000220e-01 1.854247999999999896e+00 6.787109999999999532e-01 2.749023000000000216e+00
4.003909999999999969e-01 1.850586000000000064e+00 6.726069999999999549e-01 2.749023000000000216e+00
3.955080000000000262e-01 1.840819999999999901e+00 6.689450000000000118e-01 2.739257999999999971e+00
3.906250000000000000e-01 1.833496000000000015e+00 6.652829999999999577e-01 2.734375000000000000e+00
3.906250000000000000e-01 1.833496000000000015e+00 6.652829999999999577e-01 2.734375000000000000e+00
3.857419999999999738e-01 1.824950999999999990e+00 6.640629999999999589e-01 2.729492000000000029e+00
3.808590000000000031e-01 1.821288999999999936e+00 6.591799999999999882e-01 2.719726999999999784e+00
3.759770000000000056e-01 1.812743999999999911e+00 6.555180000000000451e-01 2.711181999999999981e+00
3.698730000000000073e-01 1.806640999999999941e+00 6.506349999999999634e-01 2.709960999999999842e+00
3.662110000000000087e-01 1.801757999999999971e+00 6.494140000000000468e-01 2.700194999999999901e+00
3.588870000000000116e-01 1.791992000000000029e+00 6.457519999999999927e-01 2.700194999999999901e+00
3.540039999999999853e-01 1.787109000000000059e+00 6.408690000000000220e-01 2.690430000000000099e+00
3.503419999999999868e-01 1.782227000000000006e+00 6.396479999999999944e-01 2.681884999999999852e+00
3.454590000000000161e-01 1.772461000000000064e+00 6.359860000000000513e-01 2.680664000000000158e+00
3.405759999999999899e-01 1.763916000000000039e+00 6.311039999999999983e-01 2.670898000000000216e+00
3.344730000000000203e-01 1.762694999999999901e+00 6.298829999999999707e-01 2.662354000000000109e+00
3.295899999999999941e-01 1.752930000000000099e+00 6.262210000000000276e-01 2.661132999999999971e+00
3.234859999999999958e-01 1.746825999999999990e+00 6.237789999999999724e-01 2.655028999999999861e+00
3.198239999999999972e-01 1.743163999999999936e+00 6.201170000000000293e-01 2.645264000000000060e+00
3.137210000000000276e-01 1.733397999999999994e+00 6.164549999999999752e-01 2.641601999999999784e+00
3.100589999999999735e-01 1.728515999999999941e+00 6.152339999999999476e-01 2.635498000000000118e+00
3.051760000000000028e-01 1.723632999999999971e+00 6.115720000000000045e-01 2.631835999999999842e+00
3.002929999999999766e-01 1.718750000000000000e+00 6.103520000000000056e-01 2.622069999999999901e+00
2.978520000000000056e-01 1.715087999999999946e+00 6.066890000000000338e-01 2.622069999999999901e+00
2.917480000000000073e-01 1.706542999999999921e+00 6.054690000000000349e-01 2.613525000000000098e+00
2.880860000000000087e-01 1.704102000000000006e+00 6.030269999999999797e-01 2.606200999999999990e+00
2.832029999999999825e-01 1.695556999999999981e+00 6.005859999999999532e-01 2.603759999999999852e+00
2.783200000000000118e-01 1.694336000000000064e+00 6.005859999999999532e-01 2.602539000000000158e+00
2.746580000000000132e-01 1.689453000000000094e+00 5.969240000000000101e-01 2.595215000000000050e+00
2.709960000000000147e-01 1.684569999999999901e+00 5.957029999999999825e-01 2.592773000000000216e+00
2.673340000000000161e-01 1.678466999999999931e+00 5.920410000000000394e-01 2.584229000000000109e+00
2.624509999999999899e-01 1.674805000000000099e+00 5.908200000000000118e-01 2.583007999999999971e+00
2.587889999999999913e-01 1.669921999999999906e+00 5.908200000000000118e-01 2.578125000000000000e+00
2.551269999999999927e-01 1.665038999999999936e+00 5.871579999999999577e-01 2.574463000000000168e+00
2.502440000000000220e-01 1.665038999999999936e+00 5.871579999999999577e-01 2.573242000000000029e+00
2.478029999999999955e-01 1.656493999999999911e+00 5.859379999999999589e-01 2.563476999999999784e+00
2.441409999999999969e-01 1.655272999999999994e+00 5.834960000000000147e-01 2.563476999999999784e+00
2.404789999999999983e-01 1.646729000000000109e+00 5.822749999999999870e-01 2.553710999999999842e+00
2.355959999999999999e-01 1.645507999999999971e+00 5.810549999999999882e-01 2.553710999999999842e+00
2.343750000000000000e-01 1.645507999999999971e+00 5.810549999999999882e-01 2.547607000000000177e+00
2.307130000000000014e-01 1.638184000000000085e+00 5.773930000000000451e-01 2.543944999999999901e+00
2.270510000000000028e-01 1.636962999999999946e+00 5.761720000000000175e-01 2.543944999999999901e+00
2.233890000000000042e-01 1.635742000000000029e+00 5.749509999999999899e-01 2.535400000000000098e+00
2.209470000000000045e-01 1.629639000000000060e+00 5.737299999999999622e-01 2.534180000000000099e+00
2.172850000000000059e-01 1.625977000000000006e+00 5.725099999999999634e-01 2.525634999999999852e+00
2.148440000000000072e-01 1.625977000000000006e+00 5.712890000000000468e-01 2.524414000000000158e+00
2.111820000000000086e-01 1.618651999999999980e+00 5.712890000000000468e-01 2.525634999999999852e+00
2.087400000000000089e-01 1.616211000000000064e+00 5.712890000000000468e-01 2.519531000000000187e+00
2.062990000000000101e-01 1.616211000000000064e+00 5.688480000000000203e-01 2.514648000000000216e+00
2.026370000000000116e-01 1.610106999999999955e+00 5.676269999999999927e-01 2.508544999999999803e+00
2.014160000000000117e-01 1.607666000000000039e+00 5.664059999999999651e-01 2.507324000000000108e+00
2.001950000000000118e-01 1.606444999999999901e+00 5.664059999999999651e-01 2.509765999999999941e+00
1.965330000000000132e-01 1.605224999999999902e+00 5.664059999999999651e-01 2.504882999999999971e+00
1.953129999999999866e-01 1.606444999999999901e+00 5.651859999999999662e-01 2.504882999999999971e+00
1.928709999999999869e-01 1.597900000000000098e+00 5.651859999999999662e-01 2.498778999999999861e+00
1.928709999999999869e-01 1.597900000000000098e+00 5.651859999999999662e-01 2.498778999999999861e+00
1.916499999999999870e-01 1.597900000000000098e+00 5.639650000000000496e-01 2.496338000000000168e+00
1.904299999999999882e-01 1.597900000000000098e+00 5.639650000000000496e-01 2.496338000000000168e+00
1.879879999999999884e-01 1.596680000000000099e+00 5.627440000000000220e-01 2.495117000000000029e+00
1.855469999999999897e-01 1.596680000000000099e+00 5.627440000000000220e-01 2.490234000000000059e+00
1.843259999999999899e-01 1.596680000000000099e+00 5.627440000000000220e-01 2.487792999999999921e+00
1.831049999999999900e-01 1.588135000000000074e+00 5.627440000000000220e-01 2.485351999999999784e+00
1.818849999999999911e-01 1.588135000000000074e+00 5.615229999999999944e-01 2.487792999999999921e+00
1.806639999999999913e-01 1.588135000000000074e+00 5.627440000000000220e-01 2.485351999999999784e+00
1.794429999999999914e-01 1.586913999999999936e+00 5.615229999999999944e-01 2.485351999999999784e+00
1.782229999999999925e-01 1.586913999999999936e+00 5.615229999999999944e-01 2.480468999999999813e+00
1.770019999999999927e-01 1.586913999999999936e+00 5.615229999999999944e-01 2.476806999999999981e+00
1.757809999999999928e-01 1.588135000000000074e+00 5.615229999999999944e-01 2.475585999999999842e+00
1.757809999999999928e-01 1.586913999999999936e+00 5.615229999999999944e-01 2.475585999999999842e+00
1.757809999999999928e-01 1.586913999999999936e+00 5.627440000000000220e-01 2.475585999999999842e+00
1.745609999999999939e-01 1.586913999999999936e+00 5.615229999999999944e-01 2.475585999999999842e+00
1.757809999999999928e-01 1.589355000000000073e+00 5.627440000000000220e-01 2.475585999999999842e+00
1.770019999999999927e-01 1.596680000000000099e+00 5.651859999999999662e-01 2.475585999999999842e+00
1.770019999999999927e-01 1.597900000000000098e+00 5.664059999999999651e-01 2.475585999999999842e+00
1.782229999999999925e-01 1.600341999999999931e+00 5.676269999999999927e-01 2.475585999999999842e+00
1.806639999999999913e-01 1.607666000000000039e+00 5.712890000000000468e-01 2.479248000000000118e+00
1.818849999999999911e-01 1.606444999999999901e+00 5.712890000000000468e-01 2.480468999999999813e+00
1.831049999999999900e-01 1.606444999999999901e+00 5.725099999999999634e-01 2.485351999999999784e+00
1.843259999999999899e-01 1.607666000000000039e+00 5.725099999999999634e-01 2.485351999999999784e+00
1.855469999999999897e-01 1.610106999999999955e+00 5.725099999999999634e-01 2.485351999999999784e+00
1.867679999999999896e-01 1.608886999999999956e+00 5.737299999999999622e-01 2.485351999999999784e+00
1.867679999999999896e-01 1.610106999999999955e+00 5.749509999999999899e-01 2.485351999999999784e+00
1.879879999999999884e-01 1.610106999999999955e+00 5.737299999999999622e-01 2.485351999999999784e+00
1.879879999999999884e-01 1.608886999999999956e+00 5.737299999999999622e-01 2.485351999999999784e+00
1.879879999999999884e-01 1.607666000000000039e+00 5.761720000000000175e-01 2.485351999999999784e+00
1.892089999999999883e-01 1.608886999999999956e+00 5.749509999999999899e-01 2.485351999999999784e+00
1.892089999999999883e-01 1.610106999999999955e+00 5.749509999999999899e-01 2.486571999999999782e+00
1.904299999999999882e-01 1.616211000000000064e+00 5.761720000000000175e-01 2.485351999999999784e+00
1.916499999999999870e-01 1.616211000000000064e+00 5.761720000000000175e-01 2.486571999999999782e+00
1.916499999999999870e-01 1.616211000000000064e+00 5.773930000000000451e-01 2.486571999999999782e+00
1.928709999999999869e-01 1.616211000000000064e+00 5.773930000000000451e-01 2.485351999999999784e+00
1.940919999999999868e-01 1.619872999999999896e+00 5.773930000000000451e-01 2.486571999999999782e+00
1.940919999999999868e-01 1.617431999999999981e+00 5.810549999999999882e-01 2.487792999999999921e+00
1.953129999999999866e-01 1.617431999999999981e+00 5.810549999999999882e-01 2.495117000000000029e+00
1.965330000000000132e-01 1.617431999999999981e+00 5.810549999999999882e-01 2.489014000000000060e+00
1.965330000000000132e-01 1.621094000000000035e+00 5.810549999999999882e-01 2.489014000000000060e+00
1.965330000000000132e-01 1.617431999999999981e+00 5.810549999999999882e-01 2.495117000000000029e+00
1.977540000000000131e-01 1.621094000000000035e+00 5.822749999999999870e-01 2.495117000000000029e+00
2.001950000000000118e-01 1.622314000000000034e+00 5.822749999999999870e-01 2.495117000000000029e+00
