5.737300000000000039e-02 1.304931999999999981e+00 5.529789999999999983e-01 2.094726999999999784e+00 2.143555000000000099e+00
5.737300000000000039e-02 1.303711000000000064e+00 5.529789999999999983e-01 2.094726999999999784e+00 2.147216999999999931e+00
5.737300000000000039e-02 1.304931999999999981e+00 5.529789999999999983e-01 2.094726999999999784e+00 2.163085999999999842e+00
5.737300000000000039e-02 1.304931999999999981e+00 5.529789999999999983e-01 2.088623000000000118e+00 2.133789000000000158e+00
5.737300000000000039e-02 1.304931999999999981e+00 5.529789999999999983e-01 2.094726999999999784e+00 2.136229999999999851e+00
5.737300000000000039e-02 1.303711000000000064e+00 5.529789999999999983e-01 2.094726999999999784e+00 2.163085999999999842e+00
5.737300000000000039e-02 1.304931999999999981e+00 5.529789999999999983e-01 2.094726999999999784e+00 2.154541000000000039e+00
5.737300000000000039e-02 1.304931999999999981e+00 5.529789999999999983e-01 2.094726999999999784e+00 2.153319999999999901e+00
5.737300000000000039e-02 1.304931999999999981e+00 5.517579999999999707e-01 2.094726999999999784e+00 2.153319999999999901e+00
5.737300000000000039e-02 1.304931999999999981e+00 5.529789999999999983e-01 2.094726999999999784e+00 2.153319999999999901e+00
5.737300000000000039e-02 1.307372999999999896e+00 5.529789999999999983e-01 2.094726999999999784e+00 2.153319999999999901e+00
5.737300000000000039e-02 1.306151999999999980e+00 5.517579999999999707e-01 2.094726999999999784e+00 2.153319999999999901e+00
5.737300000000000039e-02 1.303711000000000064e+00 5.529789999999999983e-01 2.094726999999999784e+00 2.153319999999999901e+00
5.615200000000000052e-02 1.303711000000000064e+00 5.529789999999999983e-01 2.094726999999999784e+00 2.153319999999999901e+00
5.737300000000000039e-02 1.306151999999999980e+00 5.529789999999999983e-01 2.094726999999999784e+00 2.154541000000000039e+00
5.737300000000000039e-02 1.304931999999999981e+00 5.529789999999999983e-01 2.094726999999999784e+00 2.153319999999999901e+00
5.737300000000000039e-02 1.304931999999999981e+00 5.529789999999999983e-01 2.094726999999999784e+00 2.153319999999999901e+00
5.737300000000000039e-02 1.304931999999999981e+00 5.529789999999999983e-01 2.094726999999999784e+00 2.153319999999999901e+00
5.737300000000000039e-02 1.303711000000000064e+00 5.529789999999999983e-01 2.094726999999999784e+00 2.154541000000000039e+00
5.737300000000000039e-02 1.303711000000000064e+00 5.529789999999999983e-01 2.095946999999999782e+00 2.125243999999999911e+00
5.737300000000000039e-02 1.303711000000000064e+00 5.529789999999999983e-01 2.094726999999999784e+00 2.133789000000000158e+00
5.737300000000000039e-02 1.304931999999999981e+00 5.529789999999999983e-01 2.094726999999999784e+00 2.144775000000000098e+00
5.737300000000000039e-02 1.303711000000000064e+00 5.517579999999999707e-01 2.094726999999999784e+00 2.143555000000000099e+00
5.737300000000000039e-02 1.304931999999999981e+00 5.517579999999999707e-01 2.094726999999999784e+00 2.144775000000000098e+00
5.737300000000000039e-02 1.304931999999999981e+00 5.529789999999999983e-01 2.094726999999999784e+00 2.145995999999999793e+00
5.737300000000000039e-02 1.303711000000000064e+00 5.517579999999999707e-01 2.094726999999999784e+00 2.156982000000000177e+00
5.737300000000000039e-02 1.304931999999999981e+00 5.529789999999999983e-01 2.094726999999999784e+00 2.163085999999999842e+00
5.737300000000000039e-02 1.307372999999999896e+00 5.529789999999999983e-01 2.094726999999999784e+00 2.158202999999999872e+00
5.737300000000000039e-02 1.304931999999999981e+00 5.529789999999999983e-01 2.094726999999999784e+00 2.172851999999999784e+00
5.737300000000000039e-02 1.304931999999999981e+00 5.529789999999999983e-01 2.094726999999999784e+00 2.163085999999999842e+00
5.737300000000000039e-02 1.307372999999999896e+00 5.541989999999999972e-01 2.094726999999999784e+00 2.154541000000000039e+00
5.737300000000000039e-02 1.304931999999999981e+00 5.566410000000000524e-01 2.094726999999999784e+00 2.147216999999999931e+00
5.737300000000000039e-02 1.307372999999999896e+00 5.578610000000000513e-01 2.094726999999999784e+00 2.163085999999999842e+00
5.737300000000000039e-02 1.308594000000000035e+00 5.615229999999999944e-01 2.094726999999999784e+00 2.153319999999999901e+00
5.737300000000000039e-02 1.313477000000000006e+00 5.664059999999999651e-01 2.094726999999999784e+00 2.153319999999999901e+00
5.737300000000000039e-02 1.313477000000000006e+00 5.712890000000000468e-01 2.094726999999999784e+00 2.147216999999999931e+00
5.859400000000000025e-02 1.314697000000000005e+00 5.810549999999999882e-01 2.104492000000000029e+00 2.163085999999999842e+00
5.859400000000000025e-02 1.323242000000000029e+00 5.859379999999999589e-01 2.094726999999999784e+00 2.154541000000000039e+00
5.859400000000000025e-02 1.324462999999999946e+00 5.920410000000000394e-01 2.104492000000000029e+00 2.154541000000000039e+00
5.737300000000000039e-02 1.333007999999999971e+00 6.018069999999999808e-01 2.104492000000000029e+00 2.154541000000000039e+00
5.859400000000000025e-02 1.333007999999999971e+00 6.103520000000000056e-01 2.105713000000000168e+00 2.128906000000000187e+00
5.859400000000000025e-02 1.342772999999999994e+00 6.152339999999999476e-01 2.114257999999999971e+00 2.153319999999999901e+00
5.859400000000000025e-02 1.343993999999999911e+00 6.213379999999999459e-01 2.109375000000000000e+00 2.163085999999999842e+00
5.981399999999999911e-02 1.352538999999999936e+00 6.298829999999999707e-01 2.114257999999999971e+00 2.163085999999999842e+00
5.981399999999999911e-02 1.357421999999999906e+00 6.396479999999999944e-01 2.116699000000000108e+00 2.164306999999999981e+00
5.981399999999999911e-02 1.357421999999999906e+00 6.396479999999999944e-01 2.116699000000000108e+00 2.164306999999999981e+00
5.981399999999999911e-02 1.363525000000000098e+00 6.457519999999999927e-01 2.124023000000000216e+00 2.167968999999999813e+00
5.981399999999999911e-02 1.363525000000000098e+00 6.457519999999999927e-01 2.124023000000000216e+00 2.167968999999999813e+00
5.981399999999999911e-02 1.374511999999999956e+00 6.591799999999999882e-01 2.125243999999999911e+00 2.154541000000000039e+00
6.103499999999999898e-02 1.381836000000000064e+00 6.689450000000000118e-01 2.133789000000000158e+00 2.154541000000000039e+00
6.103499999999999898e-02 1.389159999999999950e+00 6.799319999999999808e-01 2.135009999999999852e+00 2.137450999999999990e+00
6.103499999999999898e-02 1.401367000000000029e+00 6.896970000000000045e-01 2.143555000000000099e+00 2.167968999999999813e+00
6.103499999999999898e-02 1.411132999999999971e+00 6.994629999999999459e-01 2.145995999999999793e+00 2.193604000000000109e+00
6.225599999999999884e-02 1.420897999999999994e+00 7.080079999999999707e-01 2.153319999999999901e+00 2.182617000000000029e+00
6.347700000000000564e-02 1.425780999999999965e+00 7.177729999999999944e-01 2.155762000000000178e+00 2.192382999999999971e+00
6.347700000000000564e-02 1.440430000000000099e+00 7.275390000000000468e-01 2.163085999999999842e+00 2.192382999999999971e+00
6.347700000000000564e-02 1.450194999999999901e+00 7.373049999999999882e-01 2.164306999999999981e+00 2.167968999999999813e+00
6.347700000000000564e-02 1.459961000000000064e+00 7.434079999999999577e-01 2.172851999999999784e+00 2.196044999999999803e+00
6.347700000000000564e-02 1.469727000000000006e+00 7.531740000000000101e-01 2.182617000000000029e+00 2.213134999999999852e+00
6.469700000000000450e-02 1.480712999999999946e+00 7.666020000000000056e-01 2.187500000000000000e+00 2.205811000000000188e+00
6.469700000000000450e-02 1.490479000000000109e+00 7.727049999999999752e-01 2.193604000000000109e+00 2.194824000000000108e+00
6.469700000000000450e-02 1.508788999999999936e+00 7.812500000000000000e-01 2.202148000000000216e+00 2.214354999999999851e+00
6.469700000000000450e-02 1.518555000000000099e+00 7.873539999999999983e-01 2.211914000000000158e+00 2.232666000000000039e+00
6.591800000000000437e-02 1.528319999999999901e+00 7.971190000000000220e-01 2.215575999999999990e+00 2.203368999999999911e+00
6.591800000000000437e-02 1.539306999999999981e+00 8.056640000000000468e-01 2.221680000000000099e+00 2.211914000000000158e+00
6.713900000000000423e-02 1.557617000000000029e+00 8.081049999999999622e-01 2.225341999999999931e+00 2.203368999999999911e+00
6.713900000000000423e-02 1.567382999999999971e+00 8.166499999999999870e-01 2.235107000000000177e+00 2.192382999999999971e+00
6.713900000000000423e-02 1.577147999999999994e+00 8.203129999999999589e-01 2.241210999999999842e+00 2.211914000000000158e+00
6.835900000000000309e-02 1.589355000000000073e+00 8.251950000000000118e-01 2.250976999999999784e+00 2.231444999999999901e+00
6.835900000000000309e-02 1.602783000000000069e+00 8.300779999999999825e-01 2.260742000000000029e+00 2.242431999999999981e+00
6.835900000000000309e-02 1.616211000000000064e+00 8.349609999999999532e-01 2.265625000000000000e+00 2.242431999999999981e+00
6.835900000000000309e-02 1.627197000000000005e+00 8.398440000000000349e-01 2.270507999999999971e+00 2.250976999999999784e+00
6.958000000000000296e-02 1.638184000000000085e+00 8.447270000000000056e-01 2.280273000000000216e+00 2.260742000000000029e+00
6.958000000000000296e-02 1.650390999999999941e+00 8.483889999999999487e-01 2.282715000000000050e+00 2.271729000000000109e+00
6.958000000000000296e-02 1.665038999999999936e+00 8.544920000000000293e-01 2.293700999999999990e+00 2.241210999999999842e+00
6.958000000000000296e-02 1.674805000000000099e+00 8.544920000000000293e-01 2.299805000000000099e+00 2.260742000000000029e+00
7.080100000000000282e-02 1.696776999999999980e+00 8.605960000000000276e-01 2.310791000000000039e+00 2.252196999999999782e+00
6.958000000000000296e-02 1.707764000000000060e+00 8.642579999999999707e-01 2.319335999999999842e+00 2.265625000000000000e+00
6.958000000000000296e-02 1.723632999999999971e+00 8.654789999999999983e-01 2.329101999999999784e+00 2.299805000000000099e+00
7.202100000000000168e-02 1.733397999999999994e+00 8.654789999999999983e-01 2.331542999999999921e+00 2.301025000000000098e+00
7.202100000000000168e-02 1.739502000000000104e+00 8.654789999999999983e-01 2.338867000000000029e+00 2.303466999999999931e+00
7.202100000000000168e-02 1.752930000000000099e+00 8.666989999999999972e-01 2.344971000000000139e+00 2.290039000000000158e+00
7.202100000000000168e-02 1.762694999999999901e+00 8.691410000000000524e-01 2.348632999999999971e+00 2.292479999999999851e+00
7.202100000000000168e-02 1.772461000000000064e+00 8.691410000000000524e-01 2.358398000000000216e+00 2.319335999999999842e+00
7.202100000000000168e-02 1.782227000000000006e+00 8.740229999999999944e-01 2.359618999999999911e+00 2.291259999999999852e+00
7.324200000000000155e-02 1.791992000000000029e+00 8.776859999999999662e-01 2.368164000000000158e+00 2.309569999999999901e+00
7.324200000000000155e-02 1.801757999999999971e+00 8.837890000000000468e-01 2.371825999999999990e+00 2.291259999999999852e+00
7.324200000000000155e-02 1.811522999999999994e+00 8.886720000000000175e-01 2.380370999999999793e+00 2.309569999999999901e+00
7.324200000000000155e-02 1.821288999999999936e+00 8.935549999999999882e-01 2.388916000000000039e+00 2.291259999999999852e+00
7.324200000000000155e-02 1.821288999999999936e+00 8.935549999999999882e-01 2.388916000000000039e+00 2.291259999999999852e+00
7.324200000000000155e-02 1.831055000000000099e+00 8.947749999999999870e-01 2.390137000000000178e+00 2.310791000000000039e+00
7.324200000000000155e-02 1.840819999999999901e+00 9.033200000000000118e-01 2.397460999999999842e+00 2.324218999999999813e+00
7.324200000000000155e-02 1.850586000000000064e+00 9.033200000000000118e-01 2.407226999999999784e+00 2.348632999999999971e+00
7.324200000000000155e-02 1.860352000000000006e+00 9.033200000000000118e-01 2.408446999999999782e+00 2.321776999999999980e+00
7.324200000000000155e-02 1.860352000000000006e+00 9.033200000000000118e-01 2.408446999999999782e+00 2.321776999999999980e+00
7.324200000000000155e-02 1.870117000000000029e+00 9.045410000000000394e-01 2.416992000000000029e+00 2.358398000000000216e+00
7.324200000000000155e-02 1.879882999999999971e+00 9.082029999999999825e-01 2.426757999999999971e+00 2.352294999999999803e+00
7.446300000000000141e-02 1.889647999999999994e+00 9.069819999999999549e-01 2.426757999999999971e+00 2.368164000000000158e+00
7.324200000000000155e-02 1.894530999999999965e+00 9.130859999999999532e-01 2.436523000000000216e+00 2.368164000000000158e+00
7.446300000000000141e-02 1.903075999999999990e+00 9.130859999999999532e-01 2.437743999999999911e+00 2.340088000000000168e+00
7.446300000000000141e-02 1.909180000000000099e+00 9.130859999999999532e-01 2.446289000000000158e+00 2.349854000000000109e+00
7.446300000000000141e-02 1.918944999999999901e+00 9.130859999999999532e-01 2.448729999999999851e+00 2.368164000000000158e+00
7.446300000000000141e-02 1.932372999999999896e+00 9.094240000000000101e-01 2.458495999999999793e+00 2.390137000000000178e+00
7.446300000000000141e-02 1.939697000000000005e+00 9.094240000000000101e-01 2.470702999999999872e+00 2.398681999999999981e+00
7.446300000000000141e-02 1.948242000000000029e+00 9.130859999999999532e-01 2.467041000000000039e+00 2.363281000000000187e+00
7.446300000000000141e-02 1.959229000000000109e+00 9.130859999999999532e-01 2.475585999999999842e+00 2.387694999999999901e+00
7.446300000000000141e-02 1.959229000000000109e+00 9.143069999999999808e-01 2.478026999999999980e+00 2.397460999999999842e+00
7.446300000000000141e-02 1.967772999999999994e+00 9.179690000000000349e-01 2.485351999999999784e+00 2.397460999999999842e+00
7.446300000000000141e-02 1.977538999999999936e+00 9.228520000000000056e-01 2.486571999999999782e+00 2.377930000000000099e+00
7.446300000000000141e-02 1.981200999999999990e+00 9.277339999999999476e-01 2.495117000000000029e+00 2.387694999999999901e+00
7.568400000000000127e-02 1.988525000000000098e+00 9.338379999999999459e-01 2.498778999999999861e+00 2.381591999999999931e+00
7.568400000000000127e-02 1.997069999999999901e+00 9.423829999999999707e-01 2.504882999999999971e+00 2.397460999999999842e+00
7.568400000000000127e-02 2.006835999999999842e+00 9.484860000000000513e-01 2.514648000000000216e+00 2.410889000000000060e+00
7.568400000000000127e-02 2.010498000000000118e+00 9.558109999999999662e-01 2.515868999999999911e+00 2.398681999999999981e+00
7.568400000000000127e-02 2.026367000000000029e+00 9.619140000000000468e-01 2.524414000000000158e+00 2.407226999999999784e+00
7.690400000000000014e-02 2.033691000000000138e+00 9.716799999999999882e-01 2.534180000000000099e+00 2.418213000000000168e+00
7.690400000000000014e-02 2.041015999999999941e+00 9.814450000000000118e-01 2.537841999999999931e+00 2.397460999999999842e+00
7.690400000000000014e-02 2.049561000000000188e+00 9.912109999999999532e-01 2.543944999999999901e+00 2.416992000000000029e+00
7.690400000000000014e-02 2.060547000000000128e+00 1.000977000000000006e+00 2.553710999999999842e+00 2.426757999999999971e+00
7.812500000000000000e-02 2.075194999999999901e+00 1.010742000000000029e+00 2.563476999999999784e+00 2.436523000000000216e+00
7.812500000000000000e-02 2.078857000000000177e+00 1.015625000000000000e+00 2.565917999999999921e+00 2.446289000000000158e+00
7.812500000000000000e-02 2.089843999999999813e+00 1.021729000000000109e+00 2.573242000000000029e+00 2.456055000000000099e+00
7.812500000000000000e-02 2.104492000000000029e+00 1.031493999999999911e+00 2.583007999999999971e+00 2.456055000000000099e+00
7.934599999999999986e-02 2.114257999999999971e+00 1.043700999999999990e+00 2.586669999999999803e+00 2.436523000000000216e+00
7.934599999999999986e-02 2.124023000000000216e+00 1.059569999999999901e+00 2.597656000000000187e+00 2.449950999999999990e+00
7.934599999999999986e-02 2.133789000000000158e+00 1.074219000000000035e+00 2.606200999999999990e+00 2.446289000000000158e+00
8.056599999999999873e-02 2.147216999999999931e+00 1.088867000000000029e+00 2.613525000000000098e+00 2.431640999999999941e+00
8.056599999999999873e-02 2.163085999999999842e+00 1.102295000000000025e+00 2.623291000000000039e+00 2.446289000000000158e+00
8.056599999999999873e-02 2.175292999999999921e+00 1.114502000000000104e+00 2.636718999999999813e+00 2.475585999999999842e+00
8.300799999999999845e-02 2.187500000000000000e+00 1.120605000000000073e+00 2.642821999999999782e+00 2.457275000000000098e+00
8.300799999999999845e-02 2.202148000000000216e+00 1.124268000000000045e+00 2.651367000000000029e+00 2.479248000000000118e+00
8.300799999999999845e-02 2.211914000000000158e+00 1.127930000000000099e+00 2.661132999999999971e+00 2.504882999999999971e+00
8.300799999999999845e-02 2.225341999999999931e+00 1.130371000000000015e+00 2.670898000000000216e+00 2.508544999999999803e+00
8.300799999999999845e-02 2.235107000000000177e+00 1.132813000000000070e+00 2.680664000000000158e+00 2.524414000000000158e+00
8.422899999999999832e-02 2.246093999999999813e+00 1.137694999999999901e+00 2.690430000000000099e+00 2.525634999999999852e+00
8.422899999999999832e-02 2.260742000000000029e+00 1.141356999999999955e+00 2.694091999999999931e+00 2.507324000000000108e+00
8.422899999999999832e-02 2.270507999999999971e+00 1.148681999999999981e+00 2.703857000000000177e+00 2.506104000000000109e+00
8.544899999999999718e-02 2.281493999999999911e+00 1.166992000000000029e+00 2.719726999999999784e+00 2.514648000000000216e+00
8.666999999999999704e-02 2.293700999999999990e+00 1.186522999999999994e+00 2.722167999999999921e+00 2.534180000000000099e+00
8.666999999999999704e-02 2.309569999999999901e+00 1.202393000000000045e+00 2.734375000000000000e+00 2.553710999999999842e+00
8.789099999999999691e-02 2.329101999999999784e+00 1.225586000000000064e+00 2.742919999999999803e+00 2.534180000000000099e+00
8.789099999999999691e-02 2.329101999999999784e+00 1.225586000000000064e+00 2.742919999999999803e+00 2.534180000000000099e+00
8.789099999999999691e-02 2.343750000000000000e+00 1.245117000000000029e+00 2.758789000000000158e+00 2.545166000000000039e+00
8.911099999999999577e-02 2.358398000000000216e+00 1.258545000000000025e+00 2.768555000000000099e+00 2.565917999999999921e+00
9.033199999999999563e-02 2.388916000000000039e+00 1.285400000000000098e+00 2.790526999999999980e+00 2.602539000000000158e+00
9.155299999999999550e-02 2.407226999999999784e+00 1.295166000000000039e+00 2.807617000000000029e+00 2.602539000000000158e+00
9.277299999999999436e-02 2.420653999999999861e+00 1.304931999999999981e+00 2.817382999999999971e+00 2.612305000000000099e+00
9.277299999999999436e-02 2.438965000000000050e+00 1.313477000000000006e+00 2.827148000000000216e+00 2.614745999999999793e+00
9.399399999999999422e-02 2.456055000000000099e+00 1.314697000000000005e+00 2.836914000000000158e+00 2.633056999999999981e+00
9.399399999999999422e-02 2.468262000000000178e+00 1.317139000000000060e+00 2.849120999999999793e+00 2.634276999999999980e+00
9.399399999999999422e-02 2.485351999999999784e+00 1.314697000000000005e+00 2.857666000000000039e+00 2.622069999999999901e+00
9.521499999999999408e-02 2.495117000000000029e+00 1.313477000000000006e+00 2.871093999999999813e+00 2.633056999999999981e+00
9.643599999999999395e-02 2.504882999999999971e+00 1.304931999999999981e+00 2.880859000000000059e+00 2.641601999999999784e+00
9.643599999999999395e-02 2.514648000000000216e+00 1.303711000000000064e+00 2.890625000000000000e+00 2.651367000000000029e+00
9.643599999999999395e-02 2.524414000000000158e+00 1.303711000000000064e+00 2.896729000000000109e+00 2.631835999999999842e+00
9.643599999999999395e-02 2.535400000000000098e+00 1.295166000000000039e+00 2.905273000000000216e+00 2.645264000000000060e+00
9.765600000000000669e-02 2.535400000000000098e+00 1.293944999999999901e+00 2.915039000000000158e+00 2.670898000000000216e+00
9.643599999999999395e-02 2.545166000000000039e+00 1.287841999999999931e+00 2.924805000000000099e+00 2.680664000000000158e+00
9.643599999999999395e-02 2.553710999999999842e+00 1.285400000000000098e+00 2.928466999999999931e+00 2.661132999999999971e+00
9.765600000000000669e-02 2.558593999999999813e+00 1.276855000000000073e+00 2.934569999999999901e+00 2.663574000000000108e+00
9.765600000000000669e-02 2.563476999999999784e+00 1.274413999999999936e+00 2.944335999999999842e+00 2.690430000000000099e+00
9.765600000000000669e-02 2.564696999999999782e+00 1.264647999999999994e+00 2.946776999999999980e+00 2.691650000000000098e+00
9.643599999999999395e-02 2.573242000000000029e+00 1.254882999999999971e+00 2.954101999999999784e+00 2.690430000000000099e+00
9.643599999999999395e-02 2.573242000000000029e+00 1.245117000000000029e+00 2.956542999999999921e+00 2.694091999999999931e+00
9.643599999999999395e-02 2.573242000000000029e+00 1.230469000000000035e+00 2.960205000000000197e+00 2.680664000000000158e+00
9.643599999999999395e-02 2.573242000000000029e+00 1.217041000000000039e+00 2.963867000000000029e+00 2.691650000000000098e+00
9.643599999999999395e-02 2.573242000000000029e+00 1.206055000000000099e+00 2.973632999999999971e+00 2.694091999999999931e+00
9.643599999999999395e-02 2.573242000000000029e+00 1.187743999999999911e+00 2.973632999999999971e+00 2.713623000000000118e+00
9.521499999999999408e-02 2.567139000000000060e+00 1.176757999999999971e+00 2.973632999999999971e+00 2.719726999999999784e+00
9.521499999999999408e-02 2.564696999999999782e+00 1.159667999999999921e+00 2.973632999999999971e+00 2.719726999999999784e+00
9.399399999999999422e-02 2.563476999999999784e+00 1.147461000000000064e+00 2.974854000000000109e+00 2.686767999999999823e+00
9.399399999999999422e-02 2.556151999999999980e+00 1.132813000000000070e+00 2.973632999999999971e+00 2.701416000000000039e+00
9.399399999999999422e-02 2.553710999999999842e+00 1.118163999999999936e+00 2.974854000000000109e+00 2.680664000000000158e+00
9.399399999999999422e-02 2.553710999999999842e+00 1.102295000000000025e+00 2.973632999999999971e+00 2.691650000000000098e+00
9.277299999999999436e-02 2.543944999999999901e+00 1.090087999999999946e+00 2.973632999999999971e+00 2.701416000000000039e+00
9.277299999999999436e-02 2.535400000000000098e+00 1.079102000000000006e+00 2.973632999999999971e+00 2.701416000000000039e+00
9.155299999999999550e-02 2.535400000000000098e+00 1.069336000000000064e+00 2.973632999999999971e+00 2.700194999999999901e+00
9.033199999999999563e-02 2.515868999999999911e+00 1.044921999999999906e+00 2.973632999999999971e+00 2.709960999999999842e+00
9.033199999999999563e-02 2.514648000000000216e+00 1.040038999999999936e+00 2.973632999999999971e+00 2.709960999999999842e+00
8.911099999999999577e-02 2.506104000000000109e+00 1.033935999999999966e+00 2.973632999999999971e+00 2.709960999999999842e+00
8.911099999999999577e-02 2.498778999999999861e+00 1.031493999999999911e+00 2.968750000000000000e+00 2.709960999999999842e+00
8.911099999999999577e-02 2.495117000000000029e+00 1.033935999999999966e+00 2.963867000000000029e+00 2.711181999999999981e+00
8.789099999999999691e-02 2.495117000000000029e+00 1.040038999999999936e+00 2.963867000000000029e+00 2.701416000000000039e+00
8.789099999999999691e-02 2.486571999999999782e+00 1.041260000000000074e+00 2.963867000000000029e+00 2.701416000000000039e+00
8.789099999999999691e-02 2.485351999999999784e+00 1.051025000000000098e+00 2.963867000000000029e+00 2.700194999999999901e+00
8.666999999999999704e-02 2.485351999999999784e+00 1.064453000000000094e+00 2.957764000000000060e+00 2.675781000000000187e+00
8.789099999999999691e-02 2.479248000000000118e+00 1.079102000000000006e+00 2.956542999999999921e+00 2.694091999999999931e+00
8.666999999999999704e-02 2.485351999999999784e+00 1.092529000000000083e+00 2.956542999999999921e+00 2.711181999999999981e+00
8.789099999999999691e-02 2.479248000000000118e+00 1.108397999999999994e+00 2.957764000000000060e+00 2.680664000000000158e+00
8.789099999999999691e-02 2.485351999999999784e+00 1.119385000000000074e+00 2.963867000000000029e+00 2.690430000000000099e+00
8.789099999999999691e-02 2.485351999999999784e+00 1.132813000000000070e+00 2.963867000000000029e+00 2.700194999999999901e+00
8.789099999999999691e-02 2.485351999999999784e+00 1.148681999999999981e+00 2.963867000000000029e+00 2.709960999999999842e+00
8.789099999999999691e-02 2.485351999999999784e+00 1.163329999999999975e+00 2.968750000000000000e+00 2.703857000000000177e+00
8.911099999999999577e-02 2.495117000000000029e+00 1.191405999999999965e+00 2.973632999999999971e+00 2.711181999999999981e+00
8.911099999999999577e-02 2.500000000000000000e+00 1.201171999999999906e+00 2.973632999999999971e+00 2.709960999999999842e+00
8.911099999999999577e-02 2.504882999999999971e+00 1.209716999999999931e+00 2.978515999999999941e+00 2.720946999999999782e+00
8.911099999999999577e-02 2.507324000000000108e+00 1.210938000000000070e+00 2.977294999999999803e+00 2.690430000000000099e+00
8.911099999999999577e-02 2.514648000000000216e+00 1.215819999999999901e+00 2.978515999999999941e+00 2.701416000000000039e+00
9.033199999999999563e-02 2.514648000000000216e+00 1.209716999999999931e+00 2.983398000000000216e+00 2.711181999999999981e+00
8.911099999999999577e-02 2.514648000000000216e+00 1.208496000000000015e+00 2.983398000000000216e+00 2.711181999999999981e+00
8.911099999999999577e-02 2.514648000000000216e+00 1.208496000000000015e+00 2.983398000000000216e+00 2.711181999999999981e+00
9.033199999999999563e-02 2.524414000000000158e+00 1.196288999999999936e+00 2.993164000000000158e+00 2.719726999999999784e+00
8.911099999999999577e-02 2.524414000000000158e+00 1.191405999999999965e+00 2.993164000000000158e+00 2.719726999999999784e+00
9.033199999999999563e-02 2.524414000000000158e+00 1.187743999999999911e+00 2.993164000000000158e+00 2.733153999999999861e+00
9.033199999999999563e-02 2.524414000000000158e+00 1.186522999999999994e+00 2.993164000000000158e+00 2.730713000000000168e+00
9.033199999999999563e-02 2.524414000000000158e+00 1.188965000000000050e+00 2.998047000000000128e+00 2.729492000000000029e+00
8.911099999999999577e-02 2.524414000000000158e+00 1.196288999999999936e+00 2.993164000000000158e+00 2.729492000000000029e+00
9.033199999999999563e-02 2.528075999999999990e+00 1.206055000000000099e+00 2.993164000000000158e+00 2.729492000000000029e+00
9.033199999999999563e-02 2.534180000000000099e+00 1.210938000000000070e+00 2.996825999999999990e+00 2.703857000000000177e+00
9.155299999999999550e-02 2.534180000000000099e+00 1.217041000000000039e+00 3.002930000000000099e+00 2.729492000000000029e+00
9.155299999999999550e-02 2.543944999999999901e+00 1.225586000000000064e+00 3.002930000000000099e+00 2.729492000000000029e+00
9.155299999999999550e-02 2.537841999999999931e+00 1.225586000000000064e+00 3.004150000000000098e+00 2.709960999999999842e+00
9.155299999999999550e-02 2.537841999999999931e+00 1.225586000000000064e+00 3.004150000000000098e+00 2.709960999999999842e+00
9.155299999999999550e-02 2.543944999999999901e+00 1.225586000000000064e+00 3.006591999999999931e+00 2.690430000000000099e+00
9.155299999999999550e-02 2.545166000000000039e+00 1.217041000000000039e+00 3.006591999999999931e+00 2.690430000000000099e+00
9.155299999999999550e-02 2.547607000000000177e+00 1.212158000000000069e+00 3.006591999999999931e+00 2.684325999999999990e+00
9.155299999999999550e-02 2.547607000000000177e+00 1.209716999999999931e+00 3.012694999999999901e+00 2.719726999999999784e+00
9.155299999999999550e-02 2.547607000000000177e+00 1.204833999999999961e+00 3.012694999999999901e+00 2.729492000000000029e+00
9.155299999999999550e-02 2.553710999999999842e+00 1.206055000000000099e+00 3.012694999999999901e+00 2.739257999999999971e+00
9.155299999999999550e-02 2.554931999999999981e+00 1.207275000000000098e+00 3.012694999999999901e+00 2.739257999999999971e+00
9.155299999999999550e-02 2.554931999999999981e+00 1.215819999999999901e+00 3.015137000000000178e+00 2.739257999999999971e+00
9.155299999999999550e-02 2.553710999999999842e+00 1.225586000000000064e+00 3.022460999999999842e+00 2.742919999999999803e+00
9.155299999999999550e-02 2.563476999999999784e+00 1.236572000000000005e+00 3.022460999999999842e+00 2.751465000000000050e+00
9.277299999999999436e-02 2.563476999999999784e+00 1.256104000000000109e+00 3.022460999999999842e+00 2.760009999999999852e+00
9.277299999999999436e-02 2.573242000000000029e+00 1.279296999999999906e+00 3.032226999999999784e+00 2.749023000000000216e+00
9.277299999999999436e-02 2.578125000000000000e+00 1.303711000000000064e+00 3.032226999999999784e+00 2.750243999999999911e+00
9.277299999999999436e-02 2.584229000000000109e+00 1.328125000000000000e+00 3.034667999999999921e+00 2.749023000000000216e+00
9.399399999999999422e-02 2.592773000000000216e+00 1.346435999999999966e+00 3.041992000000000029e+00 2.758789000000000158e+00
9.521499999999999408e-02 2.602539000000000158e+00 1.364746000000000015e+00 3.051757999999999971e+00 2.760009999999999852e+00
9.521499999999999408e-02 2.612305000000000099e+00 1.378174000000000010e+00 3.051757999999999971e+00 2.768555000000000099e+00
9.643599999999999395e-02 2.622069999999999901e+00 1.386719000000000035e+00 3.061523000000000216e+00 2.768555000000000099e+00
9.643599999999999395e-02 2.625732000000000177e+00 1.392822000000000005e+00 3.066406000000000187e+00 2.778319999999999901e+00
9.765600000000000669e-02 2.641601999999999784e+00 1.411132999999999971e+00 3.071289000000000158e+00 2.778319999999999901e+00
9.887700000000000655e-02 2.651367000000000029e+00 1.425780999999999965e+00 3.084716999999999931e+00 2.758789000000000158e+00
9.887700000000000655e-02 2.661132999999999971e+00 1.450194999999999901e+00 3.085938000000000070e+00 2.762450999999999990e+00
1.000980000000000064e-01 2.670898000000000216e+00 1.469727000000000006e+00 3.090819999999999901e+00 2.792968999999999813e+00
1.013180000000000053e-01 2.681884999999999852e+00 1.489257999999999971e+00 3.100585999999999842e+00 2.807617000000000029e+00
1.025390000000000051e-01 2.700194999999999901e+00 1.500243999999999911e+00 3.110351999999999784e+00 2.808838000000000168e+00
1.037600000000000050e-01 2.709960999999999842e+00 1.508788999999999936e+00 3.120117000000000029e+00 2.807617000000000029e+00
1.037600000000000050e-01 2.719726999999999784e+00 1.508788999999999936e+00 3.129882999999999971e+00 2.807617000000000029e+00
1.049800000000000039e-01 2.729492000000000029e+00 1.508788999999999936e+00 3.133544999999999803e+00 2.792968999999999813e+00
1.049800000000000039e-01 2.739257999999999971e+00 1.508788999999999936e+00 3.139648000000000216e+00 2.817382999999999971e+00
1.062010000000000037e-01 2.750243999999999911e+00 1.503905999999999965e+00 3.151854999999999851e+00 2.829590000000000050e+00
1.074220000000000036e-01 2.758789000000000158e+00 1.501465000000000050e+00 3.159180000000000099e+00 2.846680000000000099e+00
1.074220000000000036e-01 2.768555000000000099e+00 1.499022999999999994e+00 3.161620999999999793e+00 2.846680000000000099e+00
1.074220000000000036e-01 2.772216999999999931e+00 1.494140999999999941e+00 3.168944999999999901e+00 2.838134999999999852e+00
1.074220000000000036e-01 2.778319999999999901e+00 1.490479000000000109e+00 3.172607000000000177e+00 2.817382999999999971e+00
1.086430000000000035e-01 2.781982000000000177e+00 1.489257999999999971e+00 3.178710999999999842e+00 2.828368999999999911e+00
1.086430000000000035e-01 2.792968999999999813e+00 1.489257999999999971e+00 3.188476999999999784e+00 2.836914000000000158e+00
1.086430000000000035e-01 2.789306999999999981e+00 1.480712999999999946e+00 3.188476999999999784e+00 2.847900000000000098e+00
1.098630000000000023e-01 2.797851999999999784e+00 1.480712999999999946e+00 3.190917999999999921e+00 2.856444999999999901e+00
1.098630000000000023e-01 2.797851999999999784e+00 1.480712999999999946e+00 3.190917999999999921e+00 2.856444999999999901e+00
1.098630000000000023e-01 2.797851999999999784e+00 1.469727000000000006e+00 3.198242000000000029e+00 2.856444999999999901e+00
1.086430000000000035e-01 2.801514000000000060e+00 1.463622999999999896e+00 3.199463000000000168e+00 2.836914000000000158e+00
1.086430000000000035e-01 2.807617000000000029e+00 1.459961000000000064e+00 3.199463000000000168e+00 2.817382999999999971e+00
1.098630000000000023e-01 2.811278999999999861e+00 1.453856999999999955e+00 3.208007999999999971e+00 2.838134999999999852e+00
1.098630000000000023e-01 2.807617000000000029e+00 1.459961000000000064e+00 3.208007999999999971e+00 2.847900000000000098e+00
1.098630000000000023e-01 2.810058999999999862e+00 1.466064000000000034e+00 3.208007999999999971e+00 2.857666000000000039e+00
1.098630000000000023e-01 2.811278999999999861e+00 1.479492000000000029e+00 3.217773000000000216e+00 2.860107000000000177e+00
1.098630000000000023e-01 2.817382999999999971e+00 1.489257999999999971e+00 3.217773000000000216e+00 2.875976999999999784e+00
1.110840000000000022e-01 2.818604000000000109e+00 1.495360999999999940e+00 3.217773000000000216e+00 2.878417999999999921e+00
1.110840000000000022e-01 2.827148000000000216e+00 1.503905999999999965e+00 3.228759999999999852e+00 2.860107000000000177e+00
1.110840000000000022e-01 2.828368999999999911e+00 1.510010000000000074e+00 3.227539000000000158e+00 2.875976999999999784e+00
1.123050000000000020e-01 2.830811000000000188e+00 1.518555000000000099e+00 3.227539000000000158e+00 2.879639000000000060e+00
1.123050000000000020e-01 2.836914000000000158e+00 1.518555000000000099e+00 3.237305000000000099e+00 2.895507999999999971e+00
1.123050000000000020e-01 2.838134999999999852e+00 1.518555000000000099e+00 3.237305000000000099e+00 2.885742000000000029e+00
1.123050000000000020e-01 2.840575999999999990e+00 1.512450999999999990e+00 3.237305000000000099e+00 2.890625000000000000e+00
1.123050000000000020e-01 2.846680000000000099e+00 1.499022999999999994e+00 3.247069999999999901e+00 2.896729000000000109e+00
1.123050000000000020e-01 2.851563000000000070e+00 1.484375000000000000e+00 3.247069999999999901e+00 2.890625000000000000e+00
1.123050000000000020e-01 2.846680000000000099e+00 1.470947000000000005e+00 3.247069999999999901e+00 2.908936000000000188e+00
1.123050000000000020e-01 2.846680000000000099e+00 1.459961000000000064e+00 3.247069999999999901e+00 2.906493999999999911e+00
1.110840000000000022e-01 2.846680000000000099e+00 1.440430000000000099e+00 3.247069999999999901e+00 2.895507999999999971e+00
1.110840000000000022e-01 2.840575999999999990e+00 1.422118999999999911e+00 3.247069999999999901e+00 2.895507999999999971e+00
1.098630000000000023e-01 2.846680000000000099e+00 1.408690999999999915e+00 3.247069999999999901e+00 2.895507999999999971e+00
1.098630000000000023e-01 2.836914000000000158e+00 1.391602000000000006e+00 3.240966999999999931e+00 2.875976999999999784e+00
1.098630000000000023e-01 2.827148000000000216e+00 1.373291000000000039e+00 3.239745999999999793e+00 2.879639000000000060e+00
1.086430000000000035e-01 2.822265999999999941e+00 1.357421999999999906e+00 3.240966999999999931e+00 2.866210999999999842e+00
1.086430000000000035e-01 2.819824000000000108e+00 1.342772999999999994e+00 3.237305000000000099e+00 2.875976999999999784e+00
1.086430000000000035e-01 2.810058999999999862e+00 1.334229000000000109e+00 3.237305000000000099e+00 2.885742000000000029e+00
1.074220000000000036e-01 2.808838000000000168e+00 1.334229000000000109e+00 3.231200999999999990e+00 2.866210999999999842e+00
1.074220000000000036e-01 2.807617000000000029e+00 1.336670000000000025e+00 3.231200999999999990e+00 2.846680000000000099e+00
1.074220000000000036e-01 2.801514000000000060e+00 1.342772999999999994e+00 3.227539000000000158e+00 2.860107000000000177e+00
1.062010000000000037e-01 2.797851999999999784e+00 1.342772999999999994e+00 3.229979999999999851e+00 2.885742000000000029e+00
1.062010000000000037e-01 2.789306999999999981e+00 1.342772999999999994e+00 3.227539000000000158e+00 2.880859000000000059e+00
1.062010000000000037e-01 2.788085999999999842e+00 1.333007999999999971e+00 3.227539000000000158e+00 2.895507999999999971e+00
1.049800000000000039e-01 2.788085999999999842e+00 1.328125000000000000e+00 3.218993999999999911e+00 2.857666000000000039e+00
1.049800000000000039e-01 2.779541000000000039e+00 1.318359000000000059e+00 3.217773000000000216e+00 2.860107000000000177e+00
1.049800000000000039e-01 2.778319999999999901e+00 1.313477000000000006e+00 3.217773000000000216e+00 2.877196999999999782e+00
1.037600000000000050e-01 2.770995999999999793e+00 1.303711000000000064e+00 3.217773000000000216e+00 2.875976999999999784e+00
1.037600000000000050e-01 2.768555000000000099e+00 1.295166000000000039e+00 3.211669999999999803e+00 2.850341999999999931e+00
1.025390000000000051e-01 2.758789000000000158e+00 1.284180000000000099e+00 3.208007999999999971e+00 2.867431999999999981e+00
1.025390000000000051e-01 2.758789000000000158e+00 1.274413999999999936e+00 3.208007999999999971e+00 2.866210999999999842e+00
1.013180000000000053e-01 2.749023000000000216e+00 1.268310999999999966e+00 3.208007999999999971e+00 2.866210999999999842e+00
1.013180000000000053e-01 2.739257999999999971e+00 1.264647999999999994e+00 3.198242000000000029e+00 2.868651999999999980e+00
1.013180000000000053e-01 2.739257999999999971e+00 1.254882999999999971e+00 3.198242000000000029e+00 2.885742000000000029e+00
1.000980000000000064e-01 2.730713000000000168e+00 1.250000000000000000e+00 3.192139000000000060e+00 2.838134999999999852e+00
9.887700000000000655e-02 2.729492000000000029e+00 1.245117000000000029e+00 3.188476999999999784e+00 2.840575999999999990e+00
9.887700000000000655e-02 2.719726999999999784e+00 1.235352000000000006e+00 3.188476999999999784e+00 2.856444999999999901e+00
9.887700000000000655e-02 2.719726999999999784e+00 1.226806999999999981e+00 3.188476999999999784e+00 2.858887000000000178e+00
9.765600000000000669e-02 2.709960999999999842e+00 1.217041000000000039e+00 3.178710999999999842e+00 2.869873000000000118e+00
9.765600000000000669e-02 2.702637000000000178e+00 1.209716999999999931e+00 3.178710999999999842e+00 2.875976999999999784e+00
9.643599999999999395e-02 2.700194999999999901e+00 1.202393000000000045e+00 3.170166000000000039e+00 2.836914000000000158e+00
9.643599999999999395e-02 2.690430000000000099e+00 1.196288999999999936e+00 3.168944999999999901e+00 2.838134999999999852e+00
9.643599999999999395e-02 2.683104999999999851e+00 1.187743999999999911e+00 3.162841999999999931e+00 2.811278999999999861e+00
9.521499999999999408e-02 2.680664000000000158e+00 1.177979000000000109e+00 3.159180000000000099e+00 2.839354999999999851e+00
9.521499999999999408e-02 2.670898000000000216e+00 1.168212999999999946e+00 3.159180000000000099e+00 2.856444999999999901e+00
9.399399999999999422e-02 2.661132999999999971e+00 1.160889000000000060e+00 3.160400000000000098e+00 2.817382999999999971e+00
9.399399999999999422e-02 2.661132999999999971e+00 1.157227000000000006e+00 3.149414000000000158e+00 2.827148000000000216e+00
9.277299999999999436e-02 2.651367000000000029e+00 1.147461000000000064e+00 3.144531000000000187e+00 2.827148000000000216e+00
9.277299999999999436e-02 2.642821999999999782e+00 1.137694999999999901e+00 3.140868999999999911e+00 2.799071999999999782e+00
9.277299999999999436e-02 2.633056999999999981e+00 1.129150000000000098e+00 3.139648000000000216e+00 2.808838000000000168e+00
9.277299999999999436e-02 2.625732000000000177e+00 1.124268000000000045e+00 3.129882999999999971e+00 2.817382999999999971e+00
9.033199999999999563e-02 2.622069999999999901e+00 1.118163999999999936e+00 3.131104000000000109e+00 2.789306999999999981e+00
9.155299999999999550e-02 2.612305000000000099e+00 1.109618999999999911e+00 3.123778999999999861e+00 2.778319999999999901e+00
8.911099999999999577e-02 2.598876999999999882e+00 1.098632999999999971e+00 3.111571999999999782e+00 2.778319999999999901e+00
8.911099999999999577e-02 2.592773000000000216e+00 1.093750000000000000e+00 3.110351999999999784e+00 2.788085999999999842e+00
8.789099999999999691e-02 2.587890999999999941e+00 1.088867000000000029e+00 3.110351999999999784e+00 2.801514000000000060e+00
8.789099999999999691e-02 2.583007999999999971e+00 1.079102000000000006e+00 3.100585999999999842e+00 2.807617000000000029e+00
8.789099999999999691e-02 2.573242000000000029e+00 1.079102000000000006e+00 3.100585999999999842e+00 2.807617000000000029e+00
8.666999999999999704e-02 2.563476999999999784e+00 1.069336000000000064e+00 3.090819999999999901e+00 2.797851999999999784e+00
8.666999999999999704e-02 2.554931999999999981e+00 1.060791000000000039e+00 3.090819999999999901e+00 2.797851999999999784e+00
8.544899999999999718e-02 2.553710999999999842e+00 1.059569999999999901e+00 3.082275000000000098e+00 2.769775000000000098e+00
8.544899999999999718e-02 2.543944999999999901e+00 1.051025000000000098e+00 3.081055000000000099e+00 2.778319999999999901e+00
8.544899999999999718e-02 2.543944999999999901e+00 1.051025000000000098e+00 3.081055000000000099e+00 2.778319999999999901e+00
8.544899999999999718e-02 2.535400000000000098e+00 1.046143000000000045e+00 3.072509999999999852e+00 2.758789000000000158e+00
8.422899999999999832e-02 2.526854999999999851e+00 1.040038999999999936e+00 3.071289000000000158e+00 2.760009999999999852e+00
8.422899999999999832e-02 2.524414000000000158e+00 1.035155999999999965e+00 3.063965000000000050e+00 2.769775000000000098e+00
8.422899999999999832e-02 2.510985999999999940e+00 1.030272999999999994e+00 3.061523000000000216e+00 2.769775000000000098e+00
8.300799999999999845e-02 2.504882999999999971e+00 1.021729000000000109e+00 3.055419999999999803e+00 2.749023000000000216e+00
8.300799999999999845e-02 2.498778999999999861e+00 1.015625000000000000e+00 3.051757999999999971e+00 2.750243999999999911e+00
8.300799999999999845e-02 2.490234000000000059e+00 1.011962999999999946e+00 3.051757999999999971e+00 2.758789000000000158e+00
8.178699999999999859e-02 2.485351999999999784e+00 1.004639000000000060e+00 3.041992000000000029e+00 2.768555000000000099e+00
8.056599999999999873e-02 2.475585999999999842e+00 1.000977000000000006e+00 3.035889000000000060e+00 2.739257999999999971e+00
8.056599999999999873e-02 2.467041000000000039e+00 9.924319999999999808e-01 3.032226999999999784e+00 2.749023000000000216e+00
8.056599999999999873e-02 2.457275000000000098e+00 9.875490000000000101e-01 3.026123000000000118e+00 2.729492000000000029e+00
7.934599999999999986e-02 2.456055000000000099e+00 9.838869999999999560e-01 3.022460999999999842e+00 2.734375000000000000e+00
7.934599999999999986e-02 2.446289000000000158e+00 9.765629999999999589e-01 3.022460999999999842e+00 2.758789000000000158e+00
7.934599999999999986e-02 2.437743999999999911e+00 9.716799999999999882e-01 3.012694999999999901e+00 2.749023000000000216e+00
7.934599999999999986e-02 2.429199000000000108e+00 9.655759999999999899e-01 3.005370999999999793e+00 2.750243999999999911e+00
7.812500000000000000e-02 2.421875000000000000e+00 9.619140000000000468e-01 3.002930000000000099e+00 2.739257999999999971e+00
7.812500000000000000e-02 2.416992000000000029e+00 9.545900000000000496e-01 3.002930000000000099e+00 2.739257999999999971e+00
7.812500000000000000e-02 2.409667999999999921e+00 9.521479999999999944e-01 2.993164000000000158e+00 2.739257999999999971e+00
7.812500000000000000e-02 2.407226999999999784e+00 9.460450000000000248e-01 2.984618999999999911e+00 2.719726999999999784e+00
7.690400000000000014e-02 2.397460999999999842e+00 9.423829999999999707e-01 2.983398000000000216e+00 2.719726999999999784e+00
7.690400000000000014e-02 2.387694999999999901e+00 9.375000000000000000e-01 2.974854000000000109e+00 2.694091999999999931e+00
7.690400000000000014e-02 2.377930000000000099e+00 9.338379999999999459e-01 2.973632999999999971e+00 2.714843999999999813e+00
7.568400000000000127e-02 2.371825999999999990e+00 9.289549999999999752e-01 2.973632999999999971e+00 2.734375000000000000e+00
7.568400000000000127e-02 2.368164000000000158e+00 9.228520000000000056e-01 2.963867000000000029e+00 2.739257999999999971e+00
7.446300000000000141e-02 2.358398000000000216e+00 9.228520000000000056e-01 2.955321999999999782e+00 2.700194999999999901e+00
7.446300000000000141e-02 2.349854000000000109e+00 9.143069999999999808e-01 2.955321999999999782e+00 2.674561000000000188e+00
7.446300000000000141e-02 2.344971000000000139e+00 9.130859999999999532e-01 2.946776999999999980e+00 2.694091999999999931e+00
7.446300000000000141e-02 2.338867000000000029e+00 9.069819999999999549e-01 2.944335999999999842e+00 2.709960999999999842e+00
7.446300000000000141e-02 2.330321999999999782e+00 9.033200000000000118e-01 2.938232000000000177e+00 2.680664000000000158e+00
7.324200000000000155e-02 2.320556999999999981e+00 8.972170000000000423e-01 2.934569999999999901e+00 2.683104999999999851e+00
7.324200000000000155e-02 2.319335999999999842e+00 8.947749999999999870e-01 2.928466999999999931e+00 2.681884999999999852e+00
7.324200000000000155e-02 2.309569999999999901e+00 8.898930000000000451e-01 2.924805000000000099e+00 2.680664000000000158e+00
7.324200000000000155e-02 2.301025000000000098e+00 8.850099999999999634e-01 2.917479999999999851e+00 2.690430000000000099e+00
7.324200000000000155e-02 2.291259999999999852e+00 8.837890000000000468e-01 2.915039000000000158e+00 2.681884999999999852e+00
7.202100000000000168e-02 2.286376999999999882e+00 8.801269999999999927e-01 2.915039000000000158e+00 2.680664000000000158e+00
7.080100000000000282e-02 2.281493999999999911e+00 8.752440000000000220e-01 2.905273000000000216e+00 2.680664000000000158e+00
7.080100000000000282e-02 2.274169999999999803e+00 8.740229999999999944e-01 2.907715000000000050e+00 2.680664000000000158e+00
7.080100000000000282e-02 2.270507999999999971e+00 8.679200000000000248e-01 2.895507999999999971e+00 2.680664000000000158e+00
7.080100000000000282e-02 2.264403999999999861e+00 8.642579999999999707e-01 2.895507999999999971e+00 2.670898000000000216e+00
7.080100000000000282e-02 2.250976999999999784e+00 8.605960000000000276e-01 2.888183999999999862e+00 2.673340000000000050e+00
6.958000000000000296e-02 2.241210999999999842e+00 8.544920000000000293e-01 2.878417999999999921e+00 2.670898000000000216e+00
6.958000000000000296e-02 2.232666000000000039e+00 8.508299999999999752e-01 2.875976999999999784e+00 2.662354000000000109e+00
6.958000000000000296e-02 2.226563000000000070e+00 8.483889999999999487e-01 2.867431999999999981e+00 2.631835999999999842e+00
6.835900000000000309e-02 2.221680000000000099e+00 8.447270000000000056e-01 2.866210999999999842e+00 2.635498000000000118e+00
6.835900000000000309e-02 2.215575999999999990e+00 8.410640000000000338e-01 2.858887000000000178e+00 2.656250000000000000e+00
6.835900000000000309e-02 2.211914000000000158e+00 8.386230000000000073e-01 2.856444999999999901e+00 2.662354000000000109e+00
6.835900000000000309e-02 2.202148000000000216e+00 8.361819999999999808e-01 2.856444999999999901e+00 2.651367000000000029e+00
6.713900000000000423e-02 2.194824000000000108e+00 8.361819999999999808e-01 2.851563000000000070e+00 2.645264000000000060e+00
6.713900000000000423e-02 2.192382999999999971e+00 8.312990000000000101e-01 2.846680000000000099e+00 2.656250000000000000e+00
6.713900000000000423e-02 2.183838000000000168e+00 8.300779999999999825e-01 2.836914000000000158e+00 2.661132999999999971e+00
6.713900000000000423e-02 2.182617000000000029e+00 8.288569999999999549e-01 2.836914000000000158e+00 2.651367000000000029e+00
6.591800000000000437e-02 2.172851999999999784e+00 8.276369999999999560e-01 2.829590000000000050e+00 2.642821999999999782e+00
6.591800000000000437e-02 2.172851999999999784e+00 8.264160000000000394e-01 2.827148000000000216e+00 2.634276999999999980e+00
6.591800000000000437e-02 2.163085999999999842e+00 8.251950000000000118e-01 2.827148000000000216e+00 2.641601999999999784e+00
6.591800000000000437e-02 2.156982000000000177e+00 8.251950000000000118e-01 2.817382999999999971e+00 2.631835999999999842e+00
6.591800000000000437e-02 2.153319999999999901e+00 8.251950000000000118e-01 2.811278999999999861e+00 2.603759999999999852e+00
6.591800000000000437e-02 2.144775000000000098e+00 8.203129999999999589e-01 2.807617000000000029e+00 2.602539000000000158e+00
6.591800000000000437e-02 2.143555000000000099e+00 8.190920000000000423e-01 2.807617000000000029e+00 2.614745999999999793e+00
6.591800000000000437e-02 2.135009999999999852e+00 8.166499999999999870e-01 2.801514000000000060e+00 2.603759999999999852e+00
6.469700000000000450e-02 2.128906000000000187e+00 8.154299999999999882e-01 2.799071999999999782e+00 2.573242000000000029e+00
6.469700000000000450e-02 2.124023000000000216e+00 8.154299999999999882e-01 2.795409999999999950e+00 2.592773000000000216e+00
6.469700000000000450e-02 2.124023000000000216e+00 8.117680000000000451e-01 2.790526999999999980e+00 2.602539000000000158e+00
6.347700000000000564e-02 2.114257999999999971e+00 8.093259999999999899e-01 2.788085999999999842e+00 2.602539000000000158e+00
6.469700000000000450e-02 2.109375000000000000e+00 8.081049999999999622e-01 2.788085999999999842e+00 2.602539000000000158e+00
6.469700000000000450e-02 2.104492000000000029e+00 8.068849999999999634e-01 2.778319999999999901e+00 2.602539000000000158e+00
6.469700000000000450e-02 2.099609000000000059e+00 8.056640000000000468e-01 2.778319999999999901e+00 2.597656000000000187e+00
6.347700000000000564e-02 2.095946999999999782e+00 8.056640000000000468e-01 2.770995999999999793e+00 2.612305000000000099e+00
6.347700000000000564e-02 2.094726999999999784e+00 8.056640000000000468e-01 2.768555000000000099e+00 2.602539000000000158e+00
6.347700000000000564e-02 2.084960999999999842e+00 8.056640000000000468e-01 2.768555000000000099e+00 2.593993999999999911e+00
6.347700000000000564e-02 2.084960999999999842e+00 8.056640000000000468e-01 2.768555000000000099e+00 2.586669999999999803e+00
6.347700000000000564e-02 2.076416000000000039e+00 8.056640000000000468e-01 2.761229999999999851e+00 2.597656000000000187e+00
6.347700000000000564e-02 2.076416000000000039e+00 8.056640000000000468e-01 2.761229999999999851e+00 2.597656000000000187e+00
6.347700000000000564e-02 2.075194999999999901e+00 8.056640000000000468e-01 2.758789000000000158e+00 2.602539000000000158e+00
6.347700000000000564e-02 2.069091999999999931e+00 8.020019999999999927e-01 2.758789000000000158e+00 2.592773000000000216e+00
6.347700000000000564e-02 2.065430000000000099e+00 8.056640000000000468e-01 2.750243999999999911e+00 2.564696999999999782e+00
6.347700000000000564e-02 2.059325999999999990e+00 8.056640000000000468e-01 2.749023000000000216e+00 2.563476999999999784e+00
6.347700000000000564e-02 2.058104999999999851e+00 8.056640000000000468e-01 2.749023000000000216e+00 2.573242000000000029e+00
6.347700000000000564e-02 2.055664000000000158e+00 8.056640000000000468e-01 2.742919999999999803e+00 2.553710999999999842e+00
6.347700000000000564e-02 2.055664000000000158e+00 8.020019999999999927e-01 2.739257999999999971e+00 2.563476999999999784e+00
6.347700000000000564e-02 2.049561000000000188e+00 8.020019999999999927e-01 2.741699000000000108e+00 2.573242000000000029e+00
6.347700000000000564e-02 2.045898000000000216e+00 8.032230000000000203e-01 2.739257999999999971e+00 2.567139000000000060e+00
6.347700000000000564e-02 2.039794999999999803e+00 8.020019999999999927e-01 2.729492000000000029e+00 2.583007999999999971e+00
6.347700000000000564e-02 2.037354000000000109e+00 8.007809999999999651e-01 2.733153999999999861e+00 2.553710999999999842e+00
6.347700000000000564e-02 2.036132999999999971e+00 8.007809999999999651e-01 2.729492000000000029e+00 2.547607000000000177e+00
6.103499999999999898e-02 2.036132999999999971e+00 8.007809999999999651e-01 2.722167999999999921e+00 2.563476999999999784e+00
6.103499999999999898e-02 2.031250000000000000e+00 8.007809999999999651e-01 2.724609000000000059e+00 2.563476999999999784e+00
6.225599999999999884e-02 2.026367000000000029e+00 8.007809999999999651e-01 2.722167999999999921e+00 2.563476999999999784e+00
6.225599999999999884e-02 2.026367000000000029e+00 7.995609999999999662e-01 2.719726999999999784e+00 2.563476999999999784e+00
6.225599999999999884e-02 2.020264000000000060e+00 8.007809999999999651e-01 2.713623000000000118e+00 2.535400000000000098e+00
6.225599999999999884e-02 2.020264000000000060e+00 7.971190000000000220e-01 2.712401999999999980e+00 2.539063000000000070e+00
6.225599999999999884e-02 2.016601999999999784e+00 7.971190000000000220e-01 2.714843999999999813e+00 2.563476999999999784e+00
6.225599999999999884e-02 2.009276999999999980e+00 7.958979999999999944e-01 2.709960999999999842e+00 2.554931999999999981e+00
6.103499999999999898e-02 2.009276999999999980e+00 7.958979999999999944e-01 2.702637000000000178e+00 2.547607000000000177e+00
6.103499999999999898e-02 2.006835999999999842e+00 7.910160000000000524e-01 2.701416000000000039e+00 2.534180000000000099e+00
6.103499999999999898e-02 2.006835999999999842e+00 7.910160000000000524e-01 2.700194999999999901e+00 2.534180000000000099e+00
6.103499999999999898e-02 1.998291000000000039e+00 7.897950000000000248e-01 2.700194999999999901e+00 2.543944999999999901e+00
6.103499999999999898e-02 1.997069999999999901e+00 7.873539999999999983e-01 2.690430000000000099e+00 2.547607000000000177e+00
6.103499999999999898e-02 1.997069999999999901e+00 7.861329999999999707e-01 2.692870999999999793e+00 2.558593999999999813e+00
6.103499999999999898e-02 1.990966999999999931e+00 7.861329999999999707e-01 2.690430000000000099e+00 2.558593999999999813e+00
6.103499999999999898e-02 1.987305000000000099e+00 7.812500000000000000e-01 2.690430000000000099e+00 2.563476999999999784e+00
6.103499999999999898e-02 1.987305000000000099e+00 7.812500000000000000e-01 2.681884999999999852e+00 2.524414000000000158e+00
6.103499999999999898e-02 1.978760000000000074e+00 7.788089999999999735e-01 2.681884999999999852e+00 2.504882999999999971e+00
