5.004900000000000321e-02 1.118163999999999936e+00 5.041499999999999870e-01 1.899413999999999936e+00
5.127000000000000307e-02 1.118163999999999936e+00 5.029299999999999882e-01 1.899413999999999936e+00
5.004900000000000321e-02 1.118163999999999936e+00 5.041499999999999870e-01 1.899413999999999936e+00
5.004900000000000321e-02 1.118163999999999936e+00 5.029299999999999882e-01 1.899413999999999936e+00
5.004900000000000321e-02 1.118163999999999936e+00 5.041499999999999870e-01 1.899413999999999936e+00
5.004900000000000321e-02 1.118163999999999936e+00 5.029299999999999882e-01 1.899413999999999936e+00
5.127000000000000307e-02 1.118163999999999936e+00 5.029299999999999882e-01 1.899413999999999936e+00
5.127000000000000307e-02 1.118163999999999936e+00 5.041499999999999870e-01 1.899413999999999936e+00
5.127000000000000307e-02 1.118163999999999936e+00 5.041499999999999870e-01 1.899413999999999936e+00
5.004900000000000321e-02 1.118163999999999936e+00 5.041499999999999870e-01 1.899413999999999936e+00
5.004900000000000321e-02 1.118163999999999936e+00 5.041499999999999870e-01 1.899413999999999936e+00
5.004900000000000321e-02 1.118163999999999936e+00 5.041499999999999870e-01 1.899413999999999936e+00
5.004900000000000321e-02 1.118163999999999936e+00 5.029299999999999882e-01 1.899413999999999936e+00
5.127000000000000307e-02 1.118163999999999936e+00 5.041499999999999870e-01 1.899413999999999936e+00
5.127000000000000307e-02 1.119385000000000074e+00 5.041499999999999870e-01 1.899413999999999936e+00
5.127000000000000307e-02 1.118163999999999936e+00 5.041499999999999870e-01 1.899413999999999936e+00
5.004900000000000321e-02 1.118163999999999936e+00 5.041499999999999870e-01 1.899413999999999936e+00
5.127000000000000307e-02 1.118163999999999936e+00 5.041499999999999870e-01 1.899413999999999936e+00
5.127000000000000307e-02 1.118163999999999936e+00 5.041499999999999870e-01 1.899413999999999936e+00
5.127000000000000307e-02 1.118163999999999936e+00 5.041499999999999870e-01 1.899413999999999936e+00
5.127000000000000307e-02 1.118163999999999936e+00 5.041499999999999870e-01 1.899413999999999936e+00
5.004900000000000321e-02 1.118163999999999936e+00 5.041499999999999870e-01 1.899413999999999936e+00
5.004900000000000321e-02 1.118163999999999936e+00 5.041499999999999870e-01 1.899413999999999936e+00
5.127000000000000307e-02 1.118163999999999936e+00 5.041499999999999870e-01 1.899413999999999936e+00
5.004900000000000321e-02 1.118163999999999936e+00 5.053710000000000147e-01 1.899413999999999936e+00
5.127000000000000307e-02 1.118163999999999936e+00 5.053710000000000147e-01 1.899413999999999936e+00
5.127000000000000307e-02 1.118163999999999936e+00 5.065920000000000423e-01 1.899413999999999936e+00
5.127000000000000307e-02 1.118163999999999936e+00 5.053710000000000147e-01 1.899413999999999936e+00
5.127000000000000307e-02 1.118163999999999936e+00 5.053710000000000147e-01 1.899413999999999936e+00
5.127000000000000307e-02 1.118163999999999936e+00 5.065920000000000423e-01 1.899413999999999936e+00
5.127000000000000307e-02 1.119385000000000074e+00 5.065920000000000423e-01 1.899413999999999936e+00
5.127000000000000307e-02 1.118163999999999936e+00 5.053710000000000147e-01 1.900635000000000074e+00
5.127000000000000307e-02 1.119385000000000074e+00 5.065920000000000423e-01 1.899413999999999936e+00
5.249000000000000193e-02 1.119385000000000074e+00 5.126950000000000118e-01 1.901855000000000073e+00
5.249000000000000193e-02 1.127930000000000099e+00 5.224609999999999532e-01 1.909180000000000099e+00
5.249000000000000193e-02 1.127930000000000099e+00 5.224609999999999532e-01 1.909180000000000099e+00
5.249000000000000193e-02 1.135253999999999985e+00 5.383299999999999752e-01 1.918944999999999901e+00
5.371100000000000180e-02 1.147461000000000064e+00 5.615229999999999944e-01 1.922606999999999955e+00
5.371100000000000180e-02 1.158447000000000005e+00 5.847170000000000423e-01 1.938477000000000006e+00
5.493200000000000166e-02 1.176757999999999971e+00 6.140139999999999487e-01 1.949462999999999946e+00
5.615200000000000052e-02 1.196288999999999936e+00 6.445309999999999651e-01 1.967772999999999994e+00
5.981399999999999911e-02 1.245117000000000029e+00 7.092289999999999983e-01 2.006835999999999842e+00
6.103499999999999898e-02 1.268310999999999966e+00 7.385249999999999870e-01 2.026367000000000029e+00
6.225599999999999884e-02 1.293944999999999901e+00 7.678220000000000045e-01 2.045898000000000216e+00
6.347700000000000564e-02 1.317139000000000060e+00 7.971190000000000220e-01 2.066650000000000098e+00
6.591800000000000437e-02 1.346435999999999966e+00 8.251950000000000118e-01 2.089843999999999813e+00
6.713900000000000423e-02 1.374511999999999956e+00 8.544920000000000293e-01 2.114257999999999971e+00
6.958000000000000296e-02 1.407470999999999917e+00 8.837890000000000468e-01 2.133789000000000158e+00
7.202100000000000168e-02 1.472167999999999921e+00 9.375000000000000000e-01 2.186278999999999861e+00
7.446300000000000141e-02 1.508788999999999936e+00 9.655759999999999899e-01 2.211914000000000158e+00
7.690400000000000014e-02 1.547852000000000006e+00 9.912109999999999532e-01 2.241210999999999842e+00
7.690400000000000014e-02 1.582030999999999965e+00 1.011962999999999946e+00 2.270507999999999971e+00
7.934599999999999986e-02 1.617431999999999981e+00 1.031493999999999911e+00 2.292479999999999851e+00
8.056599999999999873e-02 1.655272999999999994e+00 1.054688000000000070e+00 2.319335999999999842e+00
8.178699999999999859e-02 1.694336000000000064e+00 1.069336000000000064e+00 2.348632999999999971e+00
8.300799999999999845e-02 1.727295000000000025e+00 1.083984000000000059e+00 2.370604999999999851e+00
8.422899999999999832e-02 1.763916000000000039e+00 1.102295000000000025e+00 2.397460999999999842e+00
8.544899999999999718e-02 1.801757999999999971e+00 1.118163999999999936e+00 2.421875000000000000e+00
8.666999999999999704e-02 1.840819999999999901e+00 1.137694999999999901e+00 2.447509999999999852e+00
8.789099999999999691e-02 1.876220999999999917e+00 1.152344000000000035e+00 2.475585999999999842e+00
8.911099999999999577e-02 1.910400000000000098e+00 1.166992000000000029e+00 2.497558999999999862e+00
9.033199999999999563e-02 1.948242000000000029e+00 1.176757999999999971e+00 2.524414000000000158e+00
9.155299999999999550e-02 1.978760000000000074e+00 1.187743999999999911e+00 2.545166000000000039e+00
9.277299999999999436e-02 2.016601999999999784e+00 1.199950999999999990e+00 2.573242000000000029e+00
9.399399999999999422e-02 2.045898000000000216e+00 1.207275000000000098e+00 2.592773000000000216e+00
9.399399999999999422e-02 2.077637000000000178e+00 1.219481999999999955e+00 2.614745999999999793e+00
9.521499999999999408e-02 2.114257999999999971e+00 1.230469000000000035e+00 2.641601999999999784e+00
9.643599999999999395e-02 2.143555000000000099e+00 1.239014000000000060e+00 2.661132999999999971e+00
9.643599999999999395e-02 2.174071999999999782e+00 1.250000000000000000e+00 2.685547000000000128e+00
9.765600000000000669e-02 2.202148000000000216e+00 1.257324000000000108e+00 2.701416000000000039e+00
9.887700000000000655e-02 2.231444999999999901e+00 1.268310999999999966e+00 2.723389000000000060e+00
9.887700000000000655e-02 2.260742000000000029e+00 1.279296999999999906e+00 2.742919999999999803e+00
1.000980000000000064e-01 2.290039000000000158e+00 1.293944999999999901e+00 2.768555000000000099e+00
1.000980000000000064e-01 2.319335999999999842e+00 1.303711000000000064e+00 2.788085999999999842e+00
1.025390000000000051e-01 2.348632999999999971e+00 1.313477000000000006e+00 2.807617000000000029e+00
1.025390000000000051e-01 2.369384999999999852e+00 1.317139000000000060e+00 2.827148000000000216e+00
1.025390000000000051e-01 2.397460999999999842e+00 1.323242000000000029e+00 2.846680000000000099e+00
1.037600000000000050e-01 2.421875000000000000e+00 1.333007999999999971e+00 2.857666000000000039e+00
1.037600000000000050e-01 2.446289000000000158e+00 1.334229000000000109e+00 2.877196999999999782e+00
1.049800000000000039e-01 2.465819999999999901e+00 1.336670000000000025e+00 2.895507999999999971e+00
1.049800000000000039e-01 2.485351999999999784e+00 1.342772999999999994e+00 2.915039000000000158e+00
1.062010000000000037e-01 2.504882999999999971e+00 1.342772999999999994e+00 2.926025000000000098e+00
1.049800000000000039e-01 2.515868999999999911e+00 1.343993999999999911e+00 2.944335999999999842e+00
1.062010000000000037e-01 2.535400000000000098e+00 1.346435999999999966e+00 2.954101999999999784e+00
1.062010000000000037e-01 2.553710999999999842e+00 1.347655999999999965e+00 2.963867000000000029e+00
1.062010000000000037e-01 2.565917999999999921e+00 1.347655999999999965e+00 2.983398000000000216e+00
1.062010000000000037e-01 2.583007999999999971e+00 1.352538999999999936e+00 2.993164000000000158e+00
1.074220000000000036e-01 2.592773000000000216e+00 1.353760000000000074e+00 3.004150000000000098e+00
1.074220000000000036e-01 2.612305000000000099e+00 1.356200999999999990e+00 3.013916000000000039e+00
1.074220000000000036e-01 2.618408000000000069e+00 1.362305000000000099e+00 3.026123000000000118e+00
1.074220000000000036e-01 2.631835999999999842e+00 1.365966999999999931e+00 3.035889000000000060e+00
1.074220000000000036e-01 2.642821999999999782e+00 1.369628999999999985e+00 3.051757999999999971e+00
1.074220000000000036e-01 2.653808999999999862e+00 1.372069999999999901e+00 3.055419999999999803e+00
1.074220000000000036e-01 2.664794999999999803e+00 1.372069999999999901e+00 3.066406000000000187e+00
1.074220000000000036e-01 2.672118999999999911e+00 1.372069999999999901e+00 3.072509999999999852e+00
1.074220000000000036e-01 2.681884999999999852e+00 1.372069999999999901e+00 3.083495999999999793e+00
1.086430000000000035e-01 2.690430000000000099e+00 1.372069999999999901e+00 3.090819999999999901e+00
1.086430000000000035e-01 2.705077999999999872e+00 1.372069999999999901e+00 3.100585999999999842e+00
1.086430000000000035e-01 2.703857000000000177e+00 1.375731999999999955e+00 3.110351999999999784e+00
1.074220000000000036e-01 2.714843999999999813e+00 1.381836000000000064e+00 3.114014000000000060e+00
1.086430000000000035e-01 2.719726999999999784e+00 1.384276999999999980e+00 3.125000000000000000e+00
1.086430000000000035e-01 2.729492000000000029e+00 1.385497999999999896e+00 3.129882999999999971e+00
1.086430000000000035e-01 2.739257999999999971e+00 1.391602000000000006e+00 3.139648000000000216e+00
1.086430000000000035e-01 2.740479000000000109e+00 1.392822000000000005e+00 3.150634999999999852e+00
1.086430000000000035e-01 2.749023000000000216e+00 1.401367000000000029e+00 3.149414000000000158e+00
1.086430000000000035e-01 2.753906000000000187e+00 1.401367000000000029e+00 3.153075999999999990e+00
1.086430000000000035e-01 2.758789000000000158e+00 1.406250000000000000e+00 3.161620999999999793e+00
1.086430000000000035e-01 2.768555000000000099e+00 1.411132999999999971e+00 3.166504000000000207e+00
1.098630000000000023e-01 2.769775000000000098e+00 1.411132999999999971e+00 3.170166000000000039e+00
1.098630000000000023e-01 2.778319999999999901e+00 1.414795000000000025e+00 3.178710999999999842e+00
1.098630000000000023e-01 2.779541000000000039e+00 1.416015999999999941e+00 3.182373000000000118e+00
1.098630000000000023e-01 2.788085999999999842e+00 1.420897999999999994e+00 3.190917999999999921e+00
1.098630000000000023e-01 2.790526999999999980e+00 1.420897999999999994e+00 3.192139000000000060e+00
1.098630000000000023e-01 2.797851999999999784e+00 1.420897999999999994e+00 3.198242000000000029e+00
1.110840000000000022e-01 2.802734000000000059e+00 1.425780999999999965e+00 3.208007999999999971e+00
1.098630000000000023e-01 2.807617000000000029e+00 1.430663999999999936e+00 3.208007999999999971e+00
1.123050000000000020e-01 2.808838000000000168e+00 1.433105000000000073e+00 3.217773000000000216e+00
1.110840000000000022e-01 2.817382999999999971e+00 1.440430000000000099e+00 3.220215000000000050e+00
1.123050000000000020e-01 2.817382999999999971e+00 1.440430000000000099e+00 3.227539000000000158e+00
1.110840000000000022e-01 2.827148000000000216e+00 1.442871000000000015e+00 3.228759999999999852e+00
1.123050000000000020e-01 2.827148000000000216e+00 1.442871000000000015e+00 3.229979999999999851e+00
1.123050000000000020e-01 2.827148000000000216e+00 1.441650000000000098e+00 3.242188000000000070e+00
1.123050000000000020e-01 2.828368999999999911e+00 1.441650000000000098e+00 3.238525000000000098e+00
1.123050000000000020e-01 2.836914000000000158e+00 1.441650000000000098e+00 3.240966999999999931e+00
1.123050000000000020e-01 2.838134999999999852e+00 1.444091999999999931e+00 3.247069999999999901e+00
1.123050000000000020e-01 2.839354999999999851e+00 1.450194999999999901e+00 3.248291000000000039e+00
1.123050000000000020e-01 2.846680000000000099e+00 1.450194999999999901e+00 3.249512000000000178e+00
1.123050000000000020e-01 2.846680000000000099e+00 1.453856999999999955e+00 3.256835999999999842e+00
1.123050000000000020e-01 2.846680000000000099e+00 1.459961000000000064e+00 3.256835999999999842e+00
1.123050000000000020e-01 2.851563000000000070e+00 1.459961000000000064e+00 3.261718999999999813e+00
1.135250000000000009e-01 2.856444999999999901e+00 1.464844000000000035e+00 3.266601999999999784e+00
1.135250000000000009e-01 2.866210999999999842e+00 1.464844000000000035e+00 3.269042999999999921e+00
1.135250000000000009e-01 2.857666000000000039e+00 1.469727000000000006e+00 3.267821999999999782e+00
1.135250000000000009e-01 2.866210999999999842e+00 1.469727000000000006e+00 3.276367000000000029e+00
1.135250000000000009e-01 2.866210999999999842e+00 1.470947000000000005e+00 3.276367000000000029e+00
1.135250000000000009e-01 2.867431999999999981e+00 1.470947000000000005e+00 3.281250000000000000e+00
1.135250000000000009e-01 2.866210999999999842e+00 1.470947000000000005e+00 3.278808999999999862e+00
1.135250000000000009e-01 2.867431999999999981e+00 1.469727000000000006e+00 3.281250000000000000e+00
1.135250000000000009e-01 2.871093999999999813e+00 1.469727000000000006e+00 3.286132999999999971e+00
1.135250000000000009e-01 2.875976999999999784e+00 1.469727000000000006e+00 3.286132999999999971e+00
1.135250000000000009e-01 2.875976999999999784e+00 1.464844000000000035e+00 3.286132999999999971e+00
1.135250000000000009e-01 2.878417999999999921e+00 1.469727000000000006e+00 3.286132999999999971e+00
1.135250000000000009e-01 2.875976999999999784e+00 1.472167999999999921e+00 3.288574000000000108e+00
1.135250000000000009e-01 2.877196999999999782e+00 1.481934000000000085e+00 3.295898000000000216e+00
1.135250000000000009e-01 2.886963000000000168e+00 1.490479000000000109e+00 3.295898000000000216e+00
1.147460000000000008e-01 2.885742000000000029e+00 1.500243999999999911e+00 3.295898000000000216e+00
1.147460000000000008e-01 2.890625000000000000e+00 1.508788999999999936e+00 3.305664000000000158e+00
1.159670000000000006e-01 2.895507999999999971e+00 1.513671999999999906e+00 3.305664000000000158e+00
1.159670000000000006e-01 2.895507999999999971e+00 1.518555000000000099e+00 3.305664000000000158e+00
1.159670000000000006e-01 2.896729000000000109e+00 1.522216999999999931e+00 3.309325999999999990e+00
1.159670000000000006e-01 2.905273000000000216e+00 1.523438000000000070e+00 3.315430000000000099e+00
1.159670000000000006e-01 2.905273000000000216e+00 1.528319999999999901e+00 3.315430000000000099e+00
1.159670000000000006e-01 2.905273000000000216e+00 1.528319999999999901e+00 3.316650000000000098e+00
1.171880000000000005e-01 2.910156000000000187e+00 1.528319999999999901e+00 3.317870999999999793e+00
1.171880000000000005e-01 2.911376999999999882e+00 1.522216999999999931e+00 3.319091999999999931e+00
1.159670000000000006e-01 2.915039000000000158e+00 1.522216999999999931e+00 3.319091999999999931e+00
1.171880000000000005e-01 2.915039000000000158e+00 1.519775000000000098e+00 3.325194999999999901e+00
1.171880000000000005e-01 2.915039000000000158e+00 1.518555000000000099e+00 3.325194999999999901e+00
1.159670000000000006e-01 2.915039000000000158e+00 1.518555000000000099e+00 3.325194999999999901e+00
1.159670000000000006e-01 2.915039000000000158e+00 1.518555000000000099e+00 3.325194999999999901e+00
1.159670000000000006e-01 2.915039000000000158e+00 1.518555000000000099e+00 3.328857000000000177e+00
1.171880000000000005e-01 2.924805000000000099e+00 1.513671999999999906e+00 3.325194999999999901e+00
1.171880000000000005e-01 2.916259999999999852e+00 1.518555000000000099e+00 3.334960999999999842e+00
1.159670000000000006e-01 2.917479999999999851e+00 1.514893000000000045e+00 3.334960999999999842e+00
1.159670000000000006e-01 2.924805000000000099e+00 1.513671999999999906e+00 3.334960999999999842e+00
1.159670000000000006e-01 2.917479999999999851e+00 1.518555000000000099e+00 3.334960999999999842e+00
1.159670000000000006e-01 2.924805000000000099e+00 1.512450999999999990e+00 3.328857000000000177e+00
1.159670000000000006e-01 2.918700999999999990e+00 1.508788999999999936e+00 3.336181999999999981e+00
1.159670000000000006e-01 2.924805000000000099e+00 1.508788999999999936e+00 3.339843999999999813e+00
1.159670000000000006e-01 2.924805000000000099e+00 1.505127000000000104e+00 3.334960999999999842e+00
1.159670000000000006e-01 2.924805000000000099e+00 1.501465000000000050e+00 3.334960999999999842e+00
1.159670000000000006e-01 2.918700999999999990e+00 1.499022999999999994e+00 3.334960999999999842e+00
1.147460000000000008e-01 2.917479999999999851e+00 1.499022999999999994e+00 3.334960999999999842e+00
1.147460000000000008e-01 2.915039000000000158e+00 1.491699000000000108e+00 3.334960999999999842e+00
1.147460000000000008e-01 2.916259999999999852e+00 1.492920000000000025e+00 3.334960999999999842e+00
1.135250000000000009e-01 2.915039000000000158e+00 1.489257999999999971e+00 3.336181999999999981e+00
1.147460000000000008e-01 2.915039000000000158e+00 1.489257999999999971e+00 3.339843999999999813e+00
1.147460000000000008e-01 2.916259999999999852e+00 1.489257999999999971e+00 3.334960999999999842e+00
1.135250000000000009e-01 2.917479999999999851e+00 1.491699000000000108e+00 3.334960999999999842e+00
1.135250000000000009e-01 2.915039000000000158e+00 1.499022999999999994e+00 3.334960999999999842e+00
1.135250000000000009e-01 2.915039000000000158e+00 1.500243999999999911e+00 3.334960999999999842e+00
1.147460000000000008e-01 2.915039000000000158e+00 1.502685999999999966e+00 3.334960999999999842e+00
1.147460000000000008e-01 2.915039000000000158e+00 1.501465000000000050e+00 3.334960999999999842e+00
1.135250000000000009e-01 2.915039000000000158e+00 1.503905999999999965e+00 3.334960999999999842e+00
1.135250000000000009e-01 2.916259999999999852e+00 1.508788999999999936e+00 3.336181999999999981e+00
1.135250000000000009e-01 2.916259999999999852e+00 1.508788999999999936e+00 3.339843999999999813e+00
1.135250000000000009e-01 2.916259999999999852e+00 1.505127000000000104e+00 3.336181999999999981e+00
1.135250000000000009e-01 2.917479999999999851e+00 1.503905999999999965e+00 3.334960999999999842e+00
1.135250000000000009e-01 2.919922000000000128e+00 1.500243999999999911e+00 3.336181999999999981e+00
1.135250000000000009e-01 2.915039000000000158e+00 1.492920000000000025e+00 3.334960999999999842e+00
1.135250000000000009e-01 2.915039000000000158e+00 1.489257999999999971e+00 3.334960999999999842e+00
1.135250000000000009e-01 2.915039000000000158e+00 1.484375000000000000e+00 3.334960999999999842e+00
1.123050000000000020e-01 2.910156000000000187e+00 1.473389000000000060e+00 3.334960999999999842e+00
1.123050000000000020e-01 2.905273000000000216e+00 1.470947000000000005e+00 3.334960999999999842e+00
1.123050000000000020e-01 2.905273000000000216e+00 1.469727000000000006e+00 3.326416000000000039e+00
1.123050000000000020e-01 2.905273000000000216e+00 1.469727000000000006e+00 3.325194999999999901e+00
1.123050000000000020e-01 2.905273000000000216e+00 1.473389000000000060e+00 3.325194999999999901e+00
1.123050000000000020e-01 2.904053000000000218e+00 1.479492000000000029e+00 3.326416000000000039e+00
1.123050000000000020e-01 2.905273000000000216e+00 1.489257999999999971e+00 3.326416000000000039e+00
1.123050000000000020e-01 2.905273000000000216e+00 1.494140999999999941e+00 3.326416000000000039e+00
1.123050000000000020e-01 2.906493999999999911e+00 1.499022999999999994e+00 3.326416000000000039e+00
1.123050000000000020e-01 2.905273000000000216e+00 1.503905999999999965e+00 3.325194999999999901e+00
1.135250000000000009e-01 2.906493999999999911e+00 1.508788999999999936e+00 3.326416000000000039e+00
1.135250000000000009e-01 2.915039000000000158e+00 1.512450999999999990e+00 3.326416000000000039e+00
1.135250000000000009e-01 2.919922000000000128e+00 1.518555000000000099e+00 3.334960999999999842e+00
1.135250000000000009e-01 2.915039000000000158e+00 1.528319999999999901e+00 3.334960999999999842e+00
1.135250000000000009e-01 2.916259999999999852e+00 1.538086000000000064e+00 3.334960999999999842e+00
1.147460000000000008e-01 2.918700999999999990e+00 1.542969000000000035e+00 3.334960999999999842e+00
1.147460000000000008e-01 2.924805000000000099e+00 1.544189000000000034e+00 3.336181999999999981e+00
1.159670000000000006e-01 2.926025000000000098e+00 1.547852000000000006e+00 3.339843999999999813e+00
1.159670000000000006e-01 2.924805000000000099e+00 1.547852000000000006e+00 3.344726999999999784e+00
1.159670000000000006e-01 2.926025000000000098e+00 1.541747999999999896e+00 3.344726999999999784e+00
1.147460000000000008e-01 2.926025000000000098e+00 1.538086000000000064e+00 3.344726999999999784e+00
1.147460000000000008e-01 2.926025000000000098e+00 1.538086000000000064e+00 3.344726999999999784e+00
1.147460000000000008e-01 2.927245999999999793e+00 1.530761999999999956e+00 3.344726999999999784e+00
1.147460000000000008e-01 2.926025000000000098e+00 1.531981999999999955e+00 3.349609000000000059e+00
1.147460000000000008e-01 2.926025000000000098e+00 1.534424000000000010e+00 3.344726999999999784e+00
1.159670000000000006e-01 2.926025000000000098e+00 1.539306999999999981e+00 3.344726999999999784e+00
1.159670000000000006e-01 2.934569999999999901e+00 1.547852000000000006e+00 3.345946999999999782e+00
1.159670000000000006e-01 2.934569999999999901e+00 1.557617000000000029e+00 3.347167999999999921e+00
1.159670000000000006e-01 2.935791000000000039e+00 1.561279000000000083e+00 3.354492000000000029e+00
1.159670000000000006e-01 2.938232000000000177e+00 1.567382999999999971e+00 3.355713000000000168e+00
1.159670000000000006e-01 2.938232000000000177e+00 1.571045000000000025e+00 3.355713000000000168e+00
1.171880000000000005e-01 2.944335999999999842e+00 1.577147999999999994e+00 3.354492000000000029e+00
1.171880000000000005e-01 2.944335999999999842e+00 1.586913999999999936e+00 3.358153999999999861e+00
1.184079999999999994e-01 2.947998000000000118e+00 1.586913999999999936e+00 3.364257999999999971e+00
1.184079999999999994e-01 2.954101999999999784e+00 1.588135000000000074e+00 3.364257999999999971e+00
1.184079999999999994e-01 2.954101999999999784e+00 1.594238000000000044e+00 3.367919999999999803e+00
1.184079999999999994e-01 2.954101999999999784e+00 1.596680000000000099e+00 3.366699000000000108e+00
1.184079999999999994e-01 2.955321999999999782e+00 1.591796999999999906e+00 3.374023000000000216e+00
1.184079999999999994e-01 2.963867000000000029e+00 1.596680000000000099e+00 3.367919999999999803e+00
1.196289999999999992e-01 2.963867000000000029e+00 1.596680000000000099e+00 3.374023000000000216e+00
1.196289999999999992e-01 2.963867000000000029e+00 1.596680000000000099e+00 3.374023000000000216e+00
1.208499999999999991e-01 2.963867000000000029e+00 1.597900000000000098e+00 3.375243999999999911e+00
1.208499999999999991e-01 2.963867000000000029e+00 1.596680000000000099e+00 3.376465000000000050e+00
1.196289999999999992e-01 2.963867000000000029e+00 1.596680000000000099e+00 3.375243999999999911e+00
1.220699999999999980e-01 2.963867000000000029e+00 1.596680000000000099e+00 3.383789000000000158e+00
1.220699999999999980e-01 2.966308999999999862e+00 1.597900000000000098e+00 3.383789000000000158e+00
1.220699999999999980e-01 2.969971000000000139e+00 1.596680000000000099e+00 3.383789000000000158e+00
1.208499999999999991e-01 2.968750000000000000e+00 1.596680000000000099e+00 3.383789000000000158e+00
1.220699999999999980e-01 2.968750000000000000e+00 1.588135000000000074e+00 3.383789000000000158e+00
1.208499999999999991e-01 2.968750000000000000e+00 1.586913999999999936e+00 3.383789000000000158e+00
1.208499999999999991e-01 2.973632999999999971e+00 1.586913999999999936e+00 3.383789000000000158e+00
1.220699999999999980e-01 2.968750000000000000e+00 1.586913999999999936e+00 3.386229999999999851e+00
1.220699999999999980e-01 2.968750000000000000e+00 1.582030999999999965e+00 3.385009999999999852e+00
1.208499999999999991e-01 2.968750000000000000e+00 1.582030999999999965e+00 3.383789000000000158e+00
1.196289999999999992e-01 2.973632999999999971e+00 1.578368999999999911e+00 3.383789000000000158e+00
1.196289999999999992e-01 2.968750000000000000e+00 1.578368999999999911e+00 3.383789000000000158e+00
1.220699999999999980e-01 2.973632999999999971e+00 1.578368999999999911e+00 3.383789000000000158e+00
1.208499999999999991e-01 2.973632999999999971e+00 1.577147999999999994e+00 3.383789000000000158e+00
1.196289999999999992e-01 2.973632999999999971e+00 1.573485999999999940e+00 3.385009999999999852e+00
1.196289999999999992e-01 2.965088000000000168e+00 1.568604000000000109e+00 3.386229999999999851e+00
1.196289999999999992e-01 2.965088000000000168e+00 1.567382999999999971e+00 3.383789000000000158e+00
1.184079999999999994e-01 2.968750000000000000e+00 1.562500000000000000e+00 3.383789000000000158e+00
1.184079999999999994e-01 2.963867000000000029e+00 1.562500000000000000e+00 3.383789000000000158e+00
1.184079999999999994e-01 2.963867000000000029e+00 1.553954999999999975e+00 3.383789000000000158e+00
1.184079999999999994e-01 2.957764000000000060e+00 1.551514000000000060e+00 3.383789000000000158e+00
1.171880000000000005e-01 2.957764000000000060e+00 1.547852000000000006e+00 3.378906000000000187e+00
1.171880000000000005e-01 2.955321999999999782e+00 1.538086000000000064e+00 3.376465000000000050e+00
1.171880000000000005e-01 2.954101999999999784e+00 1.528319999999999901e+00 3.375243999999999911e+00
1.159670000000000006e-01 2.954101999999999784e+00 1.522216999999999931e+00 3.375243999999999911e+00
1.159670000000000006e-01 2.945556999999999981e+00 1.510010000000000074e+00 3.374023000000000216e+00
1.159670000000000006e-01 2.944335999999999842e+00 1.500243999999999911e+00 3.365479000000000109e+00
1.147460000000000008e-01 2.944335999999999842e+00 1.490479000000000109e+00 3.365479000000000109e+00
1.135250000000000009e-01 2.938232000000000177e+00 1.489257999999999971e+00 3.364257999999999971e+00
1.135250000000000009e-01 2.934569999999999901e+00 1.473389000000000060e+00 3.364257999999999971e+00
1.123050000000000020e-01 2.928466999999999931e+00 1.470947000000000005e+00 3.364257999999999971e+00
1.123050000000000020e-01 2.926025000000000098e+00 1.469727000000000006e+00 3.354492000000000029e+00
1.123050000000000020e-01 2.924805000000000099e+00 1.469727000000000006e+00 3.348389000000000060e+00
1.123050000000000020e-01 2.924805000000000099e+00 1.474609000000000059e+00 3.359375000000000000e+00
1.123050000000000020e-01 2.924805000000000099e+00 1.480712999999999946e+00 3.356933999999999862e+00
1.123050000000000020e-01 2.924805000000000099e+00 1.489257999999999971e+00 3.354492000000000029e+00
1.123050000000000020e-01 2.918700999999999990e+00 1.499022999999999994e+00 3.354492000000000029e+00
1.123050000000000020e-01 2.924805000000000099e+00 1.508788999999999936e+00 3.348389000000000060e+00
1.135250000000000009e-01 2.924805000000000099e+00 1.518555000000000099e+00 3.359375000000000000e+00
1.135250000000000009e-01 2.928466999999999931e+00 1.528319999999999901e+00 3.354492000000000029e+00
1.135250000000000009e-01 2.928466999999999931e+00 1.538086000000000064e+00 3.354492000000000029e+00
1.135250000000000009e-01 2.934569999999999901e+00 1.538086000000000064e+00 3.358153999999999861e+00
1.147460000000000008e-01 2.937012000000000178e+00 1.539306999999999981e+00 3.354492000000000029e+00
1.147460000000000008e-01 2.934569999999999901e+00 1.539306999999999981e+00 3.355713000000000168e+00
1.147460000000000008e-01 2.934569999999999901e+00 1.541747999999999896e+00 3.359375000000000000e+00
1.147460000000000008e-01 2.939452999999999872e+00 1.542969000000000035e+00 3.359375000000000000e+00
1.147460000000000008e-01 2.934569999999999901e+00 1.541747999999999896e+00 3.359375000000000000e+00
1.147460000000000008e-01 2.935791000000000039e+00 1.539306999999999981e+00 3.356933999999999862e+00
1.147460000000000008e-01 2.935791000000000039e+00 1.539306999999999981e+00 3.356933999999999862e+00
1.147460000000000008e-01 2.937012000000000178e+00 1.538086000000000064e+00 3.364257999999999971e+00
1.147460000000000008e-01 2.934569999999999901e+00 1.538086000000000064e+00 3.359375000000000000e+00
1.147460000000000008e-01 2.934569999999999901e+00 1.538086000000000064e+00 3.360596000000000139e+00
1.147460000000000008e-01 2.934569999999999901e+00 1.538086000000000064e+00 3.358153999999999861e+00
1.147460000000000008e-01 2.934569999999999901e+00 1.538086000000000064e+00 3.356933999999999862e+00
1.147460000000000008e-01 2.935791000000000039e+00 1.538086000000000064e+00 3.364257999999999971e+00
1.147460000000000008e-01 2.935791000000000039e+00 1.538086000000000064e+00 3.355713000000000168e+00
1.147460000000000008e-01 2.934569999999999901e+00 1.538086000000000064e+00 3.364257999999999971e+00
1.147460000000000008e-01 2.934569999999999901e+00 1.538086000000000064e+00 3.364257999999999971e+00
1.135250000000000009e-01 2.934569999999999901e+00 1.538086000000000064e+00 3.360596000000000139e+00
1.147460000000000008e-01 2.935791000000000039e+00 1.538086000000000064e+00 3.364257999999999971e+00
1.147460000000000008e-01 2.934569999999999901e+00 1.533203000000000094e+00 3.359375000000000000e+00
1.135250000000000009e-01 2.934569999999999901e+00 1.528319999999999901e+00 3.359375000000000000e+00
1.147460000000000008e-01 2.934569999999999901e+00 1.528319999999999901e+00 3.364257999999999971e+00
1.147460000000000008e-01 2.934569999999999901e+00 1.528319999999999901e+00 3.358153999999999861e+00
1.135250000000000009e-01 2.934569999999999901e+00 1.528319999999999901e+00 3.355713000000000168e+00
1.147460000000000008e-01 2.934569999999999901e+00 1.522216999999999931e+00 3.354492000000000029e+00
1.147460000000000008e-01 2.928466999999999931e+00 1.519775000000000098e+00 3.354492000000000029e+00
1.135250000000000009e-01 2.934569999999999901e+00 1.518555000000000099e+00 3.354492000000000029e+00
1.135250000000000009e-01 2.926025000000000098e+00 1.518555000000000099e+00 3.354492000000000029e+00
1.135250000000000009e-01 2.928466999999999931e+00 1.510010000000000074e+00 3.354492000000000029e+00
1.135250000000000009e-01 2.924805000000000099e+00 1.508788999999999936e+00 3.354492000000000029e+00
1.123050000000000020e-01 2.926025000000000098e+00 1.502685999999999966e+00 3.354492000000000029e+00
1.123050000000000020e-01 2.924805000000000099e+00 1.499022999999999994e+00 3.347167999999999921e+00
1.123050000000000020e-01 2.917479999999999851e+00 1.499022999999999994e+00 3.347167999999999921e+00
1.123050000000000020e-01 2.916259999999999852e+00 1.490479000000000109e+00 3.345946999999999782e+00
1.123050000000000020e-01 2.915039000000000158e+00 1.490479000000000109e+00 3.345946999999999782e+00
1.123050000000000020e-01 2.915039000000000158e+00 1.490479000000000109e+00 3.344726999999999784e+00
1.123050000000000020e-01 2.915039000000000158e+00 1.499022999999999994e+00 3.344726999999999784e+00
1.123050000000000020e-01 2.915039000000000158e+00 1.502685999999999966e+00 3.344726999999999784e+00
1.123050000000000020e-01 2.915039000000000158e+00 1.514893000000000045e+00 3.344726999999999784e+00
1.135250000000000009e-01 2.915039000000000158e+00 1.519775000000000098e+00 3.344726999999999784e+00
1.123050000000000020e-01 2.915039000000000158e+00 1.528319999999999901e+00 3.344726999999999784e+00
1.123050000000000020e-01 2.915039000000000158e+00 1.528319999999999901e+00 3.345946999999999782e+00
1.135250000000000009e-01 2.915039000000000158e+00 1.529541000000000039e+00 3.344726999999999784e+00
1.135250000000000009e-01 2.917479999999999851e+00 1.531981999999999955e+00 3.344726999999999784e+00
1.135250000000000009e-01 2.918700999999999990e+00 1.529541000000000039e+00 3.347167999999999921e+00
1.147460000000000008e-01 2.924805000000000099e+00 1.529541000000000039e+00 3.345946999999999782e+00
1.135250000000000009e-01 2.916259999999999852e+00 1.528319999999999901e+00 3.348389000000000060e+00
1.135250000000000009e-01 2.916259999999999852e+00 1.523438000000000070e+00 3.344726999999999784e+00
1.135250000000000009e-01 2.916259999999999852e+00 1.519775000000000098e+00 3.345946999999999782e+00
1.135250000000000009e-01 2.918700999999999990e+00 1.518555000000000099e+00 3.344726999999999784e+00
1.123050000000000020e-01 2.917479999999999851e+00 1.518555000000000099e+00 3.344726999999999784e+00
1.135250000000000009e-01 2.915039000000000158e+00 1.512450999999999990e+00 3.345946999999999782e+00
1.135250000000000009e-01 2.915039000000000158e+00 1.513671999999999906e+00 3.345946999999999782e+00
1.135250000000000009e-01 2.913818000000000019e+00 1.510010000000000074e+00 3.345946999999999782e+00
1.123050000000000020e-01 2.915039000000000158e+00 1.511230000000000073e+00 3.344726999999999784e+00
1.123050000000000020e-01 2.910156000000000187e+00 1.510010000000000074e+00 3.344726999999999784e+00
1.123050000000000020e-01 2.915039000000000158e+00 1.508788999999999936e+00 3.344726999999999784e+00
1.123050000000000020e-01 2.915039000000000158e+00 1.510010000000000074e+00 3.344726999999999784e+00
1.123050000000000020e-01 2.915039000000000158e+00 1.508788999999999936e+00 3.344726999999999784e+00
1.123050000000000020e-01 2.915039000000000158e+00 1.508788999999999936e+00 3.344726999999999784e+00
1.123050000000000020e-01 2.915039000000000158e+00 1.511230000000000073e+00 3.344726999999999784e+00
1.123050000000000020e-01 2.915039000000000158e+00 1.513671999999999906e+00 3.344726999999999784e+00
1.123050000000000020e-01 2.915039000000000158e+00 1.519775000000000098e+00 3.344726999999999784e+00
1.135250000000000009e-01 2.915039000000000158e+00 1.522216999999999931e+00 3.344726999999999784e+00
1.135250000000000009e-01 2.915039000000000158e+00 1.528319999999999901e+00 3.344726999999999784e+00
1.135250000000000009e-01 2.915039000000000158e+00 1.533203000000000094e+00 3.344726999999999784e+00
1.135250000000000009e-01 2.915039000000000158e+00 1.539306999999999981e+00 3.348389000000000060e+00
1.135250000000000009e-01 2.916259999999999852e+00 1.542969000000000035e+00 3.345946999999999782e+00
1.147460000000000008e-01 2.917479999999999851e+00 1.547852000000000006e+00 3.354492000000000029e+00
1.147460000000000008e-01 2.916259999999999852e+00 1.551514000000000060e+00 3.354492000000000029e+00
1.147460000000000008e-01 2.918700999999999990e+00 1.551514000000000060e+00 3.348389000000000060e+00
1.147460000000000008e-01 2.924805000000000099e+00 1.552734000000000059e+00 3.354492000000000029e+00
1.147460000000000008e-01 2.924805000000000099e+00 1.557617000000000029e+00 3.354492000000000029e+00
1.159670000000000006e-01 2.924805000000000099e+00 1.557617000000000029e+00 3.354492000000000029e+00
1.159670000000000006e-01 2.924805000000000099e+00 1.557617000000000029e+00 3.354492000000000029e+00
1.159670000000000006e-01 2.926025000000000098e+00 1.558837999999999946e+00 3.354492000000000029e+00
1.159670000000000006e-01 2.924805000000000099e+00 1.563720999999999917e+00 3.354492000000000029e+00
1.159670000000000006e-01 2.934569999999999901e+00 1.567382999999999971e+00 3.359375000000000000e+00
1.171880000000000005e-01 2.934569999999999901e+00 1.567382999999999971e+00 3.359375000000000000e+00
1.159670000000000006e-01 2.934569999999999901e+00 1.568604000000000109e+00 3.359375000000000000e+00
1.159670000000000006e-01 2.934569999999999901e+00 1.572265999999999941e+00 3.364257999999999971e+00
1.159670000000000006e-01 2.938232000000000177e+00 1.567382999999999971e+00 3.364257999999999971e+00
1.171880000000000005e-01 2.937012000000000178e+00 1.567382999999999971e+00 3.364257999999999971e+00
1.171880000000000005e-01 2.937012000000000178e+00 1.567382999999999971e+00 3.364257999999999971e+00
1.171880000000000005e-01 2.934569999999999901e+00 1.567382999999999971e+00 3.364257999999999971e+00
1.159670000000000006e-01 2.935791000000000039e+00 1.567382999999999971e+00 3.364257999999999971e+00
1.171880000000000005e-01 2.935791000000000039e+00 1.567382999999999971e+00 3.364257999999999971e+00
1.159670000000000006e-01 2.934569999999999901e+00 1.567382999999999971e+00 3.364257999999999971e+00
1.159670000000000006e-01 2.935791000000000039e+00 1.568604000000000109e+00 3.364257999999999971e+00
1.159670000000000006e-01 2.935791000000000039e+00 1.567382999999999971e+00 3.364257999999999971e+00
1.159670000000000006e-01 2.937012000000000178e+00 1.567382999999999971e+00 3.364257999999999971e+00
1.159670000000000006e-01 2.944335999999999842e+00 1.567382999999999971e+00 3.364257999999999971e+00
1.171880000000000005e-01 2.935791000000000039e+00 1.567382999999999971e+00 3.364257999999999971e+00
1.159670000000000006e-01 2.934569999999999901e+00 1.567382999999999971e+00 3.364257999999999971e+00
1.171880000000000005e-01 2.937012000000000178e+00 1.569824000000000108e+00 3.364257999999999971e+00
1.159670000000000006e-01 2.938232000000000177e+00 1.571045000000000025e+00 3.364257999999999971e+00
1.159670000000000006e-01 2.938232000000000177e+00 1.577147999999999994e+00 3.364257999999999971e+00
1.171880000000000005e-01 2.944335999999999842e+00 1.578368999999999911e+00 3.364257999999999971e+00
1.171880000000000005e-01 2.944335999999999842e+00 1.577147999999999994e+00 3.364257999999999971e+00
1.171880000000000005e-01 2.944335999999999842e+00 1.580810999999999966e+00 3.364257999999999971e+00
1.159670000000000006e-01 2.944335999999999842e+00 1.580810999999999966e+00 3.364257999999999971e+00
1.159670000000000006e-01 2.944335999999999842e+00 1.578368999999999911e+00 3.366699000000000108e+00
1.171880000000000005e-01 2.944335999999999842e+00 1.578368999999999911e+00 3.364257999999999971e+00
1.171880000000000005e-01 2.945556999999999981e+00 1.577147999999999994e+00 3.366699000000000108e+00
1.171880000000000005e-01 2.944335999999999842e+00 1.577147999999999994e+00 3.365479000000000109e+00
1.171880000000000005e-01 2.944335999999999842e+00 1.571045000000000025e+00 3.364257999999999971e+00
1.159670000000000006e-01 2.944335999999999842e+00 1.568604000000000109e+00 3.365479000000000109e+00
1.159670000000000006e-01 2.945556999999999981e+00 1.567382999999999971e+00 3.364257999999999971e+00
1.159670000000000006e-01 2.944335999999999842e+00 1.567382999999999971e+00 3.367919999999999803e+00
1.159670000000000006e-01 2.944335999999999842e+00 1.567382999999999971e+00 3.364257999999999971e+00
1.159670000000000006e-01 2.944335999999999842e+00 1.562500000000000000e+00 3.364257999999999971e+00
1.159670000000000006e-01 2.944335999999999842e+00 1.562500000000000000e+00 3.364257999999999971e+00
1.159670000000000006e-01 2.944335999999999842e+00 1.562500000000000000e+00 3.364257999999999971e+00
1.159670000000000006e-01 2.945556999999999981e+00 1.561279000000000083e+00 3.364257999999999971e+00
1.159670000000000006e-01 2.944335999999999842e+00 1.562500000000000000e+00 3.364257999999999971e+00
1.159670000000000006e-01 2.944335999999999842e+00 1.567382999999999971e+00 3.364257999999999971e+00
1.159670000000000006e-01 2.944335999999999842e+00 1.561279000000000083e+00 3.364257999999999971e+00
1.159670000000000006e-01 2.945556999999999981e+00 1.557617000000000029e+00 3.364257999999999971e+00
1.147460000000000008e-01 2.944335999999999842e+00 1.557617000000000029e+00 3.364257999999999971e+00
1.147460000000000008e-01 2.944335999999999842e+00 1.551514000000000060e+00 3.364257999999999971e+00
1.147460000000000008e-01 2.937012000000000178e+00 1.551514000000000060e+00 3.359375000000000000e+00
1.147460000000000008e-01 2.944335999999999842e+00 1.557617000000000029e+00 3.364257999999999971e+00
1.159670000000000006e-01 2.944335999999999842e+00 1.561279000000000083e+00 3.364257999999999971e+00
1.159670000000000006e-01 2.944335999999999842e+00 1.567382999999999971e+00 3.364257999999999971e+00
1.159670000000000006e-01 2.944335999999999842e+00 1.567382999999999971e+00 3.364257999999999971e+00
1.159670000000000006e-01 2.944335999999999842e+00 1.569824000000000108e+00 3.366699000000000108e+00
1.159670000000000006e-01 2.944335999999999842e+00 1.577147999999999994e+00 3.364257999999999971e+00
1.159670000000000006e-01 2.945556999999999981e+00 1.577147999999999994e+00 3.364257999999999971e+00
1.159670000000000006e-01 2.947998000000000118e+00 1.578368999999999911e+00 3.366699000000000108e+00
1.159670000000000006e-01 2.949218999999999813e+00 1.580810999999999966e+00 3.364257999999999971e+00
1.159670000000000006e-01 2.945556999999999981e+00 1.578368999999999911e+00 3.365479000000000109e+00
1.159670000000000006e-01 2.947998000000000118e+00 1.580810999999999966e+00 3.364257999999999971e+00
1.159670000000000006e-01 2.954101999999999784e+00 1.582030999999999965e+00 3.364257999999999971e+00
1.159670000000000006e-01 2.954101999999999784e+00 1.582030999999999965e+00 3.364257999999999971e+00
1.159670000000000006e-01 2.954101999999999784e+00 1.582030999999999965e+00 3.365479000000000109e+00
1.159670000000000006e-01 2.954101999999999784e+00 1.579590000000000050e+00 3.364257999999999971e+00
1.171880000000000005e-01 2.957764000000000060e+00 1.578368999999999911e+00 3.364257999999999971e+00
1.159670000000000006e-01 2.947998000000000118e+00 1.577147999999999994e+00 3.367919999999999803e+00
1.159670000000000006e-01 2.954101999999999784e+00 1.577147999999999994e+00 3.364257999999999971e+00
1.159670000000000006e-01 2.949218999999999813e+00 1.569824000000000108e+00 3.365479000000000109e+00
1.159670000000000006e-01 2.946776999999999980e+00 1.569824000000000108e+00 3.364257999999999971e+00
1.159670000000000006e-01 2.954101999999999784e+00 1.567382999999999971e+00 3.364257999999999971e+00
1.159670000000000006e-01 2.949218999999999813e+00 1.563720999999999917e+00 3.364257999999999971e+00
1.159670000000000006e-01 2.947998000000000118e+00 1.561279000000000083e+00 3.364257999999999971e+00
1.159670000000000006e-01 2.945556999999999981e+00 1.557617000000000029e+00 3.360596000000000139e+00
1.159670000000000006e-01 2.946776999999999980e+00 1.557617000000000029e+00 3.364257999999999971e+00
1.159670000000000006e-01 2.945556999999999981e+00 1.557617000000000029e+00 3.366699000000000108e+00
1.147460000000000008e-01 2.944335999999999842e+00 1.557617000000000029e+00 3.364257999999999971e+00
1.147460000000000008e-01 2.944335999999999842e+00 1.557617000000000029e+00 3.364257999999999971e+00
