5.615200000000000052e-02 1.343993999999999911e+00 5.627440000000000220e-01 2.155762000000000178e+00
5.493200000000000166e-02 1.342772999999999994e+00 5.627440000000000220e-01 2.153319999999999901e+00
5.493200000000000166e-02 1.343993999999999911e+00 5.627440000000000220e-01 2.153319999999999901e+00
5.615200000000000052e-02 1.343993999999999911e+00 5.615229999999999944e-01 2.153319999999999901e+00
5.615200000000000052e-02 1.345215000000000050e+00 5.615229999999999944e-01 2.153319999999999901e+00
5.493200000000000166e-02 1.347655999999999965e+00 5.627440000000000220e-01 2.153319999999999901e+00
5.493200000000000166e-02 1.343993999999999911e+00 5.627440000000000220e-01 2.154541000000000039e+00
5.493200000000000166e-02 1.343993999999999911e+00 5.627440000000000220e-01 2.154541000000000039e+00
5.493200000000000166e-02 1.343993999999999911e+00 5.627440000000000220e-01 2.153319999999999901e+00
5.493200000000000166e-02 1.343993999999999911e+00 5.615229999999999944e-01 2.152099999999999902e+00
5.493200000000000166e-02 1.347655999999999965e+00 5.615229999999999944e-01 2.154541000000000039e+00
5.493200000000000166e-02 1.343993999999999911e+00 5.615229999999999944e-01 2.153319999999999901e+00
5.493200000000000166e-02 1.343993999999999911e+00 5.627440000000000220e-01 2.153319999999999901e+00
5.615200000000000052e-02 1.343993999999999911e+00 5.627440000000000220e-01 2.153319999999999901e+00
5.493200000000000166e-02 1.343993999999999911e+00 5.627440000000000220e-01 2.153319999999999901e+00
5.493200000000000166e-02 1.347655999999999965e+00 5.615229999999999944e-01 2.153319999999999901e+00
5.493200000000000166e-02 1.343993999999999911e+00 5.615229999999999944e-01 2.153319999999999901e+00
5.493200000000000166e-02 1.343993999999999911e+00 5.615229999999999944e-01 2.153319999999999901e+00
5.493200000000000166e-02 1.345215000000000050e+00 5.627440000000000220e-01 2.153319999999999901e+00
5.493200000000000166e-02 1.343993999999999911e+00 5.615229999999999944e-01 2.154541000000000039e+00
5.493200000000000166e-02 1.343993999999999911e+00 5.615229999999999944e-01 2.153319999999999901e+00
5.493200000000000166e-02 1.343993999999999911e+00 5.627440000000000220e-01 2.153319999999999901e+00
5.493200000000000166e-02 1.343993999999999911e+00 5.615229999999999944e-01 2.153319999999999901e+00
5.615200000000000052e-02 1.346435999999999966e+00 5.627440000000000220e-01 2.155762000000000178e+00
5.615200000000000052e-02 1.343993999999999911e+00 5.627440000000000220e-01 2.155762000000000178e+00
5.493200000000000166e-02 1.343993999999999911e+00 5.615229999999999944e-01 2.153319999999999901e+00
5.615200000000000052e-02 1.343993999999999911e+00 5.627440000000000220e-01 2.153319999999999901e+00
5.493200000000000166e-02 1.343993999999999911e+00 5.627440000000000220e-01 2.154541000000000039e+00
5.493200000000000166e-02 1.342772999999999994e+00 5.627440000000000220e-01 2.163085999999999842e+00
5.493200000000000166e-02 1.343993999999999911e+00 5.627440000000000220e-01 2.153319999999999901e+00
5.493200000000000166e-02 1.345215000000000050e+00 5.627440000000000220e-01 2.155762000000000178e+00
5.493200000000000166e-02 1.345215000000000050e+00 5.627440000000000220e-01 2.155762000000000178e+00
5.493200000000000166e-02 1.343993999999999911e+00 5.615229999999999944e-01 2.153319999999999901e+00
5.493200000000000166e-02 1.345215000000000050e+00 5.627440000000000220e-01 2.153319999999999901e+00
5.493200000000000166e-02 1.347655999999999965e+00 5.615229999999999944e-01 2.153319999999999901e+00
5.615200000000000052e-02 1.343993999999999911e+00 5.615229999999999944e-01 2.153319999999999901e+00
5.493200000000000166e-02 1.343993999999999911e+00 5.615229999999999944e-01 2.154541000000000039e+00
5.493200000000000166e-02 1.343993999999999911e+00 5.627440000000000220e-01 2.153319999999999901e+00
5.493200000000000166e-02 1.343993999999999911e+00 5.627440000000000220e-01 2.153319999999999901e+00
5.615200000000000052e-02 1.347655999999999965e+00 5.627440000000000220e-01 2.154541000000000039e+00
5.493200000000000166e-02 1.343993999999999911e+00 5.627440000000000220e-01 2.153319999999999901e+00
5.493200000000000166e-02 1.343993999999999911e+00 5.615229999999999944e-01 2.153319999999999901e+00
5.493200000000000166e-02 1.343993999999999911e+00 5.615229999999999944e-01 2.154541000000000039e+00
5.493200000000000166e-02 1.345215000000000050e+00 5.615229999999999944e-01 2.153319999999999901e+00
5.493200000000000166e-02 1.347655999999999965e+00 5.615229999999999944e-01 2.154541000000000039e+00
5.493200000000000166e-02 1.343993999999999911e+00 5.615229999999999944e-01 2.153319999999999901e+00
5.493200000000000166e-02 1.343993999999999911e+00 5.615229999999999944e-01 2.154541000000000039e+00
5.493200000000000166e-02 1.343993999999999911e+00 5.615229999999999944e-01 2.154541000000000039e+00
5.493200000000000166e-02 1.343993999999999911e+00 5.627440000000000220e-01 2.153319999999999901e+00
5.493200000000000166e-02 1.346435999999999966e+00 5.615229999999999944e-01 2.153319999999999901e+00
5.493200000000000166e-02 1.346435999999999966e+00 5.627440000000000220e-01 2.153319999999999901e+00
5.493200000000000166e-02 1.343993999999999911e+00 5.615229999999999944e-01 2.153319999999999901e+00
5.493200000000000166e-02 1.345215000000000050e+00 5.615229999999999944e-01 2.153319999999999901e+00
5.493200000000000166e-02 1.343993999999999911e+00 5.615229999999999944e-01 2.153319999999999901e+00
5.493200000000000166e-02 1.343993999999999911e+00 5.627440000000000220e-01 2.153319999999999901e+00
5.493200000000000166e-02 1.343993999999999911e+00 5.615229999999999944e-01 2.153319999999999901e+00
5.493200000000000166e-02 1.343993999999999911e+00 5.615229999999999944e-01 2.153319999999999901e+00
5.493200000000000166e-02 1.343993999999999911e+00 5.615229999999999944e-01 2.154541000000000039e+00
5.493200000000000166e-02 1.346435999999999966e+00 5.615229999999999944e-01 2.154541000000000039e+00
5.493200000000000166e-02 1.343993999999999911e+00 5.615229999999999944e-01 2.154541000000000039e+00
5.493200000000000166e-02 1.343993999999999911e+00 5.627440000000000220e-01 2.153319999999999901e+00
5.493200000000000166e-02 1.345215000000000050e+00 5.627440000000000220e-01 2.154541000000000039e+00
5.493200000000000166e-02 1.346435999999999966e+00 5.627440000000000220e-01 2.153319999999999901e+00
5.493200000000000166e-02 1.346435999999999966e+00 5.651859999999999662e-01 2.155762000000000178e+00
5.615200000000000052e-02 1.347655999999999965e+00 5.627440000000000220e-01 2.153319999999999901e+00
5.493200000000000166e-02 1.347655999999999965e+00 5.664059999999999651e-01 2.154541000000000039e+00
5.493200000000000166e-02 1.347655999999999965e+00 5.664059999999999651e-01 2.158202999999999872e+00
5.493200000000000166e-02 1.346435999999999966e+00 5.676269999999999927e-01 2.154541000000000039e+00
5.493200000000000166e-02 1.352538999999999936e+00 5.712890000000000468e-01 2.154541000000000039e+00
5.493200000000000166e-02 1.352538999999999936e+00 5.712890000000000468e-01 2.154541000000000039e+00
5.615200000000000052e-02 1.352538999999999936e+00 5.725099999999999634e-01 2.154541000000000039e+00
5.615200000000000052e-02 1.352538999999999936e+00 5.725099999999999634e-01 2.156982000000000177e+00
5.615200000000000052e-02 1.353760000000000074e+00 5.725099999999999634e-01 2.156982000000000177e+00
5.493200000000000166e-02 1.353760000000000074e+00 5.761720000000000175e-01 2.156982000000000177e+00
5.615200000000000052e-02 1.357421999999999906e+00 5.773930000000000451e-01 2.163085999999999842e+00
5.615200000000000052e-02 1.357421999999999906e+00 5.810549999999999882e-01 2.163085999999999842e+00
5.493200000000000166e-02 1.362305000000000099e+00 5.822749999999999870e-01 2.163085999999999842e+00
5.615200000000000052e-02 1.362305000000000099e+00 5.859379999999999589e-01 2.163085999999999842e+00
5.615200000000000052e-02 1.364746000000000015e+00 5.920410000000000394e-01 2.163085999999999842e+00
5.615200000000000052e-02 1.372069999999999901e+00 6.005859999999999532e-01 2.163085999999999842e+00
5.493200000000000166e-02 1.373291000000000039e+00 6.103520000000000056e-01 2.164306999999999981e+00
5.615200000000000052e-02 1.381836000000000064e+00 6.201170000000000293e-01 2.172851999999999784e+00
5.737300000000000039e-02 1.384276999999999980e+00 6.298829999999999707e-01 2.172851999999999784e+00
5.737300000000000039e-02 1.392822000000000005e+00 6.396479999999999944e-01 2.182617000000000029e+00
5.737300000000000039e-02 1.402587999999999946e+00 6.518549999999999622e-01 2.176514000000000060e+00
5.859400000000000025e-02 1.406250000000000000e+00 6.628420000000000423e-01 2.182617000000000029e+00
5.737300000000000039e-02 1.414795000000000025e+00 6.726069999999999549e-01 2.186278999999999861e+00
5.859400000000000025e-02 1.425780999999999965e+00 6.848140000000000338e-01 2.192382999999999971e+00
5.859400000000000025e-02 1.435546999999999906e+00 6.982420000000000293e-01 2.202148000000000216e+00
5.981399999999999911e-02 1.444091999999999931e+00 7.080079999999999707e-01 2.202148000000000216e+00
5.981399999999999911e-02 1.452636999999999956e+00 7.189940000000000220e-01 2.211914000000000158e+00
6.103499999999999898e-02 1.469727000000000006e+00 7.312009999999999899e-01 2.211914000000000158e+00
6.103499999999999898e-02 1.479492000000000029e+00 7.470700000000000118e-01 2.221680000000000099e+00
6.103499999999999898e-02 1.490479000000000109e+00 7.580569999999999808e-01 2.222900000000000098e+00
6.103499999999999898e-02 1.508788999999999936e+00 7.714839999999999476e-01 2.231444999999999901e+00
6.225599999999999884e-02 1.519775000000000098e+00 7.861329999999999707e-01 2.241210999999999842e+00
6.347700000000000564e-02 1.538086000000000064e+00 8.020019999999999927e-01 2.246093999999999813e+00
6.347700000000000564e-02 1.549072000000000005e+00 8.215329999999999577e-01 2.252196999999999782e+00
6.347700000000000564e-02 1.568604000000000109e+00 8.447270000000000056e-01 2.261963000000000168e+00
6.469700000000000450e-02 1.590575999999999990e+00 8.679200000000000248e-01 2.270507999999999971e+00
6.591800000000000437e-02 1.616211000000000064e+00 8.947749999999999870e-01 2.290039000000000158e+00
6.713900000000000423e-02 1.636962999999999946e+00 9.179690000000000349e-01 2.299805000000000099e+00
6.713900000000000423e-02 1.661377000000000104e+00 9.387210000000000276e-01 2.309569999999999901e+00
6.835900000000000309e-02 1.685791000000000039e+00 9.582519999999999927e-01 2.321776999999999980e+00
6.958000000000000296e-02 1.713867000000000029e+00 9.765629999999999589e-01 2.338867000000000029e+00
7.080100000000000282e-02 1.735840000000000050e+00 9.936519999999999797e-01 2.348632999999999971e+00
7.080100000000000282e-02 1.762694999999999901e+00 1.010742000000000029e+00 2.360840000000000050e+00
7.202100000000000168e-02 1.791992000000000029e+00 1.025390999999999941e+00 2.377930000000000099e+00
7.324200000000000155e-02 1.811522999999999994e+00 1.040038999999999936e+00 2.387694999999999901e+00
7.446300000000000141e-02 1.837158000000000069e+00 1.049805000000000099e+00 2.401123000000000118e+00
7.568400000000000127e-02 1.862792999999999921e+00 1.059569999999999901e+00 2.421875000000000000e+00
7.568400000000000127e-02 1.889647999999999994e+00 1.069336000000000064e+00 2.426757999999999971e+00
7.690400000000000014e-02 1.910400000000000098e+00 1.079102000000000006e+00 2.440186000000000188e+00
7.690400000000000014e-02 1.932372999999999896e+00 1.081542999999999921e+00 2.456055000000000099e+00
7.812500000000000000e-02 1.958007999999999971e+00 1.088867000000000029e+00 2.465819999999999901e+00
7.812500000000000000e-02 1.978760000000000074e+00 1.090087999999999946e+00 2.485351999999999784e+00
7.812500000000000000e-02 1.999511999999999956e+00 1.093750000000000000e+00 2.495117000000000029e+00
7.934599999999999986e-02 2.021484000000000059e+00 1.099854000000000109e+00 2.498778999999999861e+00
7.934599999999999986e-02 2.045898000000000216e+00 1.104735999999999940e+00 2.524414000000000158e+00
8.056599999999999873e-02 2.065430000000000099e+00 1.109618999999999911e+00 2.534180000000000099e+00
8.056599999999999873e-02 2.086181999999999981e+00 1.118163999999999936e+00 2.543944999999999901e+00
8.178699999999999859e-02 2.104492000000000029e+00 1.124268000000000045e+00 2.553710999999999842e+00
8.300799999999999845e-02 2.124023000000000216e+00 1.129150000000000098e+00 2.567139000000000060e+00
8.300799999999999845e-02 2.143555000000000099e+00 1.131591999999999931e+00 2.578125000000000000e+00
8.300799999999999845e-02 2.163085999999999842e+00 1.138916000000000039e+00 2.592773000000000216e+00
8.422899999999999832e-02 2.176514000000000060e+00 1.138916000000000039e+00 2.602539000000000158e+00
8.422899999999999832e-02 2.193604000000000109e+00 1.141356999999999955e+00 2.612305000000000099e+00
8.422899999999999832e-02 2.211914000000000158e+00 1.147461000000000064e+00 2.622069999999999901e+00
8.544899999999999718e-02 2.224120999999999793e+00 1.147461000000000064e+00 2.631835999999999842e+00
8.544899999999999718e-02 2.237549000000000010e+00 1.148681999999999981e+00 2.642821999999999782e+00
8.422899999999999832e-02 2.252196999999999782e+00 1.147461000000000064e+00 2.656250000000000000e+00
8.544899999999999718e-02 2.270507999999999971e+00 1.142578000000000094e+00 2.663574000000000108e+00
8.544899999999999718e-02 2.280273000000000216e+00 1.138916000000000039e+00 2.673340000000000050e+00
8.666999999999999704e-02 2.290039000000000158e+00 1.137694999999999901e+00 2.681884999999999852e+00
8.666999999999999704e-02 2.299805000000000099e+00 1.135253999999999985e+00 2.690430000000000099e+00
8.666999999999999704e-02 2.310791000000000039e+00 1.130371000000000015e+00 2.700194999999999901e+00
8.666999999999999704e-02 2.319335999999999842e+00 1.127930000000000099e+00 2.703857000000000177e+00
8.666999999999999704e-02 2.329101999999999784e+00 1.123046999999999906e+00 2.719726999999999784e+00
8.544899999999999718e-02 2.333984000000000059e+00 1.118163999999999936e+00 2.719726999999999784e+00
8.666999999999999704e-02 2.340088000000000168e+00 1.118163999999999936e+00 2.730713000000000168e+00
8.666999999999999704e-02 2.348632999999999971e+00 1.109618999999999911e+00 2.734375000000000000e+00
8.666999999999999704e-02 2.358398000000000216e+00 1.108397999999999994e+00 2.739257999999999971e+00
8.666999999999999704e-02 2.368164000000000158e+00 1.098632999999999971e+00 2.750243999999999911e+00
8.666999999999999704e-02 2.368164000000000158e+00 1.094970999999999917e+00 2.758789000000000158e+00
8.666999999999999704e-02 2.370604999999999851e+00 1.093750000000000000e+00 2.760009999999999852e+00
8.666999999999999704e-02 2.377930000000000099e+00 1.090087999999999946e+00 2.762450999999999990e+00
8.544899999999999718e-02 2.379150000000000098e+00 1.088867000000000029e+00 2.768555000000000099e+00
8.544899999999999718e-02 2.380370999999999793e+00 1.088867000000000029e+00 2.778319999999999901e+00
8.544899999999999718e-02 2.381591999999999931e+00 1.083984000000000059e+00 2.778319999999999901e+00
8.544899999999999718e-02 2.387694999999999901e+00 1.082764000000000060e+00 2.781982000000000177e+00
8.422899999999999832e-02 2.388916000000000039e+00 1.079102000000000006e+00 2.788085999999999842e+00
8.544899999999999718e-02 2.390137000000000178e+00 1.075439000000000034e+00 2.791748000000000118e+00
8.422899999999999832e-02 2.390137000000000178e+00 1.072997999999999896e+00 2.797851999999999784e+00
8.544899999999999718e-02 2.397460999999999842e+00 1.070556999999999981e+00 2.797851999999999784e+00
8.422899999999999832e-02 2.393799000000000010e+00 1.069336000000000064e+00 2.799071999999999782e+00
8.422899999999999832e-02 2.397460999999999842e+00 1.065674000000000010e+00 2.801514000000000060e+00
8.422899999999999832e-02 2.397460999999999842e+00 1.063231999999999955e+00 2.807617000000000029e+00
8.422899999999999832e-02 2.397460999999999842e+00 1.060791000000000039e+00 2.807617000000000029e+00
8.300799999999999845e-02 2.397460999999999842e+00 1.053466999999999931e+00 2.811278999999999861e+00
8.300799999999999845e-02 2.397460999999999842e+00 1.046143000000000045e+00 2.817382999999999971e+00
8.300799999999999845e-02 2.397460999999999842e+00 1.041260000000000074e+00 2.817382999999999971e+00
8.300799999999999845e-02 2.397460999999999842e+00 1.036377000000000104e+00 2.817382999999999971e+00
8.300799999999999845e-02 2.391357000000000177e+00 1.031493999999999911e+00 2.817382999999999971e+00
8.300799999999999845e-02 2.391357000000000177e+00 1.030272999999999994e+00 2.818604000000000109e+00
8.178699999999999859e-02 2.387694999999999901e+00 1.020507999999999971e+00 2.817382999999999971e+00
8.178699999999999859e-02 2.387694999999999901e+00 1.015625000000000000e+00 2.827148000000000216e+00
8.178699999999999859e-02 2.387694999999999901e+00 1.010742000000000029e+00 2.819824000000000108e+00
8.178699999999999859e-02 2.381591999999999931e+00 1.003417999999999921e+00 2.822265999999999941e+00
8.056599999999999873e-02 2.380370999999999793e+00 1.000977000000000006e+00 2.827148000000000216e+00
8.056599999999999873e-02 2.377930000000000099e+00 9.912109999999999532e-01 2.819824000000000108e+00
8.056599999999999873e-02 2.377930000000000099e+00 9.863279999999999825e-01 2.819824000000000108e+00
7.934599999999999986e-02 2.369384999999999852e+00 9.814450000000000118e-01 2.822265999999999941e+00
7.934599999999999986e-02 2.373047000000000128e+00 9.765629999999999589e-01 2.827148000000000216e+00
7.934599999999999986e-02 2.363281000000000187e+00 9.716799999999999882e-01 2.818604000000000109e+00
7.934599999999999986e-02 2.359618999999999911e+00 9.716799999999999882e-01 2.818604000000000109e+00
7.812500000000000000e-02 2.358398000000000216e+00 9.667970000000000175e-01 2.819824000000000108e+00
7.812500000000000000e-02 2.353515999999999941e+00 9.655759999999999899e-01 2.818604000000000109e+00
7.812500000000000000e-02 2.351074000000000108e+00 9.631349999999999634e-01 2.819824000000000108e+00
7.812500000000000000e-02 2.348632999999999971e+00 9.631349999999999634e-01 2.817382999999999971e+00
7.934599999999999986e-02 2.348632999999999971e+00 9.655759999999999899e-01 2.817382999999999971e+00
7.812500000000000000e-02 2.343750000000000000e+00 9.643549999999999622e-01 2.817382999999999971e+00
7.812500000000000000e-02 2.338867000000000029e+00 9.655759999999999899e-01 2.817382999999999971e+00
7.812500000000000000e-02 2.338867000000000029e+00 9.655759999999999899e-01 2.816161999999999832e+00
7.690400000000000014e-02 2.338867000000000029e+00 9.680180000000000451e-01 2.817382999999999971e+00
7.690400000000000014e-02 2.330321999999999782e+00 9.716799999999999882e-01 2.817382999999999971e+00
7.690400000000000014e-02 2.329101999999999784e+00 9.765629999999999589e-01 2.817382999999999971e+00
7.690400000000000014e-02 2.329101999999999784e+00 9.814450000000000118e-01 2.817382999999999971e+00
7.690400000000000014e-02 2.329101999999999784e+00 9.863279999999999825e-01 2.817382999999999971e+00
7.690400000000000014e-02 2.329101999999999784e+00 9.912109999999999532e-01 2.817382999999999971e+00
7.690400000000000014e-02 2.329101999999999784e+00 9.960940000000000349e-01 2.817382999999999971e+00
7.690400000000000014e-02 2.329101999999999784e+00 1.000977000000000006e+00 2.819824000000000108e+00
7.690400000000000014e-02 2.329101999999999784e+00 1.004639000000000060e+00 2.811278999999999861e+00
7.690400000000000014e-02 2.329101999999999784e+00 1.010742000000000029e+00 2.817382999999999971e+00
7.690400000000000014e-02 2.329101999999999784e+00 1.015625000000000000e+00 2.821044999999999803e+00
7.690400000000000014e-02 2.329101999999999784e+00 1.021729000000000109e+00 2.821044999999999803e+00
7.690400000000000014e-02 2.331542999999999921e+00 1.031493999999999911e+00 2.827148000000000216e+00
7.812500000000000000e-02 2.338867000000000029e+00 1.041260000000000074e+00 2.827148000000000216e+00
7.812500000000000000e-02 2.338867000000000029e+00 1.051025000000000098e+00 2.828368999999999911e+00
7.812500000000000000e-02 2.343750000000000000e+00 1.059569999999999901e+00 2.829590000000000050e+00
7.812500000000000000e-02 2.349854000000000109e+00 1.069336000000000064e+00 2.836914000000000158e+00
7.812500000000000000e-02 2.348632999999999971e+00 1.074219000000000035e+00 2.836914000000000158e+00
7.934599999999999986e-02 2.358398000000000216e+00 1.080322000000000005e+00 2.836914000000000158e+00
7.812500000000000000e-02 2.358398000000000216e+00 1.088867000000000029e+00 2.839354999999999851e+00
7.934599999999999986e-02 2.359618999999999911e+00 1.094970999999999917e+00 2.846680000000000099e+00
7.934599999999999986e-02 2.359618999999999911e+00 1.094970999999999917e+00 2.846680000000000099e+00
7.934599999999999986e-02 2.368164000000000158e+00 1.099854000000000109e+00 2.846680000000000099e+00
7.934599999999999986e-02 2.370604999999999851e+00 1.108397999999999994e+00 2.851563000000000070e+00
8.056599999999999873e-02 2.379150000000000098e+00 1.119385000000000074e+00 2.856444999999999901e+00
8.056599999999999873e-02 2.387694999999999901e+00 1.124268000000000045e+00 2.856444999999999901e+00
8.056599999999999873e-02 2.388916000000000039e+00 1.127930000000000099e+00 2.858887000000000178e+00
8.056599999999999873e-02 2.397460999999999842e+00 1.127930000000000099e+00 2.866210999999999842e+00
8.178699999999999859e-02 2.397460999999999842e+00 1.127930000000000099e+00 2.868651999999999980e+00
8.056599999999999873e-02 2.398681999999999981e+00 1.123046999999999906e+00 2.867431999999999981e+00
8.056599999999999873e-02 2.402343999999999813e+00 1.119385000000000074e+00 2.875976999999999784e+00
8.178699999999999859e-02 2.407226999999999784e+00 1.118163999999999936e+00 2.875976999999999784e+00
8.178699999999999859e-02 2.407226999999999784e+00 1.112060999999999966e+00 2.875976999999999784e+00
8.300799999999999845e-02 2.407226999999999784e+00 1.108397999999999994e+00 2.878417999999999921e+00
8.178699999999999859e-02 2.410889000000000060e+00 1.101074000000000108e+00 2.878417999999999921e+00
8.056599999999999873e-02 2.412109000000000059e+00 1.098632999999999971e+00 2.879639000000000060e+00
8.178699999999999859e-02 2.416992000000000029e+00 1.090087999999999946e+00 2.885742000000000029e+00
8.300799999999999845e-02 2.410889000000000060e+00 1.088867000000000029e+00 2.888183999999999862e+00
8.178699999999999859e-02 2.410889000000000060e+00 1.081542999999999921e+00 2.885742000000000029e+00
8.178699999999999859e-02 2.409667999999999921e+00 1.079102000000000006e+00 2.885742000000000029e+00
8.178699999999999859e-02 2.410889000000000060e+00 1.072997999999999896e+00 2.885742000000000029e+00
8.178699999999999859e-02 2.407226999999999784e+00 1.069336000000000064e+00 2.885742000000000029e+00
8.056599999999999873e-02 2.407226999999999784e+00 1.065674000000000010e+00 2.886963000000000168e+00
8.056599999999999873e-02 2.407226999999999784e+00 1.059569999999999901e+00 2.895507999999999971e+00
8.056599999999999873e-02 2.410889000000000060e+00 1.054688000000000070e+00 2.890625000000000000e+00
8.056599999999999873e-02 2.407226999999999784e+00 1.051025000000000098e+00 2.889403999999999861e+00
8.056599999999999873e-02 2.407226999999999784e+00 1.049805000000000099e+00 2.890625000000000000e+00
8.056599999999999873e-02 2.407226999999999784e+00 1.043700999999999990e+00 2.890625000000000000e+00
7.934599999999999986e-02 2.399901999999999980e+00 1.040038999999999936e+00 2.885742000000000029e+00
7.934599999999999986e-02 2.397460999999999842e+00 1.036377000000000104e+00 2.886963000000000168e+00
7.934599999999999986e-02 2.393799000000000010e+00 1.031493999999999911e+00 2.885742000000000029e+00
7.934599999999999986e-02 2.388916000000000039e+00 1.031493999999999911e+00 2.890625000000000000e+00
7.934599999999999986e-02 2.388916000000000039e+00 1.031493999999999911e+00 2.885742000000000029e+00
7.934599999999999986e-02 2.387694999999999901e+00 1.031493999999999911e+00 2.886963000000000168e+00
7.934599999999999986e-02 2.387694999999999901e+00 1.030272999999999994e+00 2.885742000000000029e+00
7.934599999999999986e-02 2.387694999999999901e+00 1.030272999999999994e+00 2.885742000000000029e+00
7.934599999999999986e-02 2.381591999999999931e+00 1.029052999999999995e+00 2.885742000000000029e+00
7.812500000000000000e-02 2.379150000000000098e+00 1.025390999999999941e+00 2.885742000000000029e+00
7.934599999999999986e-02 2.377930000000000099e+00 1.022949000000000108e+00 2.885742000000000029e+00
7.690400000000000014e-02 2.379150000000000098e+00 1.024170000000000025e+00 2.885742000000000029e+00
7.812500000000000000e-02 2.377930000000000099e+00 1.021729000000000109e+00 2.885742000000000029e+00
7.812500000000000000e-02 2.373047000000000128e+00 1.021729000000000109e+00 2.885742000000000029e+00
7.812500000000000000e-02 2.371825999999999990e+00 1.020507999999999971e+00 2.885742000000000029e+00
7.812500000000000000e-02 2.369384999999999852e+00 1.020507999999999971e+00 2.885742000000000029e+00
7.812500000000000000e-02 2.369384999999999852e+00 1.016845999999999917e+00 2.885742000000000029e+00
7.812500000000000000e-02 2.368164000000000158e+00 1.015625000000000000e+00 2.879639000000000060e+00
7.812500000000000000e-02 2.368164000000000158e+00 1.010742000000000029e+00 2.878417999999999921e+00
7.812500000000000000e-02 2.359618999999999911e+00 1.010742000000000029e+00 2.877196999999999782e+00
7.812500000000000000e-02 2.358398000000000216e+00 1.002197000000000005e+00 2.875976999999999784e+00
7.812500000000000000e-02 2.358398000000000216e+00 1.000977000000000006e+00 2.877196999999999782e+00
7.690400000000000014e-02 2.358398000000000216e+00 9.924319999999999808e-01 2.877196999999999782e+00
7.690400000000000014e-02 2.349854000000000109e+00 9.912109999999999532e-01 2.875976999999999784e+00
7.690400000000000014e-02 2.348632999999999971e+00 9.826660000000000394e-01 2.871093999999999813e+00
7.690400000000000014e-02 2.341308999999999862e+00 9.814450000000000118e-01 2.875976999999999784e+00
7.690400000000000014e-02 2.340088000000000168e+00 9.728999999999999870e-01 2.867431999999999981e+00
7.690400000000000014e-02 2.338867000000000029e+00 9.680180000000000451e-01 2.868651999999999980e+00
7.568400000000000127e-02 2.331542999999999921e+00 9.631349999999999634e-01 2.867431999999999981e+00
7.690400000000000014e-02 2.329101999999999784e+00 9.619140000000000468e-01 2.866210999999999842e+00
7.568400000000000127e-02 2.324218999999999813e+00 9.558109999999999662e-01 2.866210999999999842e+00
7.568400000000000127e-02 2.319335999999999842e+00 9.521479999999999944e-01 2.857666000000000039e+00
7.446300000000000141e-02 2.315674000000000010e+00 9.460450000000000248e-01 2.857666000000000039e+00
7.446300000000000141e-02 2.309569999999999901e+00 9.375000000000000000e-01 2.856444999999999901e+00
7.446300000000000141e-02 2.299805000000000099e+00 9.338379999999999459e-01 2.849120999999999793e+00
7.446300000000000141e-02 2.299805000000000099e+00 9.289549999999999752e-01 2.846680000000000099e+00
7.446300000000000141e-02 2.293700999999999990e+00 9.240720000000000045e-01 2.846680000000000099e+00
7.324200000000000155e-02 2.290039000000000158e+00 9.179690000000000349e-01 2.840575999999999990e+00
7.324200000000000155e-02 2.285156000000000187e+00 9.143069999999999808e-01 2.846680000000000099e+00
7.324200000000000155e-02 2.280273000000000216e+00 9.130859999999999532e-01 2.840575999999999990e+00
7.324200000000000155e-02 2.271729000000000109e+00 9.069819999999999549e-01 2.836914000000000158e+00
7.324200000000000155e-02 2.270507999999999971e+00 9.033200000000000118e-01 2.838134999999999852e+00
7.324200000000000155e-02 2.264403999999999861e+00 8.972170000000000423e-01 2.832031000000000187e+00
7.324200000000000155e-02 2.260742000000000029e+00 8.947749999999999870e-01 2.829590000000000050e+00
7.080100000000000282e-02 2.252196999999999782e+00 8.898930000000000451e-01 2.832031000000000187e+00
7.202100000000000168e-02 2.250976999999999784e+00 8.850099999999999634e-01 2.821044999999999803e+00
7.202100000000000168e-02 2.242431999999999981e+00 8.837890000000000468e-01 2.818604000000000109e+00
7.080100000000000282e-02 2.235107000000000177e+00 8.752440000000000220e-01 2.817382999999999971e+00
7.080100000000000282e-02 2.231444999999999901e+00 8.740229999999999944e-01 2.811278999999999861e+00
6.958000000000000296e-02 2.225341999999999931e+00 8.654789999999999983e-01 2.810058999999999862e+00
7.080100000000000282e-02 2.221680000000000099e+00 8.642579999999999707e-01 2.807617000000000029e+00
6.958000000000000296e-02 2.214354999999999851e+00 8.593750000000000000e-01 2.807617000000000029e+00
6.958000000000000296e-02 2.211914000000000158e+00 8.557129999999999459e-01 2.802734000000000059e+00
6.958000000000000296e-02 2.203368999999999911e+00 8.544920000000000293e-01 2.802734000000000059e+00
6.958000000000000296e-02 2.202148000000000216e+00 8.483889999999999487e-01 2.801514000000000060e+00
6.835900000000000309e-02 2.193604000000000109e+00 8.459470000000000045e-01 2.792968999999999813e+00
6.835900000000000309e-02 2.186278999999999861e+00 8.447270000000000056e-01 2.788085999999999842e+00
6.835900000000000309e-02 2.182617000000000029e+00 8.386230000000000073e-01 2.788085999999999842e+00
6.835900000000000309e-02 2.175292999999999921e+00 8.349609999999999532e-01 2.781982000000000177e+00
6.713900000000000423e-02 2.172851999999999784e+00 8.325200000000000378e-01 2.779541000000000039e+00
6.835900000000000309e-02 2.164306999999999981e+00 8.288569999999999549e-01 2.778319999999999901e+00
6.713900000000000423e-02 2.163085999999999842e+00 8.288569999999999549e-01 2.778319999999999901e+00
6.713900000000000423e-02 2.156982000000000177e+00 8.300779999999999825e-01 2.772216999999999931e+00
6.713900000000000423e-02 2.155762000000000178e+00 8.349609999999999532e-01 2.769775000000000098e+00
6.713900000000000423e-02 2.153319999999999901e+00 8.410640000000000338e-01 2.768555000000000099e+00
6.713900000000000423e-02 2.147216999999999931e+00 8.496089999999999476e-01 2.768555000000000099e+00
6.713900000000000423e-02 2.144775000000000098e+00 8.593750000000000000e-01 2.762450999999999990e+00
6.713900000000000423e-02 2.147216999999999931e+00 8.740229999999999944e-01 2.762450999999999990e+00
6.713900000000000423e-02 2.147216999999999931e+00 8.837890000000000468e-01 2.762450999999999990e+00
6.713900000000000423e-02 2.153319999999999901e+00 8.947749999999999870e-01 2.768555000000000099e+00
6.835900000000000309e-02 2.147216999999999931e+00 9.045410000000000394e-01 2.768555000000000099e+00
6.835900000000000309e-02 2.153319999999999901e+00 9.167480000000000073e-01 2.768555000000000099e+00
6.835900000000000309e-02 2.153319999999999901e+00 9.277339999999999476e-01 2.768555000000000099e+00
6.835900000000000309e-02 2.156982000000000177e+00 9.338379999999999459e-01 2.768555000000000099e+00
6.958000000000000296e-02 2.156982000000000177e+00 9.423829999999999707e-01 2.768555000000000099e+00
6.958000000000000296e-02 2.163085999999999842e+00 9.472660000000000524e-01 2.769775000000000098e+00
6.958000000000000296e-02 2.164306999999999981e+00 9.521479999999999944e-01 2.768555000000000099e+00
6.958000000000000296e-02 2.172851999999999784e+00 9.558109999999999662e-01 2.768555000000000099e+00
7.080100000000000282e-02 2.172851999999999784e+00 9.582519999999999927e-01 2.769775000000000098e+00
6.958000000000000296e-02 2.172851999999999784e+00 9.619140000000000468e-01 2.770995999999999793e+00
6.958000000000000296e-02 2.174071999999999782e+00 9.619140000000000468e-01 2.772216999999999931e+00
7.080100000000000282e-02 2.182617000000000029e+00 9.619140000000000468e-01 2.778319999999999901e+00
6.958000000000000296e-02 2.182617000000000029e+00 9.619140000000000468e-01 2.778319999999999901e+00
7.080100000000000282e-02 2.182617000000000029e+00 9.619140000000000468e-01 2.783202999999999872e+00
7.080100000000000282e-02 2.182617000000000029e+00 9.619140000000000468e-01 2.778319999999999901e+00
7.080100000000000282e-02 2.185058999999999862e+00 9.582519999999999927e-01 2.778319999999999901e+00
7.080100000000000282e-02 2.186278999999999861e+00 9.582519999999999927e-01 2.778319999999999901e+00
7.080100000000000282e-02 2.185058999999999862e+00 9.558109999999999662e-01 2.778319999999999901e+00
7.080100000000000282e-02 2.186278999999999861e+00 9.533690000000000220e-01 2.778319999999999901e+00
7.080100000000000282e-02 2.186278999999999861e+00 9.521479999999999944e-01 2.778319999999999901e+00
7.080100000000000282e-02 2.186278999999999861e+00 9.484860000000000513e-01 2.778319999999999901e+00
7.080100000000000282e-02 2.192382999999999971e+00 9.436039999999999983e-01 2.778319999999999901e+00
7.080100000000000282e-02 2.192382999999999971e+00 9.423829999999999707e-01 2.778319999999999901e+00
7.080100000000000282e-02 2.192382999999999971e+00 9.362789999999999724e-01 2.779541000000000039e+00
7.080100000000000282e-02 2.186278999999999861e+00 9.326170000000000293e-01 2.778319999999999901e+00
7.080100000000000282e-02 2.186278999999999861e+00 9.265139999999999487e-01 2.783202999999999872e+00
7.202100000000000168e-02 2.183838000000000168e+00 9.228520000000000056e-01 2.778319999999999901e+00
7.080100000000000282e-02 2.182617000000000029e+00 9.167480000000000073e-01 2.778319999999999901e+00
7.080100000000000282e-02 2.182617000000000029e+00 9.130859999999999532e-01 2.779541000000000039e+00
7.080100000000000282e-02 2.182617000000000029e+00 9.045410000000000394e-01 2.772216999999999931e+00
7.080100000000000282e-02 2.182617000000000029e+00 9.033200000000000118e-01 2.769775000000000098e+00
7.080100000000000282e-02 2.177734000000000059e+00 8.972170000000000423e-01 2.770995999999999793e+00
6.958000000000000296e-02 2.172851999999999784e+00 8.935549999999999882e-01 2.768555000000000099e+00
6.958000000000000296e-02 2.172851999999999784e+00 8.898930000000000451e-01 2.772216999999999931e+00
6.958000000000000296e-02 2.167968999999999813e+00 8.850099999999999634e-01 2.768555000000000099e+00
7.080100000000000282e-02 2.167968999999999813e+00 8.837890000000000468e-01 2.769775000000000098e+00
6.958000000000000296e-02 2.163085999999999842e+00 8.789059999999999651e-01 2.768555000000000099e+00
6.958000000000000296e-02 2.167968999999999813e+00 8.740229999999999944e-01 2.762450999999999990e+00
6.958000000000000296e-02 2.163085999999999842e+00 8.703610000000000513e-01 2.761229999999999851e+00
6.958000000000000296e-02 2.153319999999999901e+00 8.679200000000000248e-01 2.758789000000000158e+00
6.958000000000000296e-02 2.153319999999999901e+00 8.679200000000000248e-01 2.758789000000000158e+00
6.958000000000000296e-02 2.153319999999999901e+00 8.654789999999999983e-01 2.758789000000000158e+00
6.958000000000000296e-02 2.147216999999999931e+00 8.642579999999999707e-01 2.758789000000000158e+00
6.835900000000000309e-02 2.144775000000000098e+00 8.593750000000000000e-01 2.758789000000000158e+00
6.835900000000000309e-02 2.144775000000000098e+00 8.593750000000000000e-01 2.758789000000000158e+00
6.835900000000000309e-02 2.143555000000000099e+00 8.557129999999999459e-01 2.755126999999999882e+00
6.958000000000000296e-02 2.143555000000000099e+00 8.544920000000000293e-01 2.758789000000000158e+00
6.958000000000000296e-02 2.135009999999999852e+00 8.496089999999999476e-01 2.753906000000000187e+00
6.835900000000000309e-02 2.133789000000000158e+00 8.459470000000000045e-01 2.750243999999999911e+00
6.835900000000000309e-02 2.128906000000000187e+00 8.447270000000000056e-01 2.749023000000000216e+00
6.835900000000000309e-02 2.125243999999999911e+00 8.447270000000000056e-01 2.741699000000000108e+00
6.835900000000000309e-02 2.124023000000000216e+00 8.386230000000000073e-01 2.740479000000000109e+00
6.835900000000000309e-02 2.117919999999999803e+00 8.361819999999999808e-01 2.740479000000000109e+00
6.713900000000000423e-02 2.115479000000000109e+00 8.349609999999999532e-01 2.739257999999999971e+00
6.835900000000000309e-02 2.114257999999999971e+00 8.288569999999999549e-01 2.739257999999999971e+00
6.713900000000000423e-02 2.106933999999999862e+00 8.264160000000000394e-01 2.734375000000000000e+00
6.713900000000000423e-02 2.104492000000000029e+00 8.251950000000000118e-01 2.739257999999999971e+00
6.713900000000000423e-02 2.104492000000000029e+00 8.251950000000000118e-01 2.729492000000000029e+00
6.713900000000000423e-02 2.095946999999999782e+00 8.190920000000000423e-01 2.729492000000000029e+00
6.713900000000000423e-02 2.094726999999999784e+00 8.166499999999999870e-01 2.729492000000000029e+00
6.713900000000000423e-02 2.094726999999999784e+00 8.154299999999999882e-01 2.722167999999999921e+00
6.591800000000000437e-02 2.084960999999999842e+00 8.117680000000000451e-01 2.720946999999999782e+00
6.591800000000000437e-02 2.084960999999999842e+00 8.093259999999999899e-01 2.719726999999999784e+00
6.713900000000000423e-02 2.076416000000000039e+00 8.068849999999999634e-01 2.724609000000000059e+00
6.591800000000000437e-02 2.075194999999999901e+00 8.056640000000000468e-01 2.719726999999999784e+00
6.591800000000000437e-02 2.075194999999999901e+00 8.056640000000000468e-01 2.712401999999999980e+00
6.591800000000000437e-02 2.066650000000000098e+00 8.020019999999999927e-01 2.709960999999999842e+00
6.591800000000000437e-02 2.067870999999999793e+00 8.007809999999999651e-01 2.709960999999999842e+00
6.591800000000000437e-02 2.060547000000000128e+00 8.007809999999999651e-01 2.709960999999999842e+00
6.591800000000000437e-02 2.056884999999999852e+00 8.007809999999999651e-01 2.703857000000000177e+00
6.591800000000000437e-02 2.055664000000000158e+00 8.020019999999999927e-01 2.702637000000000178e+00
6.591800000000000437e-02 2.050781000000000187e+00 8.056640000000000468e-01 2.700194999999999901e+00
6.591800000000000437e-02 2.050781000000000187e+00 8.056640000000000468e-01 2.700194999999999901e+00
6.591800000000000437e-02 2.045898000000000216e+00 8.154299999999999882e-01 2.696533000000000069e+00
6.591800000000000437e-02 2.045898000000000216e+00 8.117680000000000451e-01 2.694091999999999931e+00
6.591800000000000437e-02 2.045898000000000216e+00 8.166499999999999870e-01 2.694091999999999931e+00
6.591800000000000437e-02 2.039794999999999803e+00 8.215329999999999577e-01 2.691650000000000098e+00
6.591800000000000437e-02 2.037354000000000109e+00 8.251950000000000118e-01 2.694091999999999931e+00
6.591800000000000437e-02 2.037354000000000109e+00 8.251950000000000118e-01 2.694091999999999931e+00
6.469700000000000450e-02 2.039794999999999803e+00 8.264160000000000394e-01 2.695313000000000070e+00
6.591800000000000437e-02 2.036132999999999971e+00 8.349609999999999532e-01 2.690430000000000099e+00
6.591800000000000437e-02 2.041015999999999941e+00 8.361819999999999808e-01 2.689208999999999961e+00
6.591800000000000437e-02 2.041015999999999941e+00 8.447270000000000056e-01 2.690430000000000099e+00
6.591800000000000437e-02 2.037354000000000109e+00 8.496089999999999476e-01 2.690430000000000099e+00
6.713900000000000423e-02 2.039794999999999803e+00 8.605960000000000276e-01 2.690430000000000099e+00
6.713900000000000423e-02 2.045898000000000216e+00 8.801269999999999927e-01 2.690430000000000099e+00
6.713900000000000423e-02 2.055664000000000158e+00 9.082029999999999825e-01 2.694091999999999931e+00
6.835900000000000309e-02 2.060547000000000128e+00 9.423829999999999707e-01 2.700194999999999901e+00
6.958000000000000296e-02 2.071533000000000069e+00 9.765629999999999589e-01 2.702637000000000178e+00
6.958000000000000296e-02 2.086181999999999981e+00 1.015625000000000000e+00 2.709960999999999842e+00
7.080100000000000282e-02 2.104492000000000029e+00 1.051025000000000098e+00 2.719726999999999784e+00
7.324200000000000155e-02 2.117919999999999803e+00 1.080322000000000005e+00 2.729492000000000029e+00
7.324200000000000155e-02 2.137450999999999990e+00 1.108397999999999994e+00 2.733153999999999861e+00
7.446300000000000141e-02 2.153319999999999901e+00 1.129150000000000098e+00 2.741699000000000108e+00
7.568400000000000127e-02 2.172851999999999784e+00 1.148681999999999981e+00 2.749023000000000216e+00
7.690400000000000014e-02 2.193604000000000109e+00 1.166992000000000029e+00 2.768555000000000099e+00
7.690400000000000014e-02 2.193604000000000109e+00 1.166992000000000029e+00 2.768555000000000099e+00
7.812500000000000000e-02 2.205811000000000188e+00 1.186522999999999994e+00 2.768555000000000099e+00
7.812500000000000000e-02 2.224120999999999793e+00 1.201171999999999906e+00 2.778319999999999901e+00
8.056599999999999873e-02 2.265625000000000000e+00 1.237792999999999921e+00 2.797851999999999784e+00
8.178699999999999859e-02 2.282715000000000050e+00 1.250000000000000000e+00 2.807617000000000029e+00
8.300799999999999845e-02 2.304688000000000070e+00 1.265868999999999911e+00 2.817382999999999971e+00
8.422899999999999832e-02 2.320556999999999981e+00 1.284180000000000099e+00 2.828368999999999911e+00
8.422899999999999832e-02 2.343750000000000000e+00 1.293944999999999901e+00 2.840575999999999990e+00
8.544899999999999718e-02 2.359618999999999911e+00 1.304931999999999981e+00 2.850341999999999931e+00
8.666999999999999704e-02 2.379150000000000098e+00 1.314697000000000005e+00 2.866210999999999842e+00
8.789099999999999691e-02 2.398681999999999981e+00 1.323242000000000029e+00 2.875976999999999784e+00
8.911099999999999577e-02 2.418213000000000168e+00 1.325684000000000085e+00 2.879639000000000060e+00
8.911099999999999577e-02 2.436523000000000216e+00 1.328125000000000000e+00 2.895507999999999971e+00
9.033199999999999563e-02 2.446289000000000158e+00 1.328125000000000000e+00 2.906493999999999911e+00
9.033199999999999563e-02 2.462158000000000069e+00 1.328125000000000000e+00 2.915039000000000158e+00
9.033199999999999563e-02 2.475585999999999842e+00 1.325684000000000085e+00 2.917479999999999851e+00
9.033199999999999563e-02 2.489014000000000060e+00 1.323242000000000029e+00 2.928466999999999931e+00
9.277299999999999436e-02 2.498778999999999861e+00 1.323242000000000029e+00 2.934569999999999901e+00
9.277299999999999436e-02 2.514648000000000216e+00 1.317139000000000060e+00 2.944335999999999842e+00
9.277299999999999436e-02 2.528075999999999990e+00 1.308594000000000035e+00 2.955321999999999782e+00
9.277299999999999436e-02 2.537841999999999931e+00 1.303711000000000064e+00 2.968750000000000000e+00
9.399399999999999422e-02 2.543944999999999901e+00 1.297606999999999955e+00 2.973632999999999971e+00
9.399399999999999422e-02 2.553710999999999842e+00 1.293944999999999901e+00 2.976074000000000108e+00
9.399399999999999422e-02 2.563476999999999784e+00 1.287841999999999931e+00 2.983398000000000216e+00
9.399399999999999422e-02 2.563476999999999784e+00 1.284180000000000099e+00 2.987061000000000188e+00
9.399399999999999422e-02 2.567139000000000060e+00 1.275635000000000074e+00 2.993164000000000158e+00
9.399399999999999422e-02 2.579346000000000139e+00 1.264647999999999994e+00 3.002930000000000099e+00
9.399399999999999422e-02 2.578125000000000000e+00 1.256104000000000109e+00 3.002930000000000099e+00
9.399399999999999422e-02 2.583007999999999971e+00 1.251220999999999917e+00 3.004150000000000098e+00
