5.737300000000000039e-02 1.308594000000000035e+00 5.627440000000000220e-01 2.097167999999999921e+00
5.737300000000000039e-02 1.308594000000000035e+00 5.627440000000000220e-01 2.099609000000000059e+00
5.737300000000000039e-02 1.308594000000000035e+00 5.627440000000000220e-01 2.098389000000000060e+00
5.737300000000000039e-02 1.308594000000000035e+00 5.627440000000000220e-01 2.098389000000000060e+00
5.737300000000000039e-02 1.304931999999999981e+00 5.627440000000000220e-01 2.098389000000000060e+00
5.737300000000000039e-02 1.308594000000000035e+00 5.627440000000000220e-01 2.098389000000000060e+00
5.737300000000000039e-02 1.307372999999999896e+00 5.627440000000000220e-01 2.098389000000000060e+00
5.737300000000000039e-02 1.308594000000000035e+00 5.627440000000000220e-01 2.097167999999999921e+00
5.737300000000000039e-02 1.308594000000000035e+00 5.615229999999999944e-01 2.097167999999999921e+00
5.737300000000000039e-02 1.306151999999999980e+00 5.627440000000000220e-01 2.098389000000000060e+00
5.737300000000000039e-02 1.308594000000000035e+00 5.627440000000000220e-01 2.098389000000000060e+00
5.737300000000000039e-02 1.307372999999999896e+00 5.639650000000000496e-01 2.104492000000000029e+00
5.737300000000000039e-02 1.308594000000000035e+00 5.651859999999999662e-01 2.098389000000000060e+00
5.737300000000000039e-02 1.308594000000000035e+00 5.712890000000000468e-01 2.104492000000000029e+00
5.737300000000000039e-02 1.313477000000000006e+00 5.737299999999999622e-01 2.098389000000000060e+00
5.859400000000000025e-02 1.313477000000000006e+00 5.810549999999999882e-01 2.104492000000000029e+00
5.859400000000000025e-02 1.319579999999999975e+00 5.920410000000000394e-01 2.104492000000000029e+00
5.737300000000000039e-02 1.328125000000000000e+00 6.066890000000000338e-01 2.109375000000000000e+00
5.859400000000000025e-02 1.337890999999999941e+00 6.262210000000000276e-01 2.114257999999999971e+00
5.859400000000000025e-02 1.352538999999999936e+00 6.518549999999999622e-01 2.115479000000000109e+00
6.103499999999999898e-02 1.383056999999999981e+00 7.092289999999999983e-01 2.133789000000000158e+00
6.225599999999999884e-02 1.406250000000000000e+00 7.409670000000000423e-01 2.143555000000000099e+00
6.225599999999999884e-02 1.427002000000000104e+00 7.714839999999999476e-01 2.153319999999999901e+00
6.347700000000000564e-02 1.450194999999999901e+00 8.056640000000000468e-01 2.163085999999999842e+00
6.469700000000000450e-02 1.479492000000000029e+00 8.398440000000000349e-01 2.182617000000000029e+00
6.591800000000000437e-02 1.508788999999999936e+00 8.837890000000000468e-01 2.192382999999999971e+00
6.835900000000000309e-02 1.542969000000000035e+00 9.338379999999999459e-01 2.211914000000000158e+00
6.958000000000000296e-02 1.582030999999999965e+00 9.851069999999999549e-01 2.231444999999999901e+00
7.080100000000000282e-02 1.625977000000000006e+00 1.035155999999999965e+00 2.250976999999999784e+00
7.324200000000000155e-02 1.665038999999999936e+00 1.063231999999999955e+00 2.271729000000000109e+00
7.446300000000000141e-02 1.704102000000000006e+00 1.088867000000000029e+00 2.292479999999999851e+00
7.568400000000000127e-02 1.743163999999999936e+00 1.099854000000000109e+00 2.313232000000000177e+00
7.568400000000000127e-02 1.772461000000000064e+00 1.108397999999999994e+00 2.330321999999999782e+00
7.690400000000000014e-02 1.805420000000000025e+00 1.108397999999999994e+00 2.349854000000000109e+00
7.812500000000000000e-02 1.834716999999999931e+00 1.108397999999999994e+00 2.368164000000000158e+00
7.934599999999999986e-02 1.870117000000000029e+00 1.108397999999999994e+00 2.387694999999999901e+00
8.056599999999999873e-02 1.893310999999999966e+00 1.108397999999999994e+00 2.399901999999999980e+00
8.056599999999999873e-02 1.920166000000000039e+00 1.108397999999999994e+00 2.416992000000000029e+00
8.056599999999999873e-02 1.948242000000000029e+00 1.108397999999999994e+00 2.431640999999999941e+00
8.178699999999999859e-02 1.968993999999999911e+00 1.108397999999999994e+00 2.446289000000000158e+00
8.300799999999999845e-02 1.997069999999999901e+00 1.109618999999999911e+00 2.457275000000000098e+00
8.300799999999999845e-02 2.016601999999999784e+00 1.118163999999999936e+00 2.475585999999999842e+00
8.300799999999999845e-02 2.038574000000000108e+00 1.124268000000000045e+00 2.486571999999999782e+00
8.422899999999999832e-02 2.065430000000000099e+00 1.132813000000000070e+00 2.504882999999999971e+00
8.422899999999999832e-02 2.104492000000000029e+00 1.138916000000000039e+00 2.534180000000000099e+00
8.422899999999999832e-02 2.116699000000000108e+00 1.138916000000000039e+00 2.545166000000000039e+00
8.544899999999999718e-02 2.133789000000000158e+00 1.131591999999999931e+00 2.554931999999999981e+00
8.544899999999999718e-02 2.133789000000000158e+00 1.131591999999999931e+00 2.554931999999999981e+00
8.422899999999999832e-02 2.144775000000000098e+00 1.124268000000000045e+00 2.565917999999999921e+00
8.422899999999999832e-02 2.156982000000000177e+00 1.114502000000000104e+00 2.578125000000000000e+00
8.422899999999999832e-02 2.172851999999999784e+00 1.108397999999999994e+00 2.592773000000000216e+00
8.422899999999999832e-02 2.182617000000000029e+00 1.098632999999999971e+00 2.602539000000000158e+00
8.544899999999999718e-02 2.192382999999999971e+00 1.088867000000000029e+00 2.606200999999999990e+00
8.422899999999999832e-02 2.202148000000000216e+00 1.079102000000000006e+00 2.614745999999999793e+00
8.422899999999999832e-02 2.207031000000000187e+00 1.070556999999999981e+00 2.623291000000000039e+00
8.422899999999999832e-02 2.211914000000000158e+00 1.069336000000000064e+00 2.631835999999999842e+00
8.422899999999999832e-02 2.221680000000000099e+00 1.065674000000000010e+00 2.641601999999999784e+00
8.422899999999999832e-02 2.221680000000000099e+00 1.065674000000000010e+00 2.641601999999999784e+00
8.422899999999999832e-02 2.231444999999999901e+00 1.064453000000000094e+00 2.641601999999999784e+00
8.422899999999999832e-02 2.232666000000000039e+00 1.064453000000000094e+00 2.651367000000000029e+00
8.300799999999999845e-02 2.241210999999999842e+00 1.060791000000000039e+00 2.661132999999999971e+00
8.422899999999999832e-02 2.246093999999999813e+00 1.059569999999999901e+00 2.662354000000000109e+00
8.422899999999999832e-02 2.250976999999999784e+00 1.053466999999999931e+00 2.670898000000000216e+00
8.300799999999999845e-02 2.254639000000000060e+00 1.046143000000000045e+00 2.672118999999999911e+00
8.422899999999999832e-02 2.263183999999999862e+00 1.040038999999999936e+00 2.680664000000000158e+00
8.300799999999999845e-02 2.261963000000000168e+00 1.035155999999999965e+00 2.681884999999999852e+00
8.300799999999999845e-02 2.265625000000000000e+00 1.031493999999999911e+00 2.690430000000000099e+00
8.300799999999999845e-02 2.270507999999999971e+00 1.030272999999999994e+00 2.690430000000000099e+00
8.300799999999999845e-02 2.270507999999999971e+00 1.026610999999999940e+00 2.694091999999999931e+00
8.300799999999999845e-02 2.271729000000000109e+00 1.024170000000000025e+00 2.700194999999999901e+00
8.300799999999999845e-02 2.274169999999999803e+00 1.021729000000000109e+00 2.701416000000000039e+00
8.300799999999999845e-02 2.280273000000000216e+00 1.020507999999999971e+00 2.703857000000000177e+00
8.300799999999999845e-02 2.280273000000000216e+00 1.021729000000000109e+00 2.709960999999999842e+00
8.300799999999999845e-02 2.280273000000000216e+00 1.021729000000000109e+00 2.714843999999999813e+00
8.300799999999999845e-02 2.280273000000000216e+00 1.030272999999999994e+00 2.716063999999999812e+00
8.300799999999999845e-02 2.285156000000000187e+00 1.031493999999999911e+00 2.719726999999999784e+00
8.300799999999999845e-02 2.290039000000000158e+00 1.040038999999999936e+00 2.722167999999999921e+00
8.300799999999999845e-02 2.292479999999999851e+00 1.049805000000000099e+00 2.727050999999999892e+00
8.300799999999999845e-02 2.299805000000000099e+00 1.060791000000000039e+00 2.734375000000000000e+00
8.300799999999999845e-02 2.303466999999999931e+00 1.079102000000000006e+00 2.739257999999999971e+00
8.300799999999999845e-02 2.310791000000000039e+00 1.092529000000000083e+00 2.744140999999999941e+00
8.300799999999999845e-02 2.319335999999999842e+00 1.108397999999999994e+00 2.749023000000000216e+00
8.422899999999999832e-02 2.329101999999999784e+00 1.118163999999999936e+00 2.753906000000000187e+00
8.422899999999999832e-02 2.332764000000000060e+00 1.127930000000000099e+00 2.758789000000000158e+00
8.422899999999999832e-02 2.338867000000000029e+00 1.137694999999999901e+00 2.768555000000000099e+00
8.422899999999999832e-02 2.348632999999999971e+00 1.138916000000000039e+00 2.772216999999999931e+00
8.422899999999999832e-02 2.358398000000000216e+00 1.143799000000000010e+00 2.778319999999999901e+00
8.544899999999999718e-02 2.362061000000000188e+00 1.142578000000000094e+00 2.781982000000000177e+00
8.544899999999999718e-02 2.368164000000000158e+00 1.143799000000000010e+00 2.788085999999999842e+00
8.544899999999999718e-02 2.370604999999999851e+00 1.147461000000000064e+00 2.797851999999999784e+00
8.544899999999999718e-02 2.379150000000000098e+00 1.151122999999999896e+00 2.797851999999999784e+00
8.666999999999999704e-02 2.387694999999999901e+00 1.158447000000000005e+00 2.807617000000000029e+00
8.666999999999999704e-02 2.397460999999999842e+00 1.166992000000000029e+00 2.811278999999999861e+00
8.789099999999999691e-02 2.398681999999999981e+00 1.173095999999999917e+00 2.817382999999999971e+00
8.789099999999999691e-02 2.398681999999999981e+00 1.173095999999999917e+00 2.817382999999999971e+00
8.666999999999999704e-02 2.407226999999999784e+00 1.176757999999999971e+00 2.827148000000000216e+00
8.789099999999999691e-02 2.416992000000000029e+00 1.186522999999999994e+00 2.828368999999999911e+00
8.789099999999999691e-02 2.421875000000000000e+00 1.186522999999999994e+00 2.836914000000000158e+00
8.789099999999999691e-02 2.426757999999999971e+00 1.187743999999999911e+00 2.836914000000000158e+00
8.789099999999999691e-02 2.436523000000000216e+00 1.190185999999999966e+00 2.846680000000000099e+00
8.789099999999999691e-02 2.441406000000000187e+00 1.196288999999999936e+00 2.849120999999999793e+00
8.911099999999999577e-02 2.446289000000000158e+00 1.197510000000000074e+00 2.850341999999999931e+00
8.789099999999999691e-02 2.456055000000000099e+00 1.202393000000000045e+00 2.857666000000000039e+00
8.911099999999999577e-02 2.457275000000000098e+00 1.207275000000000098e+00 2.866210999999999842e+00
8.911099999999999577e-02 2.465819999999999901e+00 1.210938000000000070e+00 2.871093999999999813e+00
9.033199999999999563e-02 2.475585999999999842e+00 1.217041000000000039e+00 2.878417999999999921e+00
8.911099999999999577e-02 2.485351999999999784e+00 1.225586000000000064e+00 2.885742000000000029e+00
9.033199999999999563e-02 2.487792999999999921e+00 1.225586000000000064e+00 2.895507999999999971e+00
8.911099999999999577e-02 2.495117000000000029e+00 1.225586000000000064e+00 2.896729000000000109e+00
9.033199999999999563e-02 2.497558999999999862e+00 1.220703000000000094e+00 2.905273000000000216e+00
9.033199999999999563e-02 2.504882999999999971e+00 1.217041000000000039e+00 2.905273000000000216e+00
9.155299999999999550e-02 2.508544999999999803e+00 1.217041000000000039e+00 2.910156000000000187e+00
9.033199999999999563e-02 2.508544999999999803e+00 1.218261999999999956e+00 2.915039000000000158e+00
9.155299999999999550e-02 2.514648000000000216e+00 1.219481999999999955e+00 2.916259999999999852e+00
9.277299999999999436e-02 2.524414000000000158e+00 1.225586000000000064e+00 2.926025000000000098e+00
9.155299999999999550e-02 2.526854999999999851e+00 1.226806999999999981e+00 2.927245999999999793e+00
9.155299999999999550e-02 2.534180000000000099e+00 1.226806999999999981e+00 2.934569999999999901e+00
9.155299999999999550e-02 2.534180000000000099e+00 1.230469000000000035e+00 2.934569999999999901e+00
9.277299999999999436e-02 2.537841999999999931e+00 1.235352000000000006e+00 2.944335999999999842e+00
9.277299999999999436e-02 2.543944999999999901e+00 1.235352000000000006e+00 2.944335999999999842e+00
9.277299999999999436e-02 2.545166000000000039e+00 1.241454999999999975e+00 2.954101999999999784e+00
9.277299999999999436e-02 2.553710999999999842e+00 1.250000000000000000e+00 2.954101999999999784e+00
9.277299999999999436e-02 2.554931999999999981e+00 1.259765999999999941e+00 2.957764000000000060e+00
9.399399999999999422e-02 2.563476999999999784e+00 1.265868999999999911e+00 2.963867000000000029e+00
9.399399999999999422e-02 2.568359000000000059e+00 1.274413999999999936e+00 2.973632999999999971e+00
9.399399999999999422e-02 2.573242000000000029e+00 1.278075999999999990e+00 2.973632999999999971e+00
9.399399999999999422e-02 2.583007999999999971e+00 1.280518000000000045e+00 2.974854000000000109e+00
9.399399999999999422e-02 2.583007999999999971e+00 1.279296999999999906e+00 2.978515999999999941e+00
9.399399999999999422e-02 2.583007999999999971e+00 1.279296999999999906e+00 2.983398000000000216e+00
9.521499999999999408e-02 2.592773000000000216e+00 1.270752000000000104e+00 2.993164000000000158e+00
9.399399999999999422e-02 2.592773000000000216e+00 1.265868999999999911e+00 2.994384999999999852e+00
9.399399999999999422e-02 2.596436000000000188e+00 1.264647999999999994e+00 3.002930000000000099e+00
9.521499999999999408e-02 2.602539000000000158e+00 1.256104000000000109e+00 2.996825999999999990e+00
9.399399999999999422e-02 2.602539000000000158e+00 1.254882999999999971e+00 3.002930000000000099e+00
9.521499999999999408e-02 2.602539000000000158e+00 1.254882999999999971e+00 3.006591999999999931e+00
9.399399999999999422e-02 2.602539000000000158e+00 1.254882999999999971e+00 3.012694999999999901e+00
9.399399999999999422e-02 2.607422000000000128e+00 1.254882999999999971e+00 3.012694999999999901e+00
9.399399999999999422e-02 2.606200999999999990e+00 1.254882999999999971e+00 3.012694999999999901e+00
9.399399999999999422e-02 2.612305000000000099e+00 1.254882999999999971e+00 3.013916000000000039e+00
9.521499999999999408e-02 2.612305000000000099e+00 1.254882999999999971e+00 3.022460999999999842e+00
9.521499999999999408e-02 2.612305000000000099e+00 1.254882999999999971e+00 3.022460999999999842e+00
9.399399999999999422e-02 2.612305000000000099e+00 1.254882999999999971e+00 3.022460999999999842e+00
9.521499999999999408e-02 2.614745999999999793e+00 1.257324000000000108e+00 3.023681999999999981e+00
9.399399999999999422e-02 2.617188000000000070e+00 1.260985999999999940e+00 3.032226999999999784e+00
9.521499999999999408e-02 2.617188000000000070e+00 1.269530999999999965e+00 3.032226999999999784e+00
9.521499999999999408e-02 2.622069999999999901e+00 1.275635000000000074e+00 3.032226999999999784e+00
9.643599999999999395e-02 2.622069999999999901e+00 1.285400000000000098e+00 3.037109000000000059e+00
9.643599999999999395e-02 2.626952999999999872e+00 1.293944999999999901e+00 3.041992000000000029e+00
9.643599999999999395e-02 2.626952999999999872e+00 1.293944999999999901e+00 3.041992000000000029e+00
9.643599999999999395e-02 2.631835999999999842e+00 1.295166000000000039e+00 3.041992000000000029e+00
9.643599999999999395e-02 2.633056999999999981e+00 1.298828000000000094e+00 3.051757999999999971e+00
9.765600000000000669e-02 2.641601999999999784e+00 1.303711000000000064e+00 3.051757999999999971e+00
9.643599999999999395e-02 2.641601999999999784e+00 1.307372999999999896e+00 3.051757999999999971e+00
9.765600000000000669e-02 2.644042999999999921e+00 1.313477000000000006e+00 3.054199000000000108e+00
9.765600000000000669e-02 2.651367000000000029e+00 1.324462999999999946e+00 3.061523000000000216e+00
9.765600000000000669e-02 2.656250000000000000e+00 1.334229000000000109e+00 3.062743999999999911e+00
9.887700000000000655e-02 2.664794999999999803e+00 1.345215000000000050e+00 3.065186000000000188e+00
9.765600000000000669e-02 2.666015999999999941e+00 1.357421999999999906e+00 3.072509999999999852e+00
9.887700000000000655e-02 2.670898000000000216e+00 1.362305000000000099e+00 3.084716999999999931e+00
9.887700000000000655e-02 2.680664000000000158e+00 1.365966999999999931e+00 3.081055000000000099e+00
9.887700000000000655e-02 2.680664000000000158e+00 1.365966999999999931e+00 3.082275000000000098e+00
1.000980000000000064e-01 2.683104999999999851e+00 1.365966999999999931e+00 3.090819999999999901e+00
1.000980000000000064e-01 2.690430000000000099e+00 1.362305000000000099e+00 3.092041000000000039e+00
1.000980000000000064e-01 2.694091999999999931e+00 1.356200999999999990e+00 3.100585999999999842e+00
1.000980000000000064e-01 2.694091999999999931e+00 1.352538999999999936e+00 3.100585999999999842e+00
1.000980000000000064e-01 2.694091999999999931e+00 1.343993999999999911e+00 3.100585999999999842e+00
1.000980000000000064e-01 2.700194999999999901e+00 1.339110999999999940e+00 3.105468999999999813e+00
1.000980000000000064e-01 2.705077999999999872e+00 1.333007999999999971e+00 3.111571999999999782e+00
1.000980000000000064e-01 2.705077999999999872e+00 1.333007999999999971e+00 3.111571999999999782e+00
1.000980000000000064e-01 2.700194999999999901e+00 1.328125000000000000e+00 3.110351999999999784e+00
1.000980000000000064e-01 2.700194999999999901e+00 1.324462999999999946e+00 3.110351999999999784e+00
1.000980000000000064e-01 2.701416000000000039e+00 1.323242000000000029e+00 3.110351999999999784e+00
1.000980000000000064e-01 2.702637000000000178e+00 1.315917999999999921e+00 3.110351999999999784e+00
9.887700000000000655e-02 2.700194999999999901e+00 1.313477000000000006e+00 3.111571999999999782e+00
1.000980000000000064e-01 2.694091999999999931e+00 1.308594000000000035e+00 3.111571999999999782e+00
1.000980000000000064e-01 2.700194999999999901e+00 1.303711000000000064e+00 3.120117000000000029e+00
1.000980000000000064e-01 2.700194999999999901e+00 1.298828000000000094e+00 3.110351999999999784e+00
1.000980000000000064e-01 2.696533000000000069e+00 1.295166000000000039e+00 3.120117000000000029e+00
9.887700000000000655e-02 2.700194999999999901e+00 1.287841999999999931e+00 3.125000000000000000e+00
9.887700000000000655e-02 2.691650000000000098e+00 1.284180000000000099e+00 3.114014000000000060e+00
9.887700000000000655e-02 2.692870999999999793e+00 1.278075999999999990e+00 3.120117000000000029e+00
9.765600000000000669e-02 2.690430000000000099e+00 1.275635000000000074e+00 3.114014000000000060e+00
9.765600000000000669e-02 2.690430000000000099e+00 1.276855000000000073e+00 3.120117000000000029e+00
9.887700000000000655e-02 2.690430000000000099e+00 1.279296999999999906e+00 3.114014000000000060e+00
9.887700000000000655e-02 2.691650000000000098e+00 1.284180000000000099e+00 3.120117000000000029e+00
9.765600000000000669e-02 2.684325999999999990e+00 1.284180000000000099e+00 3.120117000000000029e+00
9.765600000000000669e-02 2.690430000000000099e+00 1.285400000000000098e+00 3.122558999999999862e+00
9.765600000000000669e-02 2.684325999999999990e+00 1.286621000000000015e+00 3.120117000000000029e+00
9.765600000000000669e-02 2.684325999999999990e+00 1.289063000000000070e+00 3.120117000000000029e+00
9.765600000000000669e-02 2.690430000000000099e+00 1.293944999999999901e+00 3.120117000000000029e+00
9.765600000000000669e-02 2.684325999999999990e+00 1.298828000000000094e+00 3.125000000000000000e+00
9.765600000000000669e-02 2.684325999999999990e+00 1.298828000000000094e+00 3.125000000000000000e+00
9.765600000000000669e-02 2.684325999999999990e+00 1.304931999999999981e+00 3.120117000000000029e+00
9.765600000000000669e-02 2.690430000000000099e+00 1.313477000000000006e+00 3.121338000000000168e+00
9.765600000000000669e-02 2.691650000000000098e+00 1.318359000000000059e+00 3.123778999999999861e+00
9.887700000000000655e-02 2.690430000000000099e+00 1.328125000000000000e+00 3.129882999999999971e+00
9.887700000000000655e-02 2.695313000000000070e+00 1.328125000000000000e+00 3.125000000000000000e+00
9.887700000000000655e-02 2.690430000000000099e+00 1.333007999999999971e+00 3.131104000000000109e+00
9.887700000000000655e-02 2.694091999999999931e+00 1.329345999999999917e+00 3.129882999999999971e+00
9.887700000000000655e-02 2.692870999999999793e+00 1.328125000000000000e+00 3.129882999999999971e+00
9.887700000000000655e-02 2.694091999999999931e+00 1.328125000000000000e+00 3.126221000000000139e+00
9.887700000000000655e-02 2.700194999999999901e+00 1.323242000000000029e+00 3.129882999999999971e+00
9.887700000000000655e-02 2.694091999999999931e+00 1.319579999999999975e+00 3.129882999999999971e+00
9.887700000000000655e-02 2.694091999999999931e+00 1.323242000000000029e+00 3.129882999999999971e+00
9.887700000000000655e-02 2.700194999999999901e+00 1.323242000000000029e+00 3.131104000000000109e+00
9.887700000000000655e-02 2.700194999999999901e+00 1.328125000000000000e+00 3.132324000000000108e+00
9.887700000000000655e-02 2.700194999999999901e+00 1.334229000000000109e+00 3.139648000000000216e+00
9.887700000000000655e-02 2.700194999999999901e+00 1.342772999999999994e+00 3.139648000000000216e+00
1.000980000000000064e-01 2.701416000000000039e+00 1.346435999999999966e+00 3.139648000000000216e+00
9.887700000000000655e-02 2.709960999999999842e+00 1.352538999999999936e+00 3.139648000000000216e+00
1.000980000000000064e-01 2.709960999999999842e+00 1.357421999999999906e+00 3.140868999999999911e+00
1.000980000000000064e-01 2.709960999999999842e+00 1.362305000000000099e+00 3.149414000000000158e+00
1.000980000000000064e-01 2.709960999999999842e+00 1.362305000000000099e+00 3.149414000000000158e+00
1.000980000000000064e-01 2.714843999999999813e+00 1.363525000000000098e+00 3.149414000000000158e+00
1.013180000000000053e-01 2.719726999999999784e+00 1.363525000000000098e+00 3.149414000000000158e+00
1.000980000000000064e-01 2.719726999999999784e+00 1.363525000000000098e+00 3.150634999999999852e+00
1.013180000000000053e-01 2.719726999999999784e+00 1.363525000000000098e+00 3.150634999999999852e+00
1.013180000000000053e-01 2.720946999999999782e+00 1.372069999999999901e+00 3.159180000000000099e+00
1.013180000000000053e-01 2.723389000000000060e+00 1.372069999999999901e+00 3.159180000000000099e+00
1.013180000000000053e-01 2.723389000000000060e+00 1.374511999999999956e+00 3.159180000000000099e+00
1.013180000000000053e-01 2.729492000000000029e+00 1.376953000000000094e+00 3.159180000000000099e+00
1.025390000000000051e-01 2.729492000000000029e+00 1.381836000000000064e+00 3.159180000000000099e+00
1.013180000000000053e-01 2.729492000000000029e+00 1.375731999999999955e+00 3.160400000000000098e+00
1.025390000000000051e-01 2.731933999999999862e+00 1.372069999999999901e+00 3.160400000000000098e+00
1.025390000000000051e-01 2.730713000000000168e+00 1.363525000000000098e+00 3.162841999999999931e+00
1.025390000000000051e-01 2.734375000000000000e+00 1.362305000000000099e+00 3.162841999999999931e+00
1.025390000000000051e-01 2.734375000000000000e+00 1.362305000000000099e+00 3.162841999999999931e+00
1.025390000000000051e-01 2.730713000000000168e+00 1.356200999999999990e+00 3.168944999999999901e+00
1.025390000000000051e-01 2.734375000000000000e+00 1.353760000000000074e+00 3.171387000000000178e+00
1.013180000000000053e-01 2.730713000000000168e+00 1.354980000000000073e+00 3.168944999999999901e+00
1.025390000000000051e-01 2.734375000000000000e+00 1.353760000000000074e+00 3.168944999999999901e+00
1.025390000000000051e-01 2.729492000000000029e+00 1.354980000000000073e+00 3.168944999999999901e+00
1.025390000000000051e-01 2.730713000000000168e+00 1.356200999999999990e+00 3.168944999999999901e+00
1.013180000000000053e-01 2.730713000000000168e+00 1.352538999999999936e+00 3.168944999999999901e+00
1.013180000000000053e-01 2.734375000000000000e+00 1.352538999999999936e+00 3.168944999999999901e+00
1.013180000000000053e-01 2.734375000000000000e+00 1.352538999999999936e+00 3.168944999999999901e+00
1.013180000000000053e-01 2.734375000000000000e+00 1.352538999999999936e+00 3.168944999999999901e+00
1.013180000000000053e-01 2.734375000000000000e+00 1.352538999999999936e+00 3.168944999999999901e+00
1.013180000000000053e-01 2.729492000000000029e+00 1.352538999999999936e+00 3.168944999999999901e+00
1.000980000000000064e-01 2.729492000000000029e+00 1.348877000000000104e+00 3.168944999999999901e+00
1.013180000000000053e-01 2.729492000000000029e+00 1.352538999999999936e+00 3.168944999999999901e+00
1.000980000000000064e-01 2.730713000000000168e+00 1.352538999999999936e+00 3.168944999999999901e+00
1.013180000000000053e-01 2.729492000000000029e+00 1.352538999999999936e+00 3.168944999999999901e+00
1.013180000000000053e-01 2.729492000000000029e+00 1.356200999999999990e+00 3.168944999999999901e+00
1.013180000000000053e-01 2.734375000000000000e+00 1.362305000000000099e+00 3.168944999999999901e+00
1.000980000000000064e-01 2.729492000000000029e+00 1.362305000000000099e+00 3.168944999999999901e+00
1.013180000000000053e-01 2.730713000000000168e+00 1.363525000000000098e+00 3.168944999999999901e+00
1.013180000000000053e-01 2.734375000000000000e+00 1.362305000000000099e+00 3.171387000000000178e+00
1.000980000000000064e-01 2.734375000000000000e+00 1.362305000000000099e+00 3.168944999999999901e+00
1.013180000000000053e-01 2.730713000000000168e+00 1.362305000000000099e+00 3.172607000000000177e+00
1.013180000000000053e-01 2.733153999999999861e+00 1.362305000000000099e+00 3.172607000000000177e+00
1.013180000000000053e-01 2.730713000000000168e+00 1.362305000000000099e+00 3.170166000000000039e+00
1.013180000000000053e-01 2.734375000000000000e+00 1.362305000000000099e+00 3.170166000000000039e+00
1.013180000000000053e-01 2.734375000000000000e+00 1.362305000000000099e+00 3.170166000000000039e+00
1.000980000000000064e-01 2.734375000000000000e+00 1.358643000000000045e+00 3.171387000000000178e+00
1.013180000000000053e-01 2.734375000000000000e+00 1.356200999999999990e+00 3.170166000000000039e+00
1.000980000000000064e-01 2.734375000000000000e+00 1.352538999999999936e+00 3.173827999999999872e+00
1.000980000000000064e-01 2.730713000000000168e+00 1.348877000000000104e+00 3.170166000000000039e+00
1.000980000000000064e-01 2.729492000000000029e+00 1.342772999999999994e+00 3.170166000000000039e+00
1.000980000000000064e-01 2.728270999999999891e+00 1.337890999999999941e+00 3.171387000000000178e+00
1.000980000000000064e-01 2.734375000000000000e+00 1.333007999999999971e+00 3.168944999999999901e+00
1.000980000000000064e-01 2.729492000000000029e+00 1.326904000000000083e+00 3.168944999999999901e+00
9.887700000000000655e-02 2.720946999999999782e+00 1.318359000000000059e+00 3.168944999999999901e+00
9.887700000000000655e-02 2.722167999999999921e+00 1.313477000000000006e+00 3.168944999999999901e+00
9.887700000000000655e-02 2.719726999999999784e+00 1.304931999999999981e+00 3.168944999999999901e+00
9.887700000000000655e-02 2.716063999999999812e+00 1.296386999999999956e+00 3.162841999999999931e+00
9.765600000000000669e-02 2.709960999999999842e+00 1.278075999999999990e+00 3.160400000000000098e+00
9.765600000000000669e-02 2.703857000000000177e+00 1.267090000000000050e+00 3.159180000000000099e+00
9.765600000000000669e-02 2.700194999999999901e+00 1.258545000000000025e+00 3.159180000000000099e+00
9.643599999999999395e-02 2.691650000000000098e+00 1.250000000000000000e+00 3.159180000000000099e+00
9.643599999999999395e-02 2.686767999999999823e+00 1.239014000000000060e+00 3.153075999999999990e+00
9.643599999999999395e-02 2.683104999999999851e+00 1.230469000000000035e+00 3.149414000000000158e+00
9.521499999999999408e-02 2.680664000000000158e+00 1.225586000000000064e+00 3.149414000000000158e+00
9.399399999999999422e-02 2.672118999999999911e+00 1.218261999999999956e+00 3.143311000000000188e+00
9.399399999999999422e-02 2.670898000000000216e+00 1.217041000000000039e+00 3.139648000000000216e+00
9.399399999999999422e-02 2.662354000000000109e+00 1.217041000000000039e+00 3.143311000000000188e+00
9.399399999999999422e-02 2.661132999999999971e+00 1.220703000000000094e+00 3.144531000000000187e+00
9.399399999999999422e-02 2.661132999999999971e+00 1.225586000000000064e+00 3.132324000000000108e+00
9.277299999999999436e-02 2.656250000000000000e+00 1.229247999999999896e+00 3.129882999999999971e+00
9.399399999999999422e-02 2.651367000000000029e+00 1.236572000000000005e+00 3.134765999999999941e+00
9.399399999999999422e-02 2.651367000000000029e+00 1.236572000000000005e+00 3.134765999999999941e+00
9.399399999999999422e-02 2.651367000000000029e+00 1.245117000000000029e+00 3.129882999999999971e+00
9.399399999999999422e-02 2.651367000000000029e+00 1.250000000000000000e+00 3.129882999999999971e+00
9.399399999999999422e-02 2.653808999999999862e+00 1.256104000000000109e+00 3.129882999999999971e+00
9.399399999999999422e-02 2.653808999999999862e+00 1.264647999999999994e+00 3.131104000000000109e+00
9.399399999999999422e-02 2.651367000000000029e+00 1.274413999999999936e+00 3.129882999999999971e+00
9.399399999999999422e-02 2.651367000000000029e+00 1.279296999999999906e+00 3.129882999999999971e+00
9.399399999999999422e-02 2.652588000000000168e+00 1.285400000000000098e+00 3.129882999999999971e+00
9.399399999999999422e-02 2.651367000000000029e+00 1.293944999999999901e+00 3.125000000000000000e+00
9.399399999999999422e-02 2.657471000000000139e+00 1.293944999999999901e+00 3.129882999999999971e+00
9.399399999999999422e-02 2.651367000000000029e+00 1.293944999999999901e+00 3.129882999999999971e+00
9.399399999999999422e-02 2.656250000000000000e+00 1.293944999999999901e+00 3.125000000000000000e+00
9.521499999999999408e-02 2.656250000000000000e+00 1.295166000000000039e+00 3.121338000000000168e+00
9.399399999999999422e-02 2.656250000000000000e+00 1.293944999999999901e+00 3.125000000000000000e+00
9.399399999999999422e-02 2.656250000000000000e+00 1.293944999999999901e+00 3.120117000000000029e+00
9.399399999999999422e-02 2.656250000000000000e+00 1.297606999999999955e+00 3.120117000000000029e+00
9.399399999999999422e-02 2.652588000000000168e+00 1.307372999999999896e+00 3.129882999999999971e+00
9.399399999999999422e-02 2.661132999999999971e+00 1.324462999999999946e+00 3.121338000000000168e+00
9.521499999999999408e-02 2.661132999999999971e+00 1.342772999999999994e+00 3.129882999999999971e+00
9.643599999999999395e-02 2.664794999999999803e+00 1.354980000000000073e+00 3.129882999999999971e+00
9.643599999999999395e-02 2.670898000000000216e+00 1.363525000000000098e+00 3.129882999999999971e+00
9.643599999999999395e-02 2.675781000000000187e+00 1.372069999999999901e+00 3.131104000000000109e+00
9.765600000000000669e-02 2.680664000000000158e+00 1.372069999999999901e+00 3.129882999999999971e+00
9.643599999999999395e-02 2.680664000000000158e+00 1.364746000000000015e+00 3.131104000000000109e+00
9.765600000000000669e-02 2.681884999999999852e+00 1.362305000000000099e+00 3.133544999999999803e+00
9.643599999999999395e-02 2.690430000000000099e+00 1.353760000000000074e+00 3.132324000000000108e+00
9.765600000000000669e-02 2.684325999999999990e+00 1.342772999999999994e+00 3.139648000000000216e+00
9.643599999999999395e-02 2.690430000000000099e+00 1.334229000000000109e+00 3.132324000000000108e+00
9.765600000000000669e-02 2.684325999999999990e+00 1.324462999999999946e+00 3.132324000000000108e+00
9.765600000000000669e-02 2.683104999999999851e+00 1.314697000000000005e+00 3.133544999999999803e+00
9.643599999999999395e-02 2.680664000000000158e+00 1.303711000000000064e+00 3.139648000000000216e+00
9.765600000000000669e-02 2.680664000000000158e+00 1.295166000000000039e+00 3.133544999999999803e+00
9.643599999999999395e-02 2.680664000000000158e+00 1.287841999999999931e+00 3.133544999999999803e+00
9.643599999999999395e-02 2.680664000000000158e+00 1.284180000000000099e+00 3.131104000000000109e+00
9.643599999999999395e-02 2.675781000000000187e+00 1.274413999999999936e+00 3.129882999999999971e+00
9.521499999999999408e-02 2.670898000000000216e+00 1.264647999999999994e+00 3.129882999999999971e+00
9.521499999999999408e-02 2.662354000000000109e+00 1.251220999999999917e+00 3.129882999999999971e+00
9.399399999999999422e-02 2.661132999999999971e+00 1.245117000000000029e+00 3.125000000000000000e+00
9.399399999999999422e-02 2.661132999999999971e+00 1.240234000000000059e+00 3.121338000000000168e+00
9.399399999999999422e-02 2.656250000000000000e+00 1.235352000000000006e+00 3.125000000000000000e+00
9.399399999999999422e-02 2.651367000000000029e+00 1.235352000000000006e+00 3.120117000000000029e+00
9.277299999999999436e-02 2.645264000000000060e+00 1.235352000000000006e+00 3.120117000000000029e+00
9.399399999999999422e-02 2.644042999999999921e+00 1.235352000000000006e+00 3.115234000000000059e+00
9.399399999999999422e-02 2.642821999999999782e+00 1.239014000000000060e+00 3.112792999999999921e+00
9.277299999999999436e-02 2.641601999999999784e+00 1.254882999999999971e+00 3.120117000000000029e+00
9.399399999999999422e-02 2.642821999999999782e+00 1.268310999999999966e+00 3.114014000000000060e+00
9.399399999999999422e-02 2.645264000000000060e+00 1.293944999999999901e+00 3.112792999999999921e+00
9.399399999999999422e-02 2.651367000000000029e+00 1.323242000000000029e+00 3.120117000000000029e+00
9.643599999999999395e-02 2.661132999999999971e+00 1.357421999999999906e+00 3.120117000000000029e+00
9.643599999999999395e-02 2.673340000000000050e+00 1.402587999999999946e+00 3.125000000000000000e+00
9.765600000000000669e-02 2.681884999999999852e+00 1.453856999999999955e+00 3.129882999999999971e+00
1.000980000000000064e-01 2.700194999999999901e+00 1.508788999999999936e+00 3.139648000000000216e+00
1.013180000000000053e-01 2.719726999999999784e+00 1.558837999999999946e+00 3.149414000000000158e+00
1.037600000000000050e-01 2.739257999999999971e+00 1.606444999999999901e+00 3.159180000000000099e+00
1.049800000000000039e-01 2.760009999999999852e+00 1.645507999999999971e+00 3.168944999999999901e+00
1.049800000000000039e-01 2.760009999999999852e+00 1.645507999999999971e+00 3.168944999999999901e+00
1.049800000000000039e-01 2.760009999999999852e+00 1.645507999999999971e+00 3.168944999999999901e+00
1.074220000000000036e-01 2.788085999999999842e+00 1.677246000000000015e+00 3.178710999999999842e+00
1.086430000000000035e-01 2.807617000000000029e+00 1.699219000000000035e+00 3.188476999999999784e+00
1.110840000000000022e-01 2.827148000000000216e+00 1.713867000000000029e+00 3.203125000000000000e+00
1.123050000000000020e-01 2.839354999999999851e+00 1.718750000000000000e+00 3.211669999999999803e+00
1.135250000000000009e-01 2.856444999999999901e+00 1.715087999999999946e+00 3.222656000000000187e+00
1.159670000000000006e-01 2.878417999999999921e+00 1.694336000000000064e+00 3.237305000000000099e+00
1.159670000000000006e-01 2.895507999999999971e+00 1.684569999999999901e+00 3.247069999999999901e+00
1.159670000000000006e-01 2.895507999999999971e+00 1.665038999999999936e+00 3.248291000000000039e+00
1.159670000000000006e-01 2.899169999999999803e+00 1.650390999999999941e+00 3.256835999999999842e+00
1.171880000000000005e-01 2.910156000000000187e+00 1.635742000000000029e+00 3.261718999999999813e+00
1.171880000000000005e-01 2.910156000000000187e+00 1.625977000000000006e+00 3.266601999999999784e+00
1.171880000000000005e-01 2.915039000000000158e+00 1.606444999999999901e+00 3.266601999999999784e+00
1.171880000000000005e-01 2.915039000000000158e+00 1.591796999999999906e+00 3.269042999999999921e+00
1.159670000000000006e-01 2.916259999999999852e+00 1.577147999999999994e+00 3.269042999999999921e+00
1.159670000000000006e-01 2.915039000000000158e+00 1.572265999999999941e+00 3.276367000000000029e+00
1.159670000000000006e-01 2.915039000000000158e+00 1.560059000000000085e+00 3.276367000000000029e+00
1.159670000000000006e-01 2.915039000000000158e+00 1.557617000000000029e+00 3.276367000000000029e+00
1.159670000000000006e-01 2.915039000000000158e+00 1.551514000000000060e+00 3.281250000000000000e+00
1.159670000000000006e-01 2.915039000000000158e+00 1.551514000000000060e+00 3.281250000000000000e+00
1.159670000000000006e-01 2.915039000000000158e+00 1.557617000000000029e+00 3.286132999999999971e+00
1.159670000000000006e-01 2.915039000000000158e+00 1.558837999999999946e+00 3.286132999999999971e+00
1.159670000000000006e-01 2.915039000000000158e+00 1.567382999999999971e+00 3.286132999999999971e+00
1.159670000000000006e-01 2.915039000000000158e+00 1.571045000000000025e+00 3.291015999999999941e+00
1.159670000000000006e-01 2.917479999999999851e+00 1.579590000000000050e+00 3.288574000000000108e+00
1.171880000000000005e-01 2.924805000000000099e+00 1.588135000000000074e+00 3.289794999999999803e+00
1.171880000000000005e-01 2.924805000000000099e+00 1.596680000000000099e+00 3.295898000000000216e+00
1.171880000000000005e-01 2.927245999999999793e+00 1.606444999999999901e+00 3.298340000000000050e+00
1.184079999999999994e-01 2.934569999999999901e+00 1.616211000000000064e+00 3.297118999999999911e+00
1.171880000000000005e-01 2.934569999999999901e+00 1.625977000000000006e+00 3.305664000000000158e+00
1.184079999999999994e-01 2.937012000000000178e+00 1.629639000000000060e+00 3.305664000000000158e+00
1.184079999999999994e-01 2.938232000000000177e+00 1.635742000000000029e+00 3.308104999999999851e+00
1.184079999999999994e-01 2.945556999999999981e+00 1.627197000000000005e+00 3.315430000000000099e+00
1.184079999999999994e-01 2.944335999999999842e+00 1.625977000000000006e+00 3.315430000000000099e+00
1.196289999999999992e-01 2.946776999999999980e+00 1.618651999999999980e+00 3.315430000000000099e+00
1.196289999999999992e-01 2.945556999999999981e+00 1.608886999999999956e+00 3.315430000000000099e+00
1.196289999999999992e-01 2.944335999999999842e+00 1.597900000000000098e+00 3.316650000000000098e+00
1.184079999999999994e-01 2.944335999999999842e+00 1.588135000000000074e+00 3.316650000000000098e+00
1.184079999999999994e-01 2.944335999999999842e+00 1.571045000000000025e+00 3.319091999999999931e+00
1.184079999999999994e-01 2.938232000000000177e+00 1.562500000000000000e+00 3.317870999999999793e+00
1.184079999999999994e-01 2.935791000000000039e+00 1.544189000000000034e+00 3.315430000000000099e+00
1.171880000000000005e-01 2.934569999999999901e+00 1.529541000000000039e+00 3.315430000000000099e+00
1.171880000000000005e-01 2.927245999999999793e+00 1.512450999999999990e+00 3.315430000000000099e+00
1.159670000000000006e-01 2.926025000000000098e+00 1.500243999999999911e+00 3.315430000000000099e+00
1.159670000000000006e-01 2.924805000000000099e+00 1.489257999999999971e+00 3.315430000000000099e+00
1.159670000000000006e-01 2.916259999999999852e+00 1.472167999999999921e+00 3.308104999999999851e+00
1.147460000000000008e-01 2.915039000000000158e+00 1.459961000000000064e+00 3.306884999999999852e+00
1.147460000000000008e-01 2.905273000000000216e+00 1.450194999999999901e+00 3.308104999999999851e+00
1.147460000000000008e-01 2.899169999999999803e+00 1.441650000000000098e+00 3.305664000000000158e+00
1.135250000000000009e-01 2.896729000000000109e+00 1.440430000000000099e+00 3.305664000000000158e+00
1.135250000000000009e-01 2.889403999999999861e+00 1.441650000000000098e+00 3.305664000000000158e+00
1.135250000000000009e-01 2.889403999999999861e+00 1.451416000000000039e+00 3.297118999999999911e+00
1.135250000000000009e-01 2.886963000000000168e+00 1.463622999999999896e+00 3.305664000000000158e+00
1.123050000000000020e-01 2.885742000000000029e+00 1.474609000000000059e+00 3.295898000000000216e+00
1.135250000000000009e-01 2.885742000000000029e+00 1.489257999999999971e+00 3.295898000000000216e+00
1.135250000000000009e-01 2.885742000000000029e+00 1.499022999999999994e+00 3.295898000000000216e+00
1.135250000000000009e-01 2.886963000000000168e+00 1.513671999999999906e+00 3.295898000000000216e+00
1.135250000000000009e-01 2.886963000000000168e+00 1.528319999999999901e+00 3.298340000000000050e+00
1.135250000000000009e-01 2.890625000000000000e+00 1.538086000000000064e+00 3.295898000000000216e+00
1.135250000000000009e-01 2.895507999999999971e+00 1.547852000000000006e+00 3.295898000000000216e+00
1.147460000000000008e-01 2.895507999999999971e+00 1.557617000000000029e+00 3.295898000000000216e+00
1.147460000000000008e-01 2.895507999999999971e+00 1.567382999999999971e+00 3.297118999999999911e+00
1.147460000000000008e-01 2.897949000000000108e+00 1.578368999999999911e+00 3.305664000000000158e+00
1.147460000000000008e-01 2.906493999999999911e+00 1.600341999999999931e+00 3.305664000000000158e+00
1.147460000000000008e-01 2.915039000000000158e+00 1.610106999999999955e+00 3.308104999999999851e+00
1.159670000000000006e-01 2.915039000000000158e+00 1.616211000000000064e+00 3.308104999999999851e+00
1.171880000000000005e-01 2.916259999999999852e+00 1.625977000000000006e+00 3.308104999999999851e+00
1.159670000000000006e-01 2.924805000000000099e+00 1.635742000000000029e+00 3.315430000000000099e+00
1.171880000000000005e-01 2.928466999999999931e+00 1.645507999999999971e+00 3.315430000000000099e+00
1.171880000000000005e-01 2.934569999999999901e+00 1.655272999999999994e+00 3.317870999999999793e+00
1.184079999999999994e-01 2.944335999999999842e+00 1.674805000000000099e+00 3.325194999999999901e+00
1.196289999999999992e-01 2.954101999999999784e+00 1.684569999999999901e+00 3.328857000000000177e+00
1.196289999999999992e-01 2.955321999999999782e+00 1.684569999999999901e+00 3.332520000000000149e+00
1.220699999999999980e-01 2.968750000000000000e+00 1.687011999999999956e+00 3.334960999999999842e+00
1.220699999999999980e-01 2.968750000000000000e+00 1.694336000000000064e+00 3.338623000000000118e+00
1.220699999999999980e-01 2.977294999999999803e+00 1.695556999999999981e+00 3.344726999999999784e+00
1.220699999999999980e-01 2.974854000000000109e+00 1.697997999999999896e+00 3.344726999999999784e+00
1.232909999999999978e-01 2.983398000000000216e+00 1.699219000000000035e+00 3.348389000000000060e+00
1.232909999999999978e-01 2.988281000000000187e+00 1.695556999999999981e+00 3.356933999999999862e+00
1.232909999999999978e-01 2.993164000000000158e+00 1.694336000000000064e+00 3.354492000000000029e+00
1.232909999999999978e-01 2.993164000000000158e+00 1.694336000000000064e+00 3.364257999999999971e+00
1.232909999999999978e-01 2.993164000000000158e+00 1.687011999999999956e+00 3.364257999999999971e+00
1.232909999999999978e-01 2.994384999999999852e+00 1.684569999999999901e+00 3.364257999999999971e+00
1.232909999999999978e-01 3.002930000000000099e+00 1.684569999999999901e+00 3.364257999999999971e+00
1.232909999999999978e-01 2.996825999999999990e+00 1.684569999999999901e+00 3.364257999999999971e+00
1.245119999999999977e-01 3.002930000000000099e+00 1.680908000000000069e+00 3.364257999999999971e+00
1.232909999999999978e-01 3.007813000000000070e+00 1.679688000000000070e+00 3.365479000000000109e+00
1.245119999999999977e-01 3.002930000000000099e+00 1.684569999999999901e+00 3.366699000000000108e+00
1.245119999999999977e-01 3.005370999999999793e+00 1.684569999999999901e+00 3.367919999999999803e+00
1.245119999999999977e-01 3.004150000000000098e+00 1.684569999999999901e+00 3.375243999999999911e+00
