5.493200000000000166e-02 1.210938000000000070e+00 5.322270000000000056e-01 2.010498000000000118e+00
5.493200000000000166e-02 1.210938000000000070e+00 5.322270000000000056e-01 2.016601999999999784e+00
5.493200000000000166e-02 1.210938000000000070e+00 5.334470000000000045e-01 2.010498000000000118e+00
5.493200000000000166e-02 1.215819999999999901e+00 5.419920000000000293e-01 2.016601999999999784e+00
5.493200000000000166e-02 1.218261999999999956e+00 5.554200000000000248e-01 2.019042999999999921e+00
5.615200000000000052e-02 1.226806999999999981e+00 5.761720000000000175e-01 2.017821999999999782e+00
5.615200000000000052e-02 1.236572000000000005e+00 6.005859999999999532e-01 2.026367000000000029e+00
5.737300000000000039e-02 1.250000000000000000e+00 6.213379999999999459e-01 2.036132999999999971e+00
5.737300000000000039e-02 1.260985999999999940e+00 6.445309999999999651e-01 2.036132999999999971e+00
5.859400000000000025e-02 1.275635000000000074e+00 6.689450000000000118e-01 2.045898000000000216e+00
5.859400000000000025e-02 1.293944999999999901e+00 6.909180000000000321e-01 2.055664000000000158e+00
5.859400000000000025e-02 1.308594000000000035e+00 7.177729999999999944e-01 2.066650000000000098e+00
5.981399999999999911e-02 1.328125000000000000e+00 7.421879999999999589e-01 2.075194999999999901e+00
6.103499999999999898e-02 1.352538999999999936e+00 7.727049999999999752e-01 2.084960999999999842e+00
6.103499999999999898e-02 1.372069999999999901e+00 8.007809999999999651e-01 2.095946999999999782e+00
6.347700000000000564e-02 1.401367000000000029e+00 8.288569999999999549e-01 2.115479000000000109e+00
6.347700000000000564e-02 1.423340000000000050e+00 8.593750000000000000e-01 2.124023000000000216e+00
6.469700000000000450e-02 1.450194999999999901e+00 8.837890000000000468e-01 2.137450999999999990e+00
6.591800000000000437e-02 1.479492000000000029e+00 9.094240000000000101e-01 2.154541000000000039e+00
6.713900000000000423e-02 1.508788999999999936e+00 9.362789999999999724e-01 2.172851999999999784e+00
6.835900000000000309e-02 1.538086000000000064e+00 9.619140000000000468e-01 2.186278999999999861e+00
6.958000000000000296e-02 1.571045000000000025e+00 9.875490000000000101e-01 2.211914000000000158e+00
7.080100000000000282e-02 1.606444999999999901e+00 1.011962999999999946e+00 2.225341999999999931e+00
7.324200000000000155e-02 1.640625000000000000e+00 1.033935999999999966e+00 2.250976999999999784e+00
7.324200000000000155e-02 1.674805000000000099e+00 1.054688000000000070e+00 2.270507999999999971e+00
7.568400000000000127e-02 1.748046999999999906e+00 1.092529000000000083e+00 2.309569999999999901e+00
7.690400000000000014e-02 1.782227000000000006e+00 1.118163999999999936e+00 2.329101999999999784e+00
7.812500000000000000e-02 1.821288999999999936e+00 1.140136999999999956e+00 2.348632999999999971e+00
8.056599999999999873e-02 1.860352000000000006e+00 1.163329999999999975e+00 2.371825999999999990e+00
8.178699999999999859e-02 1.900635000000000074e+00 1.186522999999999994e+00 2.397460999999999842e+00
8.178699999999999859e-02 1.939697000000000005e+00 1.202393000000000045e+00 2.421875000000000000e+00
8.422899999999999832e-02 1.978760000000000074e+00 1.219481999999999955e+00 2.446289000000000158e+00
8.544899999999999718e-02 2.019042999999999921e+00 1.235352000000000006e+00 2.468262000000000178e+00
8.666999999999999704e-02 2.055664000000000158e+00 1.254882999999999971e+00 2.495117000000000029e+00
8.789099999999999691e-02 2.094726999999999784e+00 1.269530999999999965e+00 2.515868999999999911e+00
8.911099999999999577e-02 2.133789000000000158e+00 1.293944999999999901e+00 2.537841999999999931e+00
9.033199999999999563e-02 2.172851999999999784e+00 1.314697000000000005e+00 2.563476999999999784e+00
9.277299999999999436e-02 2.211914000000000158e+00 1.336670000000000025e+00 2.586669999999999803e+00
9.399399999999999422e-02 2.253417999999999921e+00 1.356200999999999990e+00 2.615966999999999931e+00
9.521499999999999408e-02 2.285156000000000187e+00 1.372069999999999901e+00 2.641601999999999784e+00
9.643599999999999395e-02 2.319335999999999842e+00 1.381836000000000064e+00 2.664794999999999803e+00
9.765600000000000669e-02 2.358398000000000216e+00 1.391602000000000006e+00 2.690430000000000099e+00
9.887700000000000655e-02 2.387694999999999901e+00 1.392822000000000005e+00 2.712401999999999980e+00
1.000980000000000064e-01 2.416992000000000029e+00 1.395264000000000060e+00 2.741699000000000108e+00
1.000980000000000064e-01 2.447509999999999852e+00 1.396484000000000059e+00 2.758789000000000158e+00
1.025390000000000051e-01 2.468262000000000178e+00 1.401367000000000029e+00 2.778319999999999901e+00
1.025390000000000051e-01 2.495117000000000029e+00 1.401367000000000029e+00 2.797851999999999784e+00
1.037600000000000050e-01 2.518311000000000188e+00 1.402587999999999946e+00 2.818604000000000109e+00
1.037600000000000050e-01 2.537841999999999931e+00 1.401367000000000029e+00 2.836914000000000158e+00
1.049800000000000039e-01 2.558593999999999813e+00 1.401367000000000029e+00 2.856444999999999901e+00
1.049800000000000039e-01 2.578125000000000000e+00 1.401367000000000029e+00 2.875976999999999784e+00
1.062010000000000037e-01 2.593993999999999911e+00 1.401367000000000029e+00 2.885742000000000029e+00
1.062010000000000037e-01 2.612305000000000099e+00 1.401367000000000029e+00 2.905273000000000216e+00
1.062010000000000037e-01 2.625732000000000177e+00 1.406250000000000000e+00 2.916259999999999852e+00
1.074220000000000036e-01 2.645264000000000060e+00 1.406250000000000000e+00 2.934569999999999901e+00
1.074220000000000036e-01 2.652588000000000168e+00 1.407470999999999917e+00 2.946776999999999980e+00
1.074220000000000036e-01 2.662354000000000109e+00 1.411132999999999971e+00 2.963867000000000029e+00
1.086430000000000035e-01 2.680664000000000158e+00 1.411132999999999971e+00 2.974854000000000109e+00
1.086430000000000035e-01 2.691650000000000098e+00 1.411132999999999971e+00 2.993164000000000158e+00
1.086430000000000035e-01 2.694091999999999931e+00 1.402587999999999946e+00 2.996825999999999990e+00
1.086430000000000035e-01 2.709960999999999842e+00 1.392822000000000005e+00 3.012694999999999901e+00
1.086430000000000035e-01 2.719726999999999784e+00 1.383056999999999981e+00 3.022460999999999842e+00
1.086430000000000035e-01 2.719726999999999784e+00 1.374511999999999956e+00 3.032226999999999784e+00
1.086430000000000035e-01 2.723389000000000060e+00 1.367188000000000070e+00 3.041992000000000029e+00
1.086430000000000035e-01 2.729492000000000029e+00 1.362305000000000099e+00 3.043213000000000168e+00
1.086430000000000035e-01 2.733153999999999861e+00 1.353760000000000074e+00 3.051757999999999971e+00
1.086430000000000035e-01 2.739257999999999971e+00 1.342772999999999994e+00 3.061523000000000216e+00
1.074220000000000036e-01 2.739257999999999971e+00 1.334229000000000109e+00 3.071289000000000158e+00
1.074220000000000036e-01 2.742919999999999803e+00 1.326904000000000083e+00 3.071289000000000158e+00
1.074220000000000036e-01 2.740479000000000109e+00 1.324462999999999946e+00 3.081055000000000099e+00
1.074220000000000036e-01 2.742919999999999803e+00 1.333007999999999971e+00 3.081055000000000099e+00
1.074220000000000036e-01 2.749023000000000216e+00 1.342772999999999994e+00 3.090819999999999901e+00
1.074220000000000036e-01 2.749023000000000216e+00 1.358643000000000045e+00 3.090819999999999901e+00
1.086430000000000035e-01 2.758789000000000158e+00 1.383056999999999981e+00 3.100585999999999842e+00
1.074220000000000036e-01 2.760009999999999852e+00 1.406250000000000000e+00 3.110351999999999784e+00
1.086430000000000035e-01 2.768555000000000099e+00 1.430663999999999936e+00 3.111571999999999782e+00
1.086430000000000035e-01 2.772216999999999931e+00 1.450194999999999901e+00 3.120117000000000029e+00
1.086430000000000035e-01 2.781982000000000177e+00 1.461181999999999981e+00 3.129882999999999971e+00
1.098630000000000023e-01 2.789306999999999981e+00 1.479492000000000029e+00 3.139648000000000216e+00
1.110840000000000022e-01 2.799071999999999782e+00 1.489257999999999971e+00 3.144531000000000187e+00
1.110840000000000022e-01 2.807617000000000029e+00 1.500243999999999911e+00 3.153075999999999990e+00
1.123050000000000020e-01 2.817382999999999971e+00 1.508788999999999936e+00 3.159180000000000099e+00
1.123050000000000020e-01 2.827148000000000216e+00 1.518555000000000099e+00 3.168944999999999901e+00
1.135250000000000009e-01 2.836914000000000158e+00 1.528319999999999901e+00 3.178710999999999842e+00
1.135250000000000009e-01 2.836914000000000158e+00 1.538086000000000064e+00 3.178710999999999842e+00
1.135250000000000009e-01 2.847900000000000098e+00 1.544189000000000034e+00 3.189696999999999782e+00
1.147460000000000008e-01 2.856444999999999901e+00 1.551514000000000060e+00 3.198242000000000029e+00
1.159670000000000006e-01 2.866210999999999842e+00 1.557617000000000029e+00 3.208007999999999971e+00
1.159670000000000006e-01 2.871093999999999813e+00 1.567382999999999971e+00 3.209229000000000109e+00
1.159670000000000006e-01 2.885742000000000029e+00 1.567382999999999971e+00 3.216553000000000218e+00
1.171880000000000005e-01 2.879639000000000060e+00 1.577147999999999994e+00 3.227539000000000158e+00
1.171880000000000005e-01 2.895507999999999971e+00 1.577147999999999994e+00 3.229979999999999851e+00
1.184079999999999994e-01 2.896729000000000109e+00 1.577147999999999994e+00 3.237305000000000099e+00
1.184079999999999994e-01 2.905273000000000216e+00 1.577147999999999994e+00 3.247069999999999901e+00
1.184079999999999994e-01 2.907715000000000050e+00 1.577147999999999994e+00 3.248291000000000039e+00
1.184079999999999994e-01 2.915039000000000158e+00 1.577147999999999994e+00 3.256835999999999842e+00
1.196289999999999992e-01 2.918700999999999990e+00 1.577147999999999994e+00 3.261718999999999813e+00
1.184079999999999994e-01 2.924805000000000099e+00 1.577147999999999994e+00 3.266601999999999784e+00
1.196289999999999992e-01 2.924805000000000099e+00 1.577147999999999994e+00 3.270264000000000060e+00
1.196289999999999992e-01 2.928466999999999931e+00 1.580810999999999966e+00 3.276367000000000029e+00
1.208499999999999991e-01 2.934569999999999901e+00 1.586913999999999936e+00 3.281250000000000000e+00
1.208499999999999991e-01 2.934569999999999901e+00 1.586913999999999936e+00 3.287354000000000109e+00
1.208499999999999991e-01 2.935791000000000039e+00 1.588135000000000074e+00 3.287354000000000109e+00
1.220699999999999980e-01 2.944335999999999842e+00 1.586913999999999936e+00 3.295898000000000216e+00
1.220699999999999980e-01 2.944335999999999842e+00 1.586913999999999936e+00 3.297118999999999911e+00
1.220699999999999980e-01 2.944335999999999842e+00 1.582030999999999965e+00 3.305664000000000158e+00
1.220699999999999980e-01 2.954101999999999784e+00 1.578368999999999911e+00 3.305664000000000158e+00
1.220699999999999980e-01 2.954101999999999784e+00 1.578368999999999911e+00 3.306884999999999852e+00
1.220699999999999980e-01 2.946776999999999980e+00 1.577147999999999994e+00 3.315430000000000099e+00
1.220699999999999980e-01 2.954101999999999784e+00 1.577147999999999994e+00 3.315430000000000099e+00
1.220699999999999980e-01 2.956542999999999921e+00 1.571045000000000025e+00 3.316650000000000098e+00
1.220699999999999980e-01 2.947998000000000118e+00 1.563720999999999917e+00 3.316650000000000098e+00
1.220699999999999980e-01 2.954101999999999784e+00 1.557617000000000029e+00 3.319091999999999931e+00
1.220699999999999980e-01 2.954101999999999784e+00 1.539306999999999981e+00 3.325194999999999901e+00
1.220699999999999980e-01 2.944335999999999842e+00 1.522216999999999931e+00 3.325194999999999901e+00
1.208499999999999991e-01 2.944335999999999842e+00 1.508788999999999936e+00 3.325194999999999901e+00
1.208499999999999991e-01 2.935791000000000039e+00 1.490479000000000109e+00 3.330077999999999872e+00
1.208499999999999991e-01 2.934569999999999901e+00 1.479492000000000029e+00 3.326416000000000039e+00
1.196289999999999992e-01 2.928466999999999931e+00 1.470947000000000005e+00 3.325194999999999901e+00
1.184079999999999994e-01 2.926025000000000098e+00 1.464844000000000035e+00 3.325194999999999901e+00
1.184079999999999994e-01 2.924805000000000099e+00 1.459961000000000064e+00 3.319091999999999931e+00
1.184079999999999994e-01 2.915039000000000158e+00 1.450194999999999901e+00 3.317870999999999793e+00
1.171880000000000005e-01 2.915039000000000158e+00 1.444091999999999931e+00 3.316650000000000098e+00
1.171880000000000005e-01 2.915039000000000158e+00 1.441650000000000098e+00 3.309325999999999990e+00
1.171880000000000005e-01 2.905273000000000216e+00 1.440430000000000099e+00 3.315430000000000099e+00
1.159670000000000006e-01 2.905273000000000216e+00 1.440430000000000099e+00 3.314208999999999961e+00
1.159670000000000006e-01 2.896729000000000109e+00 1.441650000000000098e+00 3.315430000000000099e+00
1.159670000000000006e-01 2.895507999999999971e+00 1.445313000000000070e+00 3.315430000000000099e+00
1.159670000000000006e-01 2.895507999999999971e+00 1.450194999999999901e+00 3.315430000000000099e+00
1.159670000000000006e-01 2.895507999999999971e+00 1.450194999999999901e+00 3.315430000000000099e+00
1.159670000000000006e-01 2.895507999999999971e+00 1.450194999999999901e+00 3.308104999999999851e+00
1.147460000000000008e-01 2.890625000000000000e+00 1.453856999999999955e+00 3.306884999999999852e+00
1.159670000000000006e-01 2.885742000000000029e+00 1.459961000000000064e+00 3.309325999999999990e+00
1.147460000000000008e-01 2.886963000000000168e+00 1.461181999999999981e+00 3.305664000000000158e+00
1.147460000000000008e-01 2.885742000000000029e+00 1.461181999999999981e+00 3.308104999999999851e+00
1.147460000000000008e-01 2.885742000000000029e+00 1.469727000000000006e+00 3.306884999999999852e+00
1.147460000000000008e-01 2.885742000000000029e+00 1.483154000000000083e+00 3.305664000000000158e+00
1.147460000000000008e-01 2.885742000000000029e+00 1.500243999999999911e+00 3.305664000000000158e+00
1.147460000000000008e-01 2.889403999999999861e+00 1.519775000000000098e+00 3.308104999999999851e+00
1.159670000000000006e-01 2.897949000000000108e+00 1.542969000000000035e+00 3.309325999999999990e+00
1.159670000000000006e-01 2.896729000000000109e+00 1.567382999999999971e+00 3.315430000000000099e+00
1.159670000000000006e-01 2.905273000000000216e+00 1.582030999999999965e+00 3.315430000000000099e+00
1.159670000000000006e-01 2.905273000000000216e+00 1.582030999999999965e+00 3.315430000000000099e+00
1.171880000000000005e-01 2.908936000000000188e+00 1.596680000000000099e+00 3.317870999999999793e+00
1.171880000000000005e-01 2.915039000000000158e+00 1.601563000000000070e+00 3.319091999999999931e+00
1.184079999999999994e-01 2.918700999999999990e+00 1.601563000000000070e+00 3.325194999999999901e+00
1.184079999999999994e-01 2.924805000000000099e+00 1.596680000000000099e+00 3.330077999999999872e+00
1.184079999999999994e-01 2.924805000000000099e+00 1.588135000000000074e+00 3.326416000000000039e+00
1.184079999999999994e-01 2.926025000000000098e+00 1.577147999999999994e+00 3.327637000000000178e+00
1.184079999999999994e-01 2.928466999999999931e+00 1.567382999999999971e+00 3.327637000000000178e+00
1.184079999999999994e-01 2.926025000000000098e+00 1.557617000000000029e+00 3.334960999999999842e+00
1.184079999999999994e-01 2.927245999999999793e+00 1.547852000000000006e+00 3.328857000000000177e+00
1.184079999999999994e-01 2.927245999999999793e+00 1.538086000000000064e+00 3.334960999999999842e+00
1.171880000000000005e-01 2.924805000000000099e+00 1.533203000000000094e+00 3.337401999999999980e+00
1.184079999999999994e-01 2.924805000000000099e+00 1.529541000000000039e+00 3.334960999999999842e+00
1.184079999999999994e-01 2.924805000000000099e+00 1.528319999999999901e+00 3.334960999999999842e+00
1.171880000000000005e-01 2.924805000000000099e+00 1.528319999999999901e+00 3.328857000000000177e+00
1.171880000000000005e-01 2.924805000000000099e+00 1.528319999999999901e+00 3.334960999999999842e+00
1.171880000000000005e-01 2.924805000000000099e+00 1.519775000000000098e+00 3.334960999999999842e+00
1.171880000000000005e-01 2.918700999999999990e+00 1.513671999999999906e+00 3.334960999999999842e+00
1.171880000000000005e-01 2.918700999999999990e+00 1.508788999999999936e+00 3.331299000000000010e+00
1.171880000000000005e-01 2.916259999999999852e+00 1.500243999999999911e+00 3.334960999999999842e+00
1.159670000000000006e-01 2.915039000000000158e+00 1.499022999999999994e+00 3.328857000000000177e+00
1.159670000000000006e-01 2.915039000000000158e+00 1.497802999999999995e+00 3.326416000000000039e+00
1.159670000000000006e-01 2.915039000000000158e+00 1.494140999999999941e+00 3.327637000000000178e+00
1.159670000000000006e-01 2.906493999999999911e+00 1.492920000000000025e+00 3.334960999999999842e+00
1.159670000000000006e-01 2.910156000000000187e+00 1.491699000000000108e+00 3.325194999999999901e+00
1.147460000000000008e-01 2.905273000000000216e+00 1.489257999999999971e+00 3.326416000000000039e+00
1.147460000000000008e-01 2.905273000000000216e+00 1.479492000000000029e+00 3.326416000000000039e+00
1.147460000000000008e-01 2.896729000000000109e+00 1.469727000000000006e+00 3.325194999999999901e+00
1.147460000000000008e-01 2.895507999999999971e+00 1.459961000000000064e+00 3.322754000000000207e+00
1.147460000000000008e-01 2.895507999999999971e+00 1.453856999999999955e+00 3.325194999999999901e+00
1.135250000000000009e-01 2.895507999999999971e+00 1.455078000000000094e+00 3.319091999999999931e+00
1.135250000000000009e-01 2.895507999999999971e+00 1.462401999999999980e+00 3.319091999999999931e+00
1.135250000000000009e-01 2.895507999999999971e+00 1.479492000000000029e+00 3.315430000000000099e+00
1.135250000000000009e-01 2.895507999999999971e+00 1.479492000000000029e+00 3.315430000000000099e+00
1.135250000000000009e-01 2.889403999999999861e+00 1.490479000000000109e+00 3.317870999999999793e+00
1.147460000000000008e-01 2.895507999999999971e+00 1.510010000000000074e+00 3.317870999999999793e+00
1.147460000000000008e-01 2.895507999999999971e+00 1.541747999999999896e+00 3.316650000000000098e+00
1.147460000000000008e-01 2.899169999999999803e+00 1.577147999999999994e+00 3.319091999999999931e+00
1.159670000000000006e-01 2.906493999999999911e+00 1.608886999999999956e+00 3.322754000000000207e+00
1.171880000000000005e-01 2.915039000000000158e+00 1.645507999999999971e+00 3.326416000000000039e+00
1.184079999999999994e-01 2.927245999999999793e+00 1.677246000000000015e+00 3.334960999999999842e+00
1.184079999999999994e-01 2.934569999999999901e+00 1.704102000000000006e+00 3.337401999999999980e+00
1.196289999999999992e-01 2.944335999999999842e+00 1.718750000000000000e+00 3.344726999999999784e+00
1.220699999999999980e-01 2.955321999999999782e+00 1.733397999999999994e+00 3.345946999999999782e+00
1.220699999999999980e-01 2.963867000000000029e+00 1.733397999999999994e+00 3.354492000000000029e+00
1.220699999999999980e-01 2.973632999999999971e+00 1.733397999999999994e+00 3.364257999999999971e+00
1.232909999999999978e-01 2.983398000000000216e+00 1.724854000000000109e+00 3.364257999999999971e+00
1.232909999999999978e-01 2.984618999999999911e+00 1.723632999999999971e+00 3.364257999999999971e+00
1.232909999999999978e-01 2.993164000000000158e+00 1.713867000000000029e+00 3.374023000000000216e+00
1.245119999999999977e-01 2.993164000000000158e+00 1.704102000000000006e+00 3.374023000000000216e+00
1.245119999999999977e-01 3.002930000000000099e+00 1.695556999999999981e+00 3.374023000000000216e+00
1.245119999999999977e-01 2.996825999999999990e+00 1.704102000000000006e+00 3.383789000000000158e+00
1.257320000000000104e-01 3.005370999999999793e+00 1.713867000000000029e+00 3.383789000000000158e+00
1.269530000000000103e-01 3.012694999999999901e+00 1.715087999999999946e+00 3.383789000000000158e+00
1.269530000000000103e-01 3.013916000000000039e+00 1.719970999999999917e+00 3.387450999999999990e+00
1.269530000000000103e-01 3.022460999999999842e+00 1.715087999999999946e+00 3.393555000000000099e+00
1.269530000000000103e-01 3.022460999999999842e+00 1.713867000000000029e+00 3.394775000000000098e+00
1.269530000000000103e-01 3.024901999999999980e+00 1.713867000000000029e+00 3.397216999999999931e+00
1.269530000000000103e-01 3.027343999999999813e+00 1.713867000000000029e+00 3.397216999999999931e+00
1.281740000000000101e-01 3.032226999999999784e+00 1.718750000000000000e+00 3.403319999999999901e+00
1.281740000000000101e-01 3.032226999999999784e+00 1.723632999999999971e+00 3.403319999999999901e+00
1.281740000000000101e-01 3.033446999999999782e+00 1.724854000000000109e+00 3.403319999999999901e+00
1.281740000000000101e-01 3.041992000000000029e+00 1.727295000000000025e+00 3.404541000000000039e+00
1.293950000000000100e-01 3.041992000000000029e+00 1.723632999999999971e+00 3.413085999999999842e+00
1.293950000000000100e-01 3.041992000000000029e+00 1.723632999999999971e+00 3.413085999999999842e+00
1.281740000000000101e-01 3.041992000000000029e+00 1.718750000000000000e+00 3.413085999999999842e+00
1.306150000000000089e-01 3.044433999999999862e+00 1.713867000000000029e+00 3.416748000000000118e+00
1.293950000000000100e-01 3.046875000000000000e+00 1.708984000000000059e+00 3.415526999999999980e+00
1.306150000000000089e-01 3.044433999999999862e+00 1.704102000000000006e+00 3.422851999999999784e+00
1.293950000000000100e-01 3.043213000000000168e+00 1.699219000000000035e+00 3.422851999999999784e+00
1.293950000000000100e-01 3.046875000000000000e+00 1.696776999999999980e+00 3.422851999999999784e+00
1.306150000000000089e-01 3.046875000000000000e+00 1.699219000000000035e+00 3.422851999999999784e+00
1.293950000000000100e-01 3.046875000000000000e+00 1.697997999999999896e+00 3.422851999999999784e+00
1.293950000000000100e-01 3.051757999999999971e+00 1.695556999999999981e+00 3.427734000000000059e+00
1.293950000000000100e-01 3.051757999999999971e+00 1.695556999999999981e+00 3.427734000000000059e+00
1.293950000000000100e-01 3.046875000000000000e+00 1.694336000000000064e+00 3.424071999999999782e+00
1.293950000000000100e-01 3.044433999999999862e+00 1.689453000000000094e+00 3.422851999999999784e+00
1.293950000000000100e-01 3.046875000000000000e+00 1.687011999999999956e+00 3.422851999999999784e+00
1.293950000000000100e-01 3.046875000000000000e+00 1.688231999999999955e+00 3.422851999999999784e+00
1.293950000000000100e-01 3.043213000000000168e+00 1.694336000000000064e+00 3.424071999999999782e+00
1.293950000000000100e-01 3.046875000000000000e+00 1.694336000000000064e+00 3.422851999999999784e+00
1.293950000000000100e-01 3.041992000000000029e+00 1.694336000000000064e+00 3.424071999999999782e+00
1.306150000000000089e-01 3.046875000000000000e+00 1.687011999999999956e+00 3.422851999999999784e+00
1.306150000000000089e-01 3.041992000000000029e+00 1.684569999999999901e+00 3.424071999999999782e+00
1.293950000000000100e-01 3.041992000000000029e+00 1.676025000000000098e+00 3.424071999999999782e+00
1.293950000000000100e-01 3.041992000000000029e+00 1.666260000000000074e+00 3.424071999999999782e+00
1.293950000000000100e-01 3.038330000000000197e+00 1.656493999999999911e+00 3.424071999999999782e+00
1.293950000000000100e-01 3.033446999999999782e+00 1.645507999999999971e+00 3.422851999999999784e+00
1.281740000000000101e-01 3.032226999999999784e+00 1.629639000000000060e+00 3.422851999999999784e+00
1.281740000000000101e-01 3.032226999999999784e+00 1.621094000000000035e+00 3.422851999999999784e+00
1.281740000000000101e-01 3.027343999999999813e+00 1.616211000000000064e+00 3.425292999999999921e+00
1.269530000000000103e-01 3.022460999999999842e+00 1.616211000000000064e+00 3.422851999999999784e+00
1.269530000000000103e-01 3.022460999999999842e+00 1.607666000000000039e+00 3.415526999999999980e+00
1.269530000000000103e-01 3.016357000000000177e+00 1.607666000000000039e+00 3.413085999999999842e+00
1.269530000000000103e-01 3.016357000000000177e+00 1.610106999999999955e+00 3.413085999999999842e+00
1.257320000000000104e-01 3.012694999999999901e+00 1.616211000000000064e+00 3.413085999999999842e+00
1.269530000000000103e-01 3.012694999999999901e+00 1.616211000000000064e+00 3.413085999999999842e+00
1.257320000000000104e-01 3.006591999999999931e+00 1.617431999999999981e+00 3.413085999999999842e+00
1.257320000000000104e-01 3.012694999999999901e+00 1.617431999999999981e+00 3.406982000000000177e+00
1.257320000000000104e-01 3.005370999999999793e+00 1.616211000000000064e+00 3.406982000000000177e+00
1.257320000000000104e-01 3.005370999999999793e+00 1.616211000000000064e+00 3.405762000000000178e+00
1.245119999999999977e-01 3.004150000000000098e+00 1.616211000000000064e+00 3.404541000000000039e+00
1.257320000000000104e-01 3.002930000000000099e+00 1.616211000000000064e+00 3.404541000000000039e+00
1.245119999999999977e-01 3.002930000000000099e+00 1.619872999999999896e+00 3.404541000000000039e+00
1.245119999999999977e-01 3.002930000000000099e+00 1.630859000000000059e+00 3.403319999999999901e+00
1.245119999999999977e-01 3.002930000000000099e+00 1.645507999999999971e+00 3.403319999999999901e+00
1.257320000000000104e-01 3.005370999999999793e+00 1.657715000000000050e+00 3.403319999999999901e+00
1.257320000000000104e-01 3.006591999999999931e+00 1.666260000000000074e+00 3.405762000000000178e+00
1.257320000000000104e-01 3.012694999999999901e+00 1.674805000000000099e+00 3.406982000000000177e+00
1.257320000000000104e-01 3.012694999999999901e+00 1.676025000000000098e+00 3.408202999999999872e+00
1.269530000000000103e-01 3.012694999999999901e+00 1.676025000000000098e+00 3.406982000000000177e+00
1.269530000000000103e-01 3.012694999999999901e+00 1.684569999999999901e+00 3.413085999999999842e+00
1.269530000000000103e-01 3.012694999999999901e+00 1.684569999999999901e+00 3.413085999999999842e+00
1.257320000000000104e-01 3.013916000000000039e+00 1.685791000000000039e+00 3.413085999999999842e+00
1.269530000000000103e-01 3.016357000000000177e+00 1.694336000000000064e+00 3.413085999999999842e+00
1.269530000000000103e-01 3.016357000000000177e+00 1.699219000000000035e+00 3.406982000000000177e+00
1.269530000000000103e-01 3.023681999999999981e+00 1.705322000000000005e+00 3.413085999999999842e+00
1.269530000000000103e-01 3.023681999999999981e+00 1.713867000000000029e+00 3.413085999999999842e+00
1.281740000000000101e-01 3.026123000000000118e+00 1.708984000000000059e+00 3.413085999999999842e+00
1.281740000000000101e-01 3.034667999999999921e+00 1.705322000000000005e+00 3.413085999999999842e+00
1.281740000000000101e-01 3.034667999999999921e+00 1.704102000000000006e+00 3.414306999999999981e+00
1.281740000000000101e-01 3.032226999999999784e+00 1.705322000000000005e+00 3.422851999999999784e+00
1.281740000000000101e-01 3.033446999999999782e+00 1.705322000000000005e+00 3.422851999999999784e+00
1.281740000000000101e-01 3.041992000000000029e+00 1.705322000000000005e+00 3.422851999999999784e+00
1.281740000000000101e-01 3.041992000000000029e+00 1.704102000000000006e+00 3.422851999999999784e+00
1.281740000000000101e-01 3.035889000000000060e+00 1.695556999999999981e+00 3.422851999999999784e+00
1.281740000000000101e-01 3.041992000000000029e+00 1.694336000000000064e+00 3.422851999999999784e+00
1.281740000000000101e-01 3.035889000000000060e+00 1.694336000000000064e+00 3.422851999999999784e+00
1.281740000000000101e-01 3.041992000000000029e+00 1.694336000000000064e+00 3.422851999999999784e+00
1.281740000000000101e-01 3.034667999999999921e+00 1.684569999999999901e+00 3.424071999999999782e+00
1.281740000000000101e-01 3.035889000000000060e+00 1.674805000000000099e+00 3.422851999999999784e+00
1.269530000000000103e-01 3.037109000000000059e+00 1.656493999999999911e+00 3.422851999999999784e+00
1.269530000000000103e-01 3.032226999999999784e+00 1.636962999999999946e+00 3.422851999999999784e+00
1.257320000000000104e-01 3.032226999999999784e+00 1.616211000000000064e+00 3.422851999999999784e+00
1.245119999999999977e-01 3.022460999999999842e+00 1.590575999999999990e+00 3.422851999999999784e+00
1.232909999999999978e-01 3.013916000000000039e+00 1.568604000000000109e+00 3.417968999999999813e+00
1.232909999999999978e-01 3.012694999999999901e+00 1.549072000000000005e+00 3.413085999999999842e+00
1.220699999999999980e-01 3.002930000000000099e+00 1.533203000000000094e+00 3.405762000000000178e+00
1.220699999999999980e-01 2.995604999999999851e+00 1.523438000000000070e+00 3.403319999999999901e+00
1.208499999999999991e-01 2.993164000000000158e+00 1.518555000000000099e+00 3.403319999999999901e+00
1.196289999999999992e-01 2.983398000000000216e+00 1.518555000000000099e+00 3.395995999999999793e+00
1.196289999999999992e-01 2.983398000000000216e+00 1.528319999999999901e+00 3.393555000000000099e+00
1.196289999999999992e-01 2.977294999999999803e+00 1.538086000000000064e+00 3.393555000000000099e+00
1.184079999999999994e-01 2.973632999999999971e+00 1.547852000000000006e+00 3.391112999999999822e+00
1.184079999999999994e-01 2.973632999999999971e+00 1.558837999999999946e+00 3.387450999999999990e+00
1.184079999999999994e-01 2.973632999999999971e+00 1.571045000000000025e+00 3.385009999999999852e+00
1.184079999999999994e-01 2.973632999999999971e+00 1.588135000000000074e+00 3.393555000000000099e+00
1.184079999999999994e-01 2.973632999999999971e+00 1.600341999999999931e+00 3.385009999999999852e+00
1.184079999999999994e-01 2.973632999999999971e+00 1.610106999999999955e+00 3.386229999999999851e+00
1.196289999999999992e-01 2.974854000000000109e+00 1.625977000000000006e+00 3.388672000000000128e+00
1.184079999999999994e-01 2.973632999999999971e+00 1.635742000000000029e+00 3.387450999999999990e+00
1.196289999999999992e-01 2.974854000000000109e+00 1.645507999999999971e+00 3.387450999999999990e+00
1.196289999999999992e-01 2.976074000000000108e+00 1.655272999999999994e+00 3.387450999999999990e+00
1.208499999999999991e-01 2.983398000000000216e+00 1.666260000000000074e+00 3.393555000000000099e+00
1.220699999999999980e-01 2.983398000000000216e+00 1.677246000000000015e+00 3.393555000000000099e+00
1.220699999999999980e-01 2.993164000000000158e+00 1.694336000000000064e+00 3.393555000000000099e+00
1.220699999999999980e-01 2.993164000000000158e+00 1.704102000000000006e+00 3.393555000000000099e+00
1.220699999999999980e-01 2.993164000000000158e+00 1.713867000000000029e+00 3.395995999999999793e+00
1.220699999999999980e-01 2.995604999999999851e+00 1.718750000000000000e+00 3.395995999999999793e+00
1.232909999999999978e-01 3.002930000000000099e+00 1.717529000000000083e+00 3.403319999999999901e+00
1.232909999999999978e-01 3.002930000000000099e+00 1.713867000000000029e+00 3.404541000000000039e+00
1.232909999999999978e-01 3.002930000000000099e+00 1.713867000000000029e+00 3.403319999999999901e+00
1.232909999999999978e-01 3.002930000000000099e+00 1.706542999999999921e+00 3.403319999999999901e+00
1.232909999999999978e-01 3.004150000000000098e+00 1.706542999999999921e+00 3.403319999999999901e+00
1.245119999999999977e-01 3.006591999999999931e+00 1.707764000000000060e+00 3.403319999999999901e+00
1.232909999999999978e-01 3.012694999999999901e+00 1.707764000000000060e+00 3.404541000000000039e+00
1.245119999999999977e-01 3.012694999999999901e+00 1.704102000000000006e+00 3.405762000000000178e+00
1.245119999999999977e-01 3.012694999999999901e+00 1.694336000000000064e+00 3.405762000000000178e+00
1.232909999999999978e-01 3.012694999999999901e+00 1.684569999999999901e+00 3.406982000000000177e+00
1.245119999999999977e-01 3.005370999999999793e+00 1.665038999999999936e+00 3.417968999999999813e+00
1.232909999999999978e-01 3.002930000000000099e+00 1.645507999999999971e+00 3.404541000000000039e+00
1.220699999999999980e-01 3.002930000000000099e+00 1.625977000000000006e+00 3.404541000000000039e+00
1.220699999999999980e-01 2.995604999999999851e+00 1.606444999999999901e+00 3.404541000000000039e+00
1.220699999999999980e-01 2.993164000000000158e+00 1.582030999999999965e+00 3.403319999999999901e+00
1.196289999999999992e-01 2.987061000000000188e+00 1.562500000000000000e+00 3.397216999999999931e+00
1.196289999999999992e-01 2.977294999999999803e+00 1.547852000000000006e+00 3.393555000000000099e+00
1.184079999999999994e-01 2.973632999999999971e+00 1.529541000000000039e+00 3.393555000000000099e+00
1.171880000000000005e-01 2.963867000000000029e+00 1.519775000000000098e+00 3.387450999999999990e+00
1.171880000000000005e-01 2.963867000000000029e+00 1.510010000000000074e+00 3.385009999999999852e+00
1.171880000000000005e-01 2.956542999999999921e+00 1.508788999999999936e+00 3.383789000000000158e+00
1.159670000000000006e-01 2.954101999999999784e+00 1.510010000000000074e+00 3.383789000000000158e+00
1.159670000000000006e-01 2.944335999999999842e+00 1.528319999999999901e+00 3.374023000000000216e+00
1.159670000000000006e-01 2.944335999999999842e+00 1.538086000000000064e+00 3.374023000000000216e+00
1.159670000000000006e-01 2.938232000000000177e+00 1.542969000000000035e+00 3.374023000000000216e+00
1.147460000000000008e-01 2.935791000000000039e+00 1.552734000000000059e+00 3.369140999999999941e+00
1.159670000000000006e-01 2.938232000000000177e+00 1.562500000000000000e+00 3.374023000000000216e+00
1.159670000000000006e-01 2.935791000000000039e+00 1.569824000000000108e+00 3.374023000000000216e+00
1.159670000000000006e-01 2.934569999999999901e+00 1.580810999999999966e+00 3.367919999999999803e+00
1.159670000000000006e-01 2.934569999999999901e+00 1.588135000000000074e+00 3.367919999999999803e+00
1.159670000000000006e-01 2.935791000000000039e+00 1.596680000000000099e+00 3.365479000000000109e+00
1.159670000000000006e-01 2.937012000000000178e+00 1.606444999999999901e+00 3.365479000000000109e+00
1.159670000000000006e-01 2.938232000000000177e+00 1.616211000000000064e+00 3.369140999999999941e+00
1.159670000000000006e-01 2.938232000000000177e+00 1.625977000000000006e+00 3.367919999999999803e+00
1.159670000000000006e-01 2.944335999999999842e+00 1.635742000000000029e+00 3.365479000000000109e+00
1.171880000000000005e-01 2.946776999999999980e+00 1.640625000000000000e+00 3.374023000000000216e+00
1.171880000000000005e-01 2.949218999999999813e+00 1.646729000000000109e+00 3.374023000000000216e+00
1.171880000000000005e-01 2.954101999999999784e+00 1.655272999999999994e+00 3.374023000000000216e+00
1.171880000000000005e-01 2.956542999999999921e+00 1.668700999999999990e+00 3.376465000000000050e+00
1.184079999999999994e-01 2.963867000000000029e+00 1.678466999999999931e+00 3.374023000000000216e+00
1.184079999999999994e-01 2.963867000000000029e+00 1.685791000000000039e+00 3.377686000000000188e+00
1.196289999999999992e-01 2.968750000000000000e+00 1.695556999999999981e+00 3.376465000000000050e+00
1.196289999999999992e-01 2.976074000000000108e+00 1.704102000000000006e+00 3.377686000000000188e+00
1.208499999999999991e-01 2.973632999999999971e+00 1.704102000000000006e+00 3.383789000000000158e+00
1.220699999999999980e-01 2.977294999999999803e+00 1.704102000000000006e+00 3.383789000000000158e+00
1.220699999999999980e-01 2.983398000000000216e+00 1.696776999999999980e+00 3.383789000000000158e+00
1.220699999999999980e-01 2.983398000000000216e+00 1.696776999999999980e+00 3.387450999999999990e+00
1.220699999999999980e-01 2.984618999999999911e+00 1.684569999999999901e+00 3.387450999999999990e+00
1.220699999999999980e-01 2.993164000000000158e+00 1.674805000000000099e+00 3.387450999999999990e+00
1.220699999999999980e-01 2.984618999999999911e+00 1.668700999999999990e+00 3.387450999999999990e+00
1.220699999999999980e-01 2.985840000000000050e+00 1.669921999999999906e+00 3.393555000000000099e+00
1.220699999999999980e-01 2.985840000000000050e+00 1.669921999999999906e+00 3.393555000000000099e+00
1.220699999999999980e-01 2.993164000000000158e+00 1.679688000000000070e+00 3.393555000000000099e+00
1.220699999999999980e-01 2.993164000000000158e+00 1.685791000000000039e+00 3.394775000000000098e+00
1.232909999999999978e-01 2.993164000000000158e+00 1.695556999999999981e+00 3.398438000000000070e+00
1.232909999999999978e-01 2.995604999999999851e+00 1.697997999999999896e+00 3.403319999999999901e+00
1.232909999999999978e-01 2.995604999999999851e+00 1.695556999999999981e+00 3.397216999999999931e+00
1.232909999999999978e-01 3.002930000000000099e+00 1.694336000000000064e+00 3.393555000000000099e+00
1.232909999999999978e-01 3.002930000000000099e+00 1.694336000000000064e+00 3.395995999999999793e+00
1.232909999999999978e-01 3.002930000000000099e+00 1.697997999999999896e+00 3.403319999999999901e+00
1.232909999999999978e-01 3.004150000000000098e+00 1.706542999999999921e+00 3.403319999999999901e+00
1.245119999999999977e-01 3.006591999999999931e+00 1.715087999999999946e+00 3.397216999999999931e+00
1.245119999999999977e-01 3.006591999999999931e+00 1.723632999999999971e+00 3.403319999999999901e+00
1.245119999999999977e-01 3.012694999999999901e+00 1.723632999999999971e+00 3.403319999999999901e+00
1.257320000000000104e-01 3.012694999999999901e+00 1.723632999999999971e+00 3.403319999999999901e+00
1.245119999999999977e-01 3.013916000000000039e+00 1.715087999999999946e+00 3.413085999999999842e+00
1.245119999999999977e-01 3.017577999999999872e+00 1.706542999999999921e+00 3.405762000000000178e+00
1.257320000000000104e-01 3.013916000000000039e+00 1.694336000000000064e+00 3.413085999999999842e+00
1.257320000000000104e-01 3.012694999999999901e+00 1.676025000000000098e+00 3.413085999999999842e+00
1.245119999999999977e-01 3.013916000000000039e+00 1.665038999999999936e+00 3.413085999999999842e+00
1.245119999999999977e-01 3.012694999999999901e+00 1.658935999999999966e+00 3.405762000000000178e+00
1.245119999999999977e-01 3.006591999999999931e+00 1.657715000000000050e+00 3.405762000000000178e+00
1.245119999999999977e-01 3.005370999999999793e+00 1.655272999999999994e+00 3.404541000000000039e+00
1.232909999999999978e-01 3.006591999999999931e+00 1.649170000000000025e+00 3.406982000000000177e+00
1.232909999999999978e-01 3.004150000000000098e+00 1.650390999999999941e+00 3.405762000000000178e+00
1.232909999999999978e-01 3.012694999999999901e+00 1.656493999999999911e+00 3.405762000000000178e+00
1.232909999999999978e-01 3.005370999999999793e+00 1.665038999999999936e+00 3.405762000000000178e+00
1.232909999999999978e-01 3.004150000000000098e+00 1.667480000000000073e+00 3.408202999999999872e+00
1.232909999999999978e-01 3.002930000000000099e+00 1.669921999999999906e+00 3.405762000000000178e+00
1.245119999999999977e-01 3.002930000000000099e+00 1.674805000000000099e+00 3.403319999999999901e+00
1.232909999999999978e-01 3.004150000000000098e+00 1.674805000000000099e+00 3.406982000000000177e+00
1.232909999999999978e-01 3.002930000000000099e+00 1.668700999999999990e+00 3.405762000000000178e+00
1.245119999999999977e-01 3.001708999999999961e+00 1.669921999999999906e+00 3.404541000000000039e+00
1.232909999999999978e-01 3.004150000000000098e+00 1.668700999999999990e+00 3.403319999999999901e+00
1.232909999999999978e-01 3.002930000000000099e+00 1.674805000000000099e+00 3.404541000000000039e+00
1.232909999999999978e-01 3.002930000000000099e+00 1.667480000000000073e+00 3.405762000000000178e+00
1.232909999999999978e-01 3.002930000000000099e+00 1.665038999999999936e+00 3.406982000000000177e+00
1.232909999999999978e-01 3.002930000000000099e+00 1.660155999999999965e+00 3.404541000000000039e+00
1.232909999999999978e-01 3.004150000000000098e+00 1.658935999999999966e+00 3.413085999999999842e+00
1.232909999999999978e-01 3.002930000000000099e+00 1.656493999999999911e+00 3.404541000000000039e+00
1.232909999999999978e-01 2.996825999999999990e+00 1.665038999999999936e+00 3.403319999999999901e+00
1.232909999999999978e-01 3.002930000000000099e+00 1.667480000000000073e+00 3.403319999999999901e+00
1.232909999999999978e-01 3.004150000000000098e+00 1.669921999999999906e+00 3.404541000000000039e+00
1.232909999999999978e-01 3.002930000000000099e+00 1.666260000000000074e+00 3.403319999999999901e+00
1.232909999999999978e-01 3.002930000000000099e+00 1.666260000000000074e+00 3.403319999999999901e+00
1.245119999999999977e-01 2.996825999999999990e+00 1.665038999999999936e+00 3.403319999999999901e+00
1.232909999999999978e-01 2.996825999999999990e+00 1.665038999999999936e+00 3.403319999999999901e+00
1.232909999999999978e-01 3.002930000000000099e+00 1.666260000000000074e+00 3.403319999999999901e+00
1.232909999999999978e-01 3.002930000000000099e+00 1.665038999999999936e+00 3.404541000000000039e+00
1.232909999999999978e-01 3.002930000000000099e+00 1.660155999999999965e+00 3.403319999999999901e+00
1.232909999999999978e-01 2.996825999999999990e+00 1.655272999999999994e+00 3.397216999999999931e+00
1.220699999999999980e-01 3.002930000000000099e+00 1.647949000000000108e+00 3.403319999999999901e+00
1.232909999999999978e-01 3.002930000000000099e+00 1.645507999999999971e+00 3.403319999999999901e+00
1.220699999999999980e-01 2.994384999999999852e+00 1.636962999999999946e+00 3.403319999999999901e+00
1.220699999999999980e-01 2.993164000000000158e+00 1.628417999999999921e+00 3.403319999999999901e+00
1.232909999999999978e-01 2.991943000000000019e+00 1.621094000000000035e+00 3.397216999999999931e+00
1.220699999999999980e-01 2.993164000000000158e+00 1.625977000000000006e+00 3.397216999999999931e+00
1.220699999999999980e-01 2.989501999999999882e+00 1.627197000000000005e+00 3.397216999999999931e+00
1.220699999999999980e-01 2.993164000000000158e+00 1.636962999999999946e+00 3.394775000000000098e+00
1.220699999999999980e-01 2.988281000000000187e+00 1.646729000000000109e+00 3.395995999999999793e+00
1.220699999999999980e-01 2.993164000000000158e+00 1.665038999999999936e+00 3.397216999999999931e+00
1.220699999999999980e-01 2.993164000000000158e+00 1.674805000000000099e+00 3.394775000000000098e+00
1.232909999999999978e-01 2.993164000000000158e+00 1.676025000000000098e+00 3.397216999999999931e+00
1.232909999999999978e-01 2.994384999999999852e+00 1.676025000000000098e+00 3.405762000000000178e+00
1.232909999999999978e-01 2.994384999999999852e+00 1.674805000000000099e+00 3.397216999999999931e+00
1.232909999999999978e-01 2.995604999999999851e+00 1.674805000000000099e+00 3.403319999999999901e+00
1.220699999999999980e-01 2.998047000000000128e+00 1.674805000000000099e+00 3.397216999999999931e+00
1.232909999999999978e-01 2.995604999999999851e+00 1.666260000000000074e+00 3.403319999999999901e+00
1.232909999999999978e-01 3.002930000000000099e+00 1.666260000000000074e+00 3.397216999999999931e+00
1.232909999999999978e-01 2.996825999999999990e+00 1.665038999999999936e+00 3.397216999999999931e+00
1.232909999999999978e-01 2.995604999999999851e+00 1.665038999999999936e+00 3.395995999999999793e+00
1.220699999999999980e-01 2.996825999999999990e+00 1.665038999999999936e+00 3.403319999999999901e+00
1.232909999999999978e-01 2.996825999999999990e+00 1.666260000000000074e+00 3.394775000000000098e+00
1.232909999999999978e-01 3.002930000000000099e+00 1.666260000000000074e+00 3.397216999999999931e+00
1.232909999999999978e-01 2.996825999999999990e+00 1.666260000000000074e+00 3.397216999999999931e+00
