5.371100000000000180e-02 1.401367000000000029e+00 5.761720000000000175e-01 2.182617000000000029e+00 2.196044999999999803e+00
5.371100000000000180e-02 1.401367000000000029e+00 5.761720000000000175e-01 2.174071999999999782e+00 2.182617000000000029e+00
5.371100000000000180e-02 1.401367000000000029e+00 5.761720000000000175e-01 2.176514000000000060e+00 2.172851999999999784e+00
5.371100000000000180e-02 1.397704999999999975e+00 5.773930000000000451e-01 2.176514000000000060e+00 2.163085999999999842e+00
5.371100000000000180e-02 1.401367000000000029e+00 5.761720000000000175e-01 2.176514000000000060e+00 2.153319999999999901e+00
5.371100000000000180e-02 1.397704999999999975e+00 5.761720000000000175e-01 2.176514000000000060e+00 2.153319999999999901e+00
5.371100000000000180e-02 1.396484000000000059e+00 5.749509999999999899e-01 2.175292999999999921e+00 2.176514000000000060e+00
5.371100000000000180e-02 1.396484000000000059e+00 5.749509999999999899e-01 2.174071999999999782e+00 2.172851999999999784e+00
5.493200000000000166e-02 1.401367000000000029e+00 5.761720000000000175e-01 2.176514000000000060e+00 2.156982000000000177e+00
5.371100000000000180e-02 1.395264000000000060e+00 5.761720000000000175e-01 2.175292999999999921e+00 2.182617000000000029e+00
5.371100000000000180e-02 1.398925999999999892e+00 5.749509999999999899e-01 2.174071999999999782e+00 2.172851999999999784e+00
5.371100000000000180e-02 1.396484000000000059e+00 5.749509999999999899e-01 2.175292999999999921e+00 2.186278999999999861e+00
5.371100000000000180e-02 1.396484000000000059e+00 5.761720000000000175e-01 2.174071999999999782e+00 2.172851999999999784e+00
5.371100000000000180e-02 1.395264000000000060e+00 5.749509999999999899e-01 2.174071999999999782e+00 2.163085999999999842e+00
5.371100000000000180e-02 1.396484000000000059e+00 5.737299999999999622e-01 2.174071999999999782e+00 2.147216999999999931e+00
5.371100000000000180e-02 1.395264000000000060e+00 5.737299999999999622e-01 2.175292999999999921e+00 2.186278999999999861e+00
5.371100000000000180e-02 1.395264000000000060e+00 5.749509999999999899e-01 2.174071999999999782e+00 2.172851999999999784e+00
5.371100000000000180e-02 1.395264000000000060e+00 5.749509999999999899e-01 2.174071999999999782e+00 2.172851999999999784e+00
5.371100000000000180e-02 1.395264000000000060e+00 5.749509999999999899e-01 2.174071999999999782e+00 2.163085999999999842e+00
5.371100000000000180e-02 1.396484000000000059e+00 5.737299999999999622e-01 2.172851999999999784e+00 2.174071999999999782e+00
5.493200000000000166e-02 1.394042999999999921e+00 5.737299999999999622e-01 2.174071999999999782e+00 2.163085999999999842e+00
5.371100000000000180e-02 1.395264000000000060e+00 5.737299999999999622e-01 2.174071999999999782e+00 2.153319999999999901e+00
5.371100000000000180e-02 1.392822000000000005e+00 5.725099999999999634e-01 2.172851999999999784e+00 2.175292999999999921e+00
5.371100000000000180e-02 1.395264000000000060e+00 5.737299999999999622e-01 2.174071999999999782e+00 2.177734000000000059e+00
5.493200000000000166e-02 1.401367000000000029e+00 5.749509999999999899e-01 2.172851999999999784e+00 2.198485999999999940e+00
5.371100000000000180e-02 1.392822000000000005e+00 5.737299999999999622e-01 2.174071999999999782e+00 2.182617000000000029e+00
5.371100000000000180e-02 1.392822000000000005e+00 5.737299999999999622e-01 2.172851999999999784e+00 2.186278999999999861e+00
5.371100000000000180e-02 1.392822000000000005e+00 5.749509999999999899e-01 2.174071999999999782e+00 2.177734000000000059e+00
5.371100000000000180e-02 1.392822000000000005e+00 5.749509999999999899e-01 2.175292999999999921e+00 2.203368999999999911e+00
5.371100000000000180e-02 1.392822000000000005e+00 5.749509999999999899e-01 2.175292999999999921e+00 2.202148000000000216e+00
5.371100000000000180e-02 1.392822000000000005e+00 5.737299999999999622e-01 2.172851999999999784e+00 2.202148000000000216e+00
5.371100000000000180e-02 1.392822000000000005e+00 5.737299999999999622e-01 2.174071999999999782e+00 2.172851999999999784e+00
5.371100000000000180e-02 1.396484000000000059e+00 5.725099999999999634e-01 2.172851999999999784e+00 2.183838000000000168e+00
5.371100000000000180e-02 1.392822000000000005e+00 5.737299999999999622e-01 2.172851999999999784e+00 2.192382999999999971e+00
5.371100000000000180e-02 1.391602000000000006e+00 5.737299999999999622e-01 2.172851999999999784e+00 2.196044999999999803e+00
5.371100000000000180e-02 1.392822000000000005e+00 5.737299999999999622e-01 2.172851999999999784e+00 2.204590000000000050e+00
5.371100000000000180e-02 1.392822000000000005e+00 5.725099999999999634e-01 2.172851999999999784e+00 2.215575999999999990e+00
5.371100000000000180e-02 1.392822000000000005e+00 5.725099999999999634e-01 2.172851999999999784e+00 2.215575999999999990e+00
5.371100000000000180e-02 1.392822000000000005e+00 5.737299999999999622e-01 2.176514000000000060e+00 2.186278999999999861e+00
5.371100000000000180e-02 1.392822000000000005e+00 5.737299999999999622e-01 2.169188999999999812e+00 2.172851999999999784e+00
5.371100000000000180e-02 1.392822000000000005e+00 5.737299999999999622e-01 2.172851999999999784e+00 2.182617000000000029e+00
5.371100000000000180e-02 1.391602000000000006e+00 5.725099999999999634e-01 2.174071999999999782e+00 2.172851999999999784e+00
5.371100000000000180e-02 1.391602000000000006e+00 5.737299999999999622e-01 2.172851999999999784e+00 2.182617000000000029e+00
5.371100000000000180e-02 1.391602000000000006e+00 5.737299999999999622e-01 2.172851999999999784e+00 2.194824000000000108e+00
5.371100000000000180e-02 1.392822000000000005e+00 5.725099999999999634e-01 2.172851999999999784e+00 2.213134999999999852e+00
5.371100000000000180e-02 1.391602000000000006e+00 5.725099999999999634e-01 2.172851999999999784e+00 2.202148000000000216e+00
5.371100000000000180e-02 1.392822000000000005e+00 5.737299999999999622e-01 2.172851999999999784e+00 2.202148000000000216e+00
5.371100000000000180e-02 1.391602000000000006e+00 5.725099999999999634e-01 2.172851999999999784e+00 2.203368999999999911e+00
5.371100000000000180e-02 1.394042999999999921e+00 5.761720000000000175e-01 2.172851999999999784e+00 2.196044999999999803e+00
5.371100000000000180e-02 1.394042999999999921e+00 5.822749999999999870e-01 2.172851999999999784e+00 2.211914000000000158e+00
5.371100000000000180e-02 1.401367000000000029e+00 6.066890000000000338e-01 2.172851999999999784e+00 2.211914000000000158e+00
5.493200000000000166e-02 1.422118999999999911e+00 6.628420000000000423e-01 2.182617000000000029e+00 2.211914000000000158e+00
5.615200000000000052e-02 1.459961000000000064e+00 7.568359999999999532e-01 2.192382999999999971e+00 2.214354999999999851e+00
5.859400000000000025e-02 1.500243999999999911e+00 8.789059999999999651e-01 2.211914000000000158e+00 2.232666000000000039e+00
6.103499999999999898e-02 1.558837999999999946e+00 1.020507999999999971e+00 2.241210999999999842e+00 2.241210999999999842e+00
6.347700000000000564e-02 1.625977000000000006e+00 1.158447000000000005e+00 2.270507999999999971e+00 2.260742000000000029e+00
6.713900000000000423e-02 1.704102000000000006e+00 1.280518000000000045e+00 2.309569999999999901e+00 2.280273000000000216e+00
7.202100000000000168e-02 1.782227000000000006e+00 1.378174000000000010e+00 2.348632999999999971e+00 2.303466999999999931e+00
7.568400000000000127e-02 1.860352000000000006e+00 1.451416000000000039e+00 2.388916000000000039e+00 2.309569999999999901e+00
8.178699999999999859e-02 2.019042999999999921e+00 1.547852000000000006e+00 2.475585999999999842e+00 2.352294999999999803e+00
8.422899999999999832e-02 2.087401999999999980e+00 1.578368999999999911e+00 2.514648000000000216e+00 2.398681999999999981e+00
8.911099999999999577e-02 2.154541000000000039e+00 1.597900000000000098e+00 2.553710999999999842e+00 2.426757999999999971e+00
9.033199999999999563e-02 2.222900000000000098e+00 1.616211000000000064e+00 2.592773000000000216e+00 2.446289000000000158e+00
9.399399999999999422e-02 2.285156000000000187e+00 1.617431999999999981e+00 2.623291000000000039e+00 2.446289000000000158e+00
9.521499999999999408e-02 2.340088000000000168e+00 1.621094000000000035e+00 2.661132999999999971e+00 2.475585999999999842e+00
9.765600000000000669e-02 2.391357000000000177e+00 1.625977000000000006e+00 2.691650000000000098e+00 2.476806999999999981e+00
1.000980000000000064e-01 2.437743999999999911e+00 1.619872999999999896e+00 2.724609000000000059e+00 2.514648000000000216e+00
1.013180000000000053e-01 2.485351999999999784e+00 1.616211000000000064e+00 2.751465000000000050e+00 2.543944999999999901e+00
1.025390000000000051e-01 2.524414000000000158e+00 1.616211000000000064e+00 2.778319999999999901e+00 2.563476999999999784e+00
1.037600000000000050e-01 2.554931999999999981e+00 1.611328000000000094e+00 2.807617000000000029e+00 2.585449000000000108e+00
1.049800000000000039e-01 2.592773000000000216e+00 1.616211000000000064e+00 2.834473000000000020e+00 2.613525000000000098e+00
1.062010000000000037e-01 2.622069999999999901e+00 1.606444999999999901e+00 2.856444999999999901e+00 2.622069999999999901e+00
1.074220000000000036e-01 2.651367000000000029e+00 1.596680000000000099e+00 2.880859000000000059e+00 2.633056999999999981e+00
1.086430000000000035e-01 2.670898000000000216e+00 1.586913999999999936e+00 2.905273000000000216e+00 2.645264000000000060e+00
1.086430000000000035e-01 2.691650000000000098e+00 1.578368999999999911e+00 2.924805000000000099e+00 2.670898000000000216e+00
1.086430000000000035e-01 2.709960999999999842e+00 1.571045000000000025e+00 2.938232000000000177e+00 2.653808999999999862e+00
1.098630000000000023e-01 2.724609000000000059e+00 1.561279000000000083e+00 2.955321999999999782e+00 2.661132999999999971e+00
1.110840000000000022e-01 2.739257999999999971e+00 1.551514000000000060e+00 2.972411999999999832e+00 2.656250000000000000e+00
1.110840000000000022e-01 2.760009999999999852e+00 1.547852000000000006e+00 2.988281000000000187e+00 2.700194999999999901e+00
1.110840000000000022e-01 2.761229999999999851e+00 1.529541000000000039e+00 3.002930000000000099e+00 2.719726999999999784e+00
1.110840000000000022e-01 2.770995999999999793e+00 1.519775000000000098e+00 3.012694999999999901e+00 2.729492000000000029e+00
1.110840000000000022e-01 2.779541000000000039e+00 1.505127000000000104e+00 3.023681999999999981e+00 2.709960999999999842e+00
1.098630000000000023e-01 2.788085999999999842e+00 1.489257999999999971e+00 3.035889000000000060e+00 2.700194999999999901e+00
1.098630000000000023e-01 2.789306999999999981e+00 1.459961000000000064e+00 3.052979000000000109e+00 2.719726999999999784e+00
1.098630000000000023e-01 2.789306999999999981e+00 1.444091999999999931e+00 3.061523000000000216e+00 2.749023000000000216e+00
1.086430000000000035e-01 2.797851999999999784e+00 1.430663999999999936e+00 3.071289000000000158e+00 2.758789000000000158e+00
1.086430000000000035e-01 2.797851999999999784e+00 1.413574000000000108e+00 3.081055000000000099e+00 2.768555000000000099e+00
1.086430000000000035e-01 2.790526999999999980e+00 1.401367000000000029e+00 3.074950999999999990e+00 2.744140999999999941e+00
1.074220000000000036e-01 2.788085999999999842e+00 1.384276999999999980e+00 3.084716999999999931e+00 2.749023000000000216e+00
1.074220000000000036e-01 2.788085999999999842e+00 1.372069999999999901e+00 3.090819999999999901e+00 2.758789000000000158e+00
1.062010000000000037e-01 2.781982000000000177e+00 1.352538999999999936e+00 3.092041000000000039e+00 2.749023000000000216e+00
1.049800000000000039e-01 2.778319999999999901e+00 1.342772999999999994e+00 3.100585999999999842e+00 2.762450999999999990e+00
1.049800000000000039e-01 2.778319999999999901e+00 1.324462999999999946e+00 3.100585999999999842e+00 2.788085999999999842e+00
1.049800000000000039e-01 2.773438000000000070e+00 1.314697000000000005e+00 3.100585999999999842e+00 2.797851999999999784e+00
1.037600000000000050e-01 2.768555000000000099e+00 1.304931999999999981e+00 3.104248000000000118e+00 2.768555000000000099e+00
1.025390000000000051e-01 2.760009999999999852e+00 1.297606999999999955e+00 3.110351999999999784e+00 2.778319999999999901e+00
1.037600000000000050e-01 2.758789000000000158e+00 1.293944999999999901e+00 3.110351999999999784e+00 2.788085999999999842e+00
1.025390000000000051e-01 2.752686000000000188e+00 1.285400000000000098e+00 3.110351999999999784e+00 2.797851999999999784e+00
1.013180000000000053e-01 2.750243999999999911e+00 1.278075999999999990e+00 3.110351999999999784e+00 2.797851999999999784e+00
1.013180000000000053e-01 2.739257999999999971e+00 1.274413999999999936e+00 3.110351999999999784e+00 2.797851999999999784e+00
1.000980000000000064e-01 2.739257999999999971e+00 1.269530999999999965e+00 3.110351999999999784e+00 2.797851999999999784e+00
1.000980000000000064e-01 2.733153999999999861e+00 1.265868999999999911e+00 3.110351999999999784e+00 2.807617000000000029e+00
1.000980000000000064e-01 2.729492000000000029e+00 1.264647999999999994e+00 3.110351999999999784e+00 2.799071999999999782e+00
1.000980000000000064e-01 2.729492000000000029e+00 1.260985999999999940e+00 3.110351999999999784e+00 2.797851999999999784e+00
9.887700000000000655e-02 2.720946999999999782e+00 1.256104000000000109e+00 3.110351999999999784e+00 2.801514000000000060e+00
9.887700000000000655e-02 2.719726999999999784e+00 1.254882999999999971e+00 3.110351999999999784e+00 2.807617000000000029e+00
9.765600000000000669e-02 2.713623000000000118e+00 1.246337999999999946e+00 3.110351999999999784e+00 2.808838000000000168e+00
9.765600000000000669e-02 2.701416000000000039e+00 1.235352000000000006e+00 3.110351999999999784e+00 2.797851999999999784e+00
9.643599999999999395e-02 2.700194999999999901e+00 1.225586000000000064e+00 3.110351999999999784e+00 2.797851999999999784e+00
9.643599999999999395e-02 2.690430000000000099e+00 1.215819999999999901e+00 3.104248000000000118e+00 2.769775000000000098e+00
9.521499999999999408e-02 2.680664000000000158e+00 1.206055000000000099e+00 3.103026999999999980e+00 2.778319999999999901e+00
9.399399999999999422e-02 2.680664000000000158e+00 1.196288999999999936e+00 3.110351999999999784e+00 2.788085999999999842e+00
9.399399999999999422e-02 2.670898000000000216e+00 1.186522999999999994e+00 3.100585999999999842e+00 2.790526999999999980e+00
9.399399999999999422e-02 2.662354000000000109e+00 1.171875000000000000e+00 3.100585999999999842e+00 2.801514000000000060e+00
9.277299999999999436e-02 2.656250000000000000e+00 1.158447000000000005e+00 3.100585999999999842e+00 2.807617000000000029e+00
9.277299999999999436e-02 2.651367000000000029e+00 1.148681999999999981e+00 3.090819999999999901e+00 2.800292999999999921e+00
9.155299999999999550e-02 2.641601999999999784e+00 1.137694999999999901e+00 3.090819999999999901e+00 2.807617000000000029e+00
9.155299999999999550e-02 2.631835999999999842e+00 1.127930000000000099e+00 3.084716999999999931e+00 2.772216999999999931e+00
9.033199999999999563e-02 2.623291000000000039e+00 1.114502000000000104e+00 3.081055000000000099e+00 2.781982000000000177e+00
8.911099999999999577e-02 2.614745999999999793e+00 1.103515999999999941e+00 3.074950999999999990e+00 2.770995999999999793e+00
8.911099999999999577e-02 2.604979999999999851e+00 1.092529000000000083e+00 3.081055000000000099e+00 2.784424000000000010e+00
8.911099999999999577e-02 2.595215000000000050e+00 1.081542999999999921e+00 3.071289000000000158e+00 2.788085999999999842e+00
8.789099999999999691e-02 2.586669999999999803e+00 1.070556999999999981e+00 3.066406000000000187e+00 2.788085999999999842e+00
8.789099999999999691e-02 2.583007999999999971e+00 1.062011999999999956e+00 3.061523000000000216e+00 2.778319999999999901e+00
8.666999999999999704e-02 2.573242000000000029e+00 1.053466999999999931e+00 3.061523000000000216e+00 2.778319999999999901e+00
8.544899999999999718e-02 2.563476999999999784e+00 1.043700999999999990e+00 3.051757999999999971e+00 2.772216999999999931e+00
8.544899999999999718e-02 2.553710999999999842e+00 1.035155999999999965e+00 3.051757999999999971e+00 2.778319999999999901e+00
8.422899999999999832e-02 2.543944999999999901e+00 1.026610999999999940e+00 3.046875000000000000e+00 2.770995999999999793e+00
8.422899999999999832e-02 2.534180000000000099e+00 1.020507999999999971e+00 3.043213000000000168e+00 2.750243999999999911e+00
8.300799999999999845e-02 2.525634999999999852e+00 1.010742000000000029e+00 3.033446999999999782e+00 2.719726999999999784e+00
8.300799999999999845e-02 2.514648000000000216e+00 1.002197000000000005e+00 3.032226999999999784e+00 2.739257999999999971e+00
8.178699999999999859e-02 2.497558999999999862e+00 9.912109999999999532e-01 3.022460999999999842e+00 2.723389000000000060e+00
8.056599999999999873e-02 2.486571999999999782e+00 9.814450000000000118e-01 3.013916000000000039e+00 2.719726999999999784e+00
8.056599999999999873e-02 2.475585999999999842e+00 9.728999999999999870e-01 3.012694999999999901e+00 2.725830000000000197e+00
7.934599999999999986e-02 2.467041000000000039e+00 9.680180000000000451e-01 3.004150000000000098e+00 2.720946999999999782e+00
7.934599999999999986e-02 2.459716999999999931e+00 9.619140000000000468e-01 3.002930000000000099e+00 2.720946999999999782e+00
7.812500000000000000e-02 2.451172000000000128e+00 9.533690000000000220e-01 2.996825999999999990e+00 2.700194999999999901e+00
7.812500000000000000e-02 2.441406000000000187e+00 9.484860000000000513e-01 2.993164000000000158e+00 2.709960999999999842e+00
7.690400000000000014e-02 2.436523000000000216e+00 9.423829999999999707e-01 2.985840000000000050e+00 2.720946999999999782e+00
7.690400000000000014e-02 2.421875000000000000e+00 9.362789999999999724e-01 2.984618999999999911e+00 2.700194999999999901e+00
7.690400000000000014e-02 2.416992000000000029e+00 9.326170000000000293e-01 2.974854000000000109e+00 2.674561000000000188e+00
7.690400000000000014e-02 2.407226999999999784e+00 9.252930000000000321e-01 2.973632999999999971e+00 2.701416000000000039e+00
7.568400000000000127e-02 2.397460999999999842e+00 9.191890000000000338e-01 2.965088000000000168e+00 2.680664000000000158e+00
7.568400000000000127e-02 2.397460999999999842e+00 9.143069999999999808e-01 2.963867000000000029e+00 2.694091999999999931e+00
7.446300000000000141e-02 2.379150000000000098e+00 9.094240000000000101e-01 2.954101999999999784e+00 2.711181999999999981e+00
7.446300000000000141e-02 2.369384999999999852e+00 9.045410000000000394e-01 2.954101999999999784e+00 2.703857000000000177e+00
7.324200000000000155e-02 2.368164000000000158e+00 8.996579999999999577e-01 2.944335999999999842e+00 2.711181999999999981e+00
7.324200000000000155e-02 2.358398000000000216e+00 8.947749999999999870e-01 2.938232000000000177e+00 2.673340000000000050e+00
7.324200000000000155e-02 2.348632999999999971e+00 8.935549999999999882e-01 2.934569999999999901e+00 2.690430000000000099e+00
7.324200000000000155e-02 2.338867000000000029e+00 8.850099999999999634e-01 2.934569999999999901e+00 2.691650000000000098e+00
7.202100000000000168e-02 2.329101999999999784e+00 8.837890000000000468e-01 2.926025000000000098e+00 2.661132999999999971e+00
7.202100000000000168e-02 2.321776999999999980e+00 8.789059999999999651e-01 2.918700999999999990e+00 2.642821999999999782e+00
7.202100000000000168e-02 2.313232000000000177e+00 8.740229999999999944e-01 2.916259999999999852e+00 2.625732000000000177e+00
7.080100000000000282e-02 2.309569999999999901e+00 8.703610000000000513e-01 2.915039000000000158e+00 2.662354000000000109e+00
6.958000000000000296e-02 2.301025000000000098e+00 8.654789999999999983e-01 2.905273000000000216e+00 2.662354000000000109e+00
6.958000000000000296e-02 2.291259999999999852e+00 8.642579999999999707e-01 2.905273000000000216e+00 2.663574000000000108e+00
6.958000000000000296e-02 2.282715000000000050e+00 8.593750000000000000e-01 2.895507999999999971e+00 2.680664000000000158e+00
6.958000000000000296e-02 2.280273000000000216e+00 8.544920000000000293e-01 2.895507999999999971e+00 2.670898000000000216e+00
6.958000000000000296e-02 2.270507999999999971e+00 8.532710000000000017e-01 2.885742000000000029e+00 2.675781000000000187e+00
6.835900000000000309e-02 2.260742000000000029e+00 8.459470000000000045e-01 2.885742000000000029e+00 2.680664000000000158e+00
6.835900000000000309e-02 2.254639000000000060e+00 8.447270000000000056e-01 2.875976999999999784e+00 2.670898000000000216e+00
6.835900000000000309e-02 2.250976999999999784e+00 8.410640000000000338e-01 2.875976999999999784e+00 2.663574000000000108e+00
6.835900000000000309e-02 2.241210999999999842e+00 8.410640000000000338e-01 2.867431999999999981e+00 2.642821999999999782e+00
6.713900000000000423e-02 2.236327999999999872e+00 8.544920000000000293e-01 2.866210999999999842e+00 2.641601999999999784e+00
6.713900000000000423e-02 2.241210999999999842e+00 8.850099999999999634e-01 2.866210999999999842e+00 2.651367000000000029e+00
6.835900000000000309e-02 2.250976999999999784e+00 9.521479999999999944e-01 2.866210999999999842e+00 2.651367000000000029e+00
7.080100000000000282e-02 2.271729000000000109e+00 1.049805000000000099e+00 2.875976999999999784e+00 2.653808999999999862e+00
7.324200000000000155e-02 2.309569999999999901e+00 1.176757999999999971e+00 2.879639000000000060e+00 2.651367000000000029e+00
7.568400000000000127e-02 2.348632999999999971e+00 1.303711000000000064e+00 2.905273000000000216e+00 2.661132999999999971e+00
7.812500000000000000e-02 2.397460999999999842e+00 1.425780999999999965e+00 2.924805000000000099e+00 2.680664000000000158e+00
8.178699999999999859e-02 2.446289000000000158e+00 1.522216999999999931e+00 2.954101999999999784e+00 2.700194999999999901e+00
8.544899999999999718e-02 2.495117000000000029e+00 1.596680000000000099e+00 2.973632999999999971e+00 2.709960999999999842e+00
8.911099999999999577e-02 2.543944999999999901e+00 1.656493999999999911e+00 2.993164000000000158e+00 2.729492000000000029e+00
9.277299999999999436e-02 2.592773000000000216e+00 1.694336000000000064e+00 3.022460999999999842e+00 2.740479000000000109e+00
9.521499999999999408e-02 2.634276999999999980e+00 1.724854000000000109e+00 3.043213000000000168e+00 2.734375000000000000e+00
9.887700000000000655e-02 2.680664000000000158e+00 1.745605000000000073e+00 3.066406000000000187e+00 2.768555000000000099e+00
9.887700000000000655e-02 2.680664000000000158e+00 1.745605000000000073e+00 3.066406000000000187e+00 2.768555000000000099e+00
1.013180000000000053e-01 2.712401999999999980e+00 1.763916000000000039e+00 3.084716999999999931e+00 2.768555000000000099e+00
1.025390000000000051e-01 2.750243999999999911e+00 1.774901999999999980e+00 3.110351999999999784e+00 2.781982000000000177e+00
1.062010000000000037e-01 2.781982000000000177e+00 1.782227000000000006e+00 3.129882999999999971e+00 2.808838000000000168e+00
1.074220000000000036e-01 2.812500000000000000e+00 1.791992000000000029e+00 3.149414000000000158e+00 2.817382999999999971e+00
1.098630000000000023e-01 2.836914000000000158e+00 1.791992000000000029e+00 3.161620999999999793e+00 2.836914000000000158e+00
1.123050000000000020e-01 2.861327999999999872e+00 1.785889000000000060e+00 3.179931999999999981e+00 2.819824000000000108e+00
1.135250000000000009e-01 2.879639000000000060e+00 1.782227000000000006e+00 3.198242000000000029e+00 2.856444999999999901e+00
1.147460000000000008e-01 2.899169999999999803e+00 1.782227000000000006e+00 3.208007999999999971e+00 2.858887000000000178e+00
1.159670000000000006e-01 2.915039000000000158e+00 1.772461000000000064e+00 3.227539000000000158e+00 2.885742000000000029e+00
1.159670000000000006e-01 2.934569999999999901e+00 1.762694999999999901e+00 3.231200999999999990e+00 2.866210999999999842e+00
1.171880000000000005e-01 2.946776999999999980e+00 1.754150000000000098e+00 3.247069999999999901e+00 2.880859000000000059e+00
1.184079999999999994e-01 2.954101999999999784e+00 1.744385000000000074e+00 3.256835999999999842e+00 2.910156000000000187e+00
1.184079999999999994e-01 2.956542999999999921e+00 1.737060999999999966e+00 3.266601999999999784e+00 2.926025000000000098e+00
1.184079999999999994e-01 2.968750000000000000e+00 1.733397999999999994e+00 3.276367000000000029e+00 2.917479999999999851e+00
1.196289999999999992e-01 2.973632999999999971e+00 1.723632999999999971e+00 3.286132999999999971e+00 2.926025000000000098e+00
1.208499999999999991e-01 2.976074000000000108e+00 1.713867000000000029e+00 3.286132999999999971e+00 2.924805000000000099e+00
1.208499999999999991e-01 2.984618999999999911e+00 1.704102000000000006e+00 3.295898000000000216e+00 2.928466999999999931e+00
1.220699999999999980e-01 2.983398000000000216e+00 1.695556999999999981e+00 3.299561000000000188e+00 2.924805000000000099e+00
1.220699999999999980e-01 2.985840000000000050e+00 1.688231999999999955e+00 3.305664000000000158e+00 2.929688000000000070e+00
1.220699999999999980e-01 2.988281000000000187e+00 1.684569999999999901e+00 3.315430000000000099e+00 2.945556999999999981e+00
1.220699999999999980e-01 2.993164000000000158e+00 1.674805000000000099e+00 3.317870999999999793e+00 2.944335999999999842e+00
1.220699999999999980e-01 2.993164000000000158e+00 1.667480000000000073e+00 3.325194999999999901e+00 2.944335999999999842e+00
1.220699999999999980e-01 2.990723000000000020e+00 1.655272999999999994e+00 3.325194999999999901e+00 2.944335999999999842e+00
1.220699999999999980e-01 2.993164000000000158e+00 1.640625000000000000e+00 3.328857000000000177e+00 2.926025000000000098e+00
1.220699999999999980e-01 2.984618999999999911e+00 1.629639000000000060e+00 3.328857000000000177e+00 2.915039000000000158e+00
1.220699999999999980e-01 2.988281000000000187e+00 1.617431999999999981e+00 3.334960999999999842e+00 2.934569999999999901e+00
1.196289999999999992e-01 2.978515999999999941e+00 1.606444999999999901e+00 3.328857000000000177e+00 2.924805000000000099e+00
1.196289999999999992e-01 2.973632999999999971e+00 1.590575999999999990e+00 3.336181999999999981e+00 2.915039000000000158e+00
1.196289999999999992e-01 2.968750000000000000e+00 1.577147999999999994e+00 3.334960999999999842e+00 2.928466999999999931e+00
1.184079999999999994e-01 2.965088000000000168e+00 1.567382999999999971e+00 3.334960999999999842e+00 2.954101999999999784e+00
1.184079999999999994e-01 2.963867000000000029e+00 1.549072000000000005e+00 3.336181999999999981e+00 2.934569999999999901e+00
1.171880000000000005e-01 2.954101999999999784e+00 1.538086000000000064e+00 3.334960999999999842e+00 2.935791000000000039e+00
1.171880000000000005e-01 2.945556999999999981e+00 1.519775000000000098e+00 3.334960999999999842e+00 2.945556999999999981e+00
1.159670000000000006e-01 2.938232000000000177e+00 1.508788999999999936e+00 3.328857000000000177e+00 2.924805000000000099e+00
1.159670000000000006e-01 2.934569999999999901e+00 1.494140999999999941e+00 3.334960999999999842e+00 2.935791000000000039e+00
1.159670000000000006e-01 2.926025000000000098e+00 1.479492000000000029e+00 3.327637000000000178e+00 2.937012000000000178e+00
1.147460000000000008e-01 2.917479999999999851e+00 1.467284999999999950e+00 3.325194999999999901e+00 2.956542999999999921e+00
1.135250000000000009e-01 2.915039000000000158e+00 1.451416000000000039e+00 3.325194999999999901e+00 2.963867000000000029e+00
1.135250000000000009e-01 2.899169999999999803e+00 1.440430000000000099e+00 3.325194999999999901e+00 2.954101999999999784e+00
1.123050000000000020e-01 2.895507999999999971e+00 1.422118999999999911e+00 3.315430000000000099e+00 2.947998000000000118e+00
1.110840000000000022e-01 2.885742000000000029e+00 1.411132999999999971e+00 3.320313000000000070e+00 2.954101999999999784e+00
1.110840000000000022e-01 2.875976999999999784e+00 1.395264000000000060e+00 3.310547000000000128e+00 2.954101999999999784e+00
1.098630000000000023e-01 2.866210999999999842e+00 1.381836000000000064e+00 3.309325999999999990e+00 2.924805000000000099e+00
1.086430000000000035e-01 2.858887000000000178e+00 1.365966999999999931e+00 3.305664000000000158e+00 2.924805000000000099e+00
1.086430000000000035e-01 2.847900000000000098e+00 1.352538999999999936e+00 3.298340000000000050e+00 2.934569999999999901e+00
1.074220000000000036e-01 2.838134999999999852e+00 1.339110999999999940e+00 3.295898000000000216e+00 2.934569999999999901e+00
1.062010000000000037e-01 2.832031000000000187e+00 1.328125000000000000e+00 3.288574000000000108e+00 2.934569999999999901e+00
1.049800000000000039e-01 2.829590000000000050e+00 1.314697000000000005e+00 3.286132999999999971e+00 2.926025000000000098e+00
1.049800000000000039e-01 2.811278999999999861e+00 1.303711000000000064e+00 3.286132999999999971e+00 2.924805000000000099e+00
1.037600000000000050e-01 2.807617000000000029e+00 1.293944999999999901e+00 3.281250000000000000e+00 2.918700999999999990e+00
1.037600000000000050e-01 2.797851999999999784e+00 1.280518000000000045e+00 3.281250000000000000e+00 2.928466999999999931e+00
1.025390000000000051e-01 2.788085999999999842e+00 1.270752000000000104e+00 3.266601999999999784e+00 2.934569999999999901e+00
1.013180000000000053e-01 2.778319999999999901e+00 1.260985999999999940e+00 3.266601999999999784e+00 2.924805000000000099e+00
1.013180000000000053e-01 2.762450999999999990e+00 1.251220999999999917e+00 3.250732000000000177e+00 2.895507999999999971e+00
1.000980000000000064e-01 2.758789000000000158e+00 1.240234000000000059e+00 3.250732000000000177e+00 2.875976999999999784e+00
9.887700000000000655e-02 2.750243999999999911e+00 1.235352000000000006e+00 3.247069999999999901e+00 2.877196999999999782e+00
9.887700000000000655e-02 2.739257999999999971e+00 1.225586000000000064e+00 3.247069999999999901e+00 2.885742000000000029e+00
9.765600000000000669e-02 2.730713000000000168e+00 1.215819999999999901e+00 3.237305000000000099e+00 2.895507999999999971e+00
9.643599999999999395e-02 2.723389000000000060e+00 1.206055000000000099e+00 3.237305000000000099e+00 2.895507999999999971e+00
9.643599999999999395e-02 2.714843999999999813e+00 1.196288999999999936e+00 3.228759999999999852e+00 2.866210999999999842e+00
9.521499999999999408e-02 2.709960999999999842e+00 1.186522999999999994e+00 3.227539000000000158e+00 2.868651999999999980e+00
9.399399999999999422e-02 2.694091999999999931e+00 1.177979000000000109e+00 3.218993999999999911e+00 2.866210999999999842e+00
9.399399999999999422e-02 2.690430000000000099e+00 1.168212999999999946e+00 3.209229000000000109e+00 2.846680000000000099e+00
9.277299999999999436e-02 2.680664000000000158e+00 1.160889000000000060e+00 3.208007999999999971e+00 2.860107000000000177e+00
9.277299999999999436e-02 2.670898000000000216e+00 1.152344000000000035e+00 3.199463000000000168e+00 2.850341999999999931e+00
9.155299999999999550e-02 2.661132999999999971e+00 1.147461000000000064e+00 3.192139000000000060e+00 2.836914000000000158e+00
9.155299999999999550e-02 2.652588000000000168e+00 1.140136999999999956e+00 3.188476999999999784e+00 2.846680000000000099e+00
9.033199999999999563e-02 2.644042999999999921e+00 1.129150000000000098e+00 3.181151999999999980e+00 2.856444999999999901e+00
8.911099999999999577e-02 2.636718999999999813e+00 1.124268000000000045e+00 3.182373000000000118e+00 2.836914000000000158e+00
8.911099999999999577e-02 2.625732000000000177e+00 1.118163999999999936e+00 3.181151999999999980e+00 2.838134999999999852e+00
8.911099999999999577e-02 2.615966999999999931e+00 1.108397999999999994e+00 3.168944999999999901e+00 2.836914000000000158e+00
8.789099999999999691e-02 2.612305000000000099e+00 1.099854000000000109e+00 3.160400000000000098e+00 2.827148000000000216e+00
8.666999999999999704e-02 2.602539000000000158e+00 1.093750000000000000e+00 3.159180000000000099e+00 2.827148000000000216e+00
8.666999999999999704e-02 2.590332000000000079e+00 1.088867000000000029e+00 3.149414000000000158e+00 2.836914000000000158e+00
8.544899999999999718e-02 2.584229000000000109e+00 1.083984000000000059e+00 3.149414000000000158e+00 2.836914000000000158e+00
8.544899999999999718e-02 2.573242000000000029e+00 1.075439000000000034e+00 3.140868999999999911e+00 2.808838000000000168e+00
8.422899999999999832e-02 2.564696999999999782e+00 1.069336000000000064e+00 3.131104000000000109e+00 2.788085999999999842e+00
8.422899999999999832e-02 2.554931999999999981e+00 1.060791000000000039e+00 3.128661999999999832e+00 2.778319999999999901e+00
8.300799999999999845e-02 2.547607000000000177e+00 1.055908000000000069e+00 3.125000000000000000e+00 2.799071999999999782e+00
8.300799999999999845e-02 2.543944999999999901e+00 1.049805000000000099e+00 3.120117000000000029e+00 2.807617000000000029e+00
8.178699999999999859e-02 2.534180000000000099e+00 1.044921999999999906e+00 3.111571999999999782e+00 2.789306999999999981e+00
8.178699999999999859e-02 2.524414000000000158e+00 1.040038999999999936e+00 3.110351999999999784e+00 2.789306999999999981e+00
8.178699999999999859e-02 2.515868999999999911e+00 1.031493999999999911e+00 3.100585999999999842e+00 2.801514000000000060e+00
8.178699999999999859e-02 2.508544999999999803e+00 1.027832000000000079e+00 3.094482000000000177e+00 2.789306999999999981e+00
7.934599999999999986e-02 2.497558999999999862e+00 1.021729000000000109e+00 3.090819999999999901e+00 2.788085999999999842e+00
7.934599999999999986e-02 2.497558999999999862e+00 1.021729000000000109e+00 3.090819999999999901e+00 2.788085999999999842e+00
7.934599999999999986e-02 2.495117000000000029e+00 1.020507999999999971e+00 3.084716999999999931e+00 2.772216999999999931e+00
7.934599999999999986e-02 2.485351999999999784e+00 1.011962999999999946e+00 3.081055000000000099e+00 2.788085999999999842e+00
7.934599999999999986e-02 2.475585999999999842e+00 1.010742000000000029e+00 3.074950999999999990e+00 2.768555000000000099e+00
7.812500000000000000e-02 2.468262000000000178e+00 1.004639000000000060e+00 3.071289000000000158e+00 2.768555000000000099e+00
7.812500000000000000e-02 2.465819999999999901e+00 1.000977000000000006e+00 3.062743999999999911e+00 2.760009999999999852e+00
7.812500000000000000e-02 2.456055000000000099e+00 9.960940000000000349e-01 3.061523000000000216e+00 2.760009999999999852e+00
7.690400000000000014e-02 2.446289000000000158e+00 9.948730000000000073e-01 3.052979000000000109e+00 2.749023000000000216e+00
7.690400000000000014e-02 2.438965000000000050e+00 9.912109999999999532e-01 3.051757999999999971e+00 2.753906000000000187e+00
7.690400000000000014e-02 2.436523000000000216e+00 9.851069999999999549e-01 3.046875000000000000e+00 2.778319999999999901e+00
7.568400000000000127e-02 2.426757999999999971e+00 9.826660000000000394e-01 3.041992000000000029e+00 2.772216999999999931e+00
7.568400000000000127e-02 2.421875000000000000e+00 9.814450000000000118e-01 3.034667999999999921e+00 2.780762000000000178e+00
7.568400000000000127e-02 2.410889000000000060e+00 9.765629999999999589e-01 3.032226999999999784e+00 2.778319999999999901e+00
7.446300000000000141e-02 2.407226999999999784e+00 9.728999999999999870e-01 3.022460999999999842e+00 2.769775000000000098e+00
7.446300000000000141e-02 2.398681999999999981e+00 9.716799999999999882e-01 3.022460999999999842e+00 2.758789000000000158e+00
7.446300000000000141e-02 2.391357000000000177e+00 9.680180000000000451e-01 3.016357000000000177e+00 2.739257999999999971e+00
7.446300000000000141e-02 2.387694999999999901e+00 9.631349999999999634e-01 3.006591999999999931e+00 2.719726999999999784e+00
7.324200000000000155e-02 2.379150000000000098e+00 9.619140000000000468e-01 3.004150000000000098e+00 2.702637000000000178e+00
7.324200000000000155e-02 2.377930000000000099e+00 9.619140000000000468e-01 3.000487999999999822e+00 2.734375000000000000e+00
7.324200000000000155e-02 2.368164000000000158e+00 9.582519999999999927e-01 2.996825999999999990e+00 2.729492000000000029e+00
7.324200000000000155e-02 2.360840000000000050e+00 9.570309999999999651e-01 2.993164000000000158e+00 2.722167999999999921e+00
7.202100000000000168e-02 2.358398000000000216e+00 9.533690000000000220e-01 2.987061000000000188e+00 2.722167999999999921e+00
7.202100000000000168e-02 2.353515999999999941e+00 9.533690000000000220e-01 2.977294999999999803e+00 2.711181999999999981e+00
7.202100000000000168e-02 2.348632999999999971e+00 9.521479999999999944e-01 2.976074000000000108e+00 2.709960999999999842e+00
7.324200000000000155e-02 2.340088000000000168e+00 9.521479999999999944e-01 2.974854000000000109e+00 2.700194999999999901e+00
7.080100000000000282e-02 2.338867000000000029e+00 9.533690000000000220e-01 2.973632999999999971e+00 2.703857000000000177e+00
7.080100000000000282e-02 2.329101999999999784e+00 9.533690000000000220e-01 2.973632999999999971e+00 2.729492000000000029e+00
7.080100000000000282e-02 2.329101999999999784e+00 9.582519999999999927e-01 2.963867000000000029e+00 2.723389000000000060e+00
6.958000000000000296e-02 2.324218999999999813e+00 9.582519999999999927e-01 2.963867000000000029e+00 2.729492000000000029e+00
7.080100000000000282e-02 2.320556999999999981e+00 9.619140000000000468e-01 2.957764000000000060e+00 2.700194999999999901e+00
7.080100000000000282e-02 2.319335999999999842e+00 9.631349999999999634e-01 2.954101999999999784e+00 2.700194999999999901e+00
7.080100000000000282e-02 2.312012000000000178e+00 9.655759999999999899e-01 2.954101999999999784e+00 2.709960999999999842e+00
7.080100000000000282e-02 2.309569999999999901e+00 9.716799999999999882e-01 2.945556999999999981e+00 2.690430000000000099e+00
6.958000000000000296e-02 2.310791000000000039e+00 9.716799999999999882e-01 2.938232000000000177e+00 2.664794999999999803e+00
6.958000000000000296e-02 2.304688000000000070e+00 9.716799999999999882e-01 2.944335999999999842e+00 2.684325999999999990e+00
7.080100000000000282e-02 2.301025000000000098e+00 9.753420000000000423e-01 2.938232000000000177e+00 2.685547000000000128e+00
6.958000000000000296e-02 2.301025000000000098e+00 9.814450000000000118e-01 2.938232000000000177e+00 2.672118999999999911e+00
7.080100000000000282e-02 2.301025000000000098e+00 9.814450000000000118e-01 2.934569999999999901e+00 2.674561000000000188e+00
6.958000000000000296e-02 2.299805000000000099e+00 9.863279999999999825e-01 2.934569999999999901e+00 2.691650000000000098e+00
6.958000000000000296e-02 2.299805000000000099e+00 9.912109999999999532e-01 2.928466999999999931e+00 2.672118999999999911e+00
6.958000000000000296e-02 2.299805000000000099e+00 9.924319999999999808e-01 2.926025000000000098e+00 2.651367000000000029e+00
7.080100000000000282e-02 2.293700999999999990e+00 9.948730000000000073e-01 2.926025000000000098e+00 2.651367000000000029e+00
6.958000000000000296e-02 2.291259999999999852e+00 1.000977000000000006e+00 2.924805000000000099e+00 2.664794999999999803e+00
6.958000000000000296e-02 2.292479999999999851e+00 1.002197000000000005e+00 2.924805000000000099e+00 2.690430000000000099e+00
6.958000000000000296e-02 2.293700999999999990e+00 1.004639000000000060e+00 2.924805000000000099e+00 2.690430000000000099e+00
6.958000000000000296e-02 2.293700999999999990e+00 1.010742000000000029e+00 2.918700999999999990e+00 2.664794999999999803e+00
7.080100000000000282e-02 2.291259999999999852e+00 1.010742000000000029e+00 2.916259999999999852e+00 2.653808999999999862e+00
6.958000000000000296e-02 2.290039000000000158e+00 1.010742000000000029e+00 2.915039000000000158e+00 2.680664000000000158e+00
6.958000000000000296e-02 2.291259999999999852e+00 1.010742000000000029e+00 2.915039000000000158e+00 2.680664000000000158e+00
6.958000000000000296e-02 2.291259999999999852e+00 1.010742000000000029e+00 2.915039000000000158e+00 2.690430000000000099e+00
7.080100000000000282e-02 2.290039000000000158e+00 1.007079999999999975e+00 2.915039000000000158e+00 2.683104999999999851e+00
7.080100000000000282e-02 2.292479999999999851e+00 1.002197000000000005e+00 2.910156000000000187e+00 2.691650000000000098e+00
6.958000000000000296e-02 2.285156000000000187e+00 1.000977000000000006e+00 2.906493999999999911e+00 2.661132999999999971e+00
7.080100000000000282e-02 2.290039000000000158e+00 9.948730000000000073e-01 2.910156000000000187e+00 2.670898000000000216e+00
7.080100000000000282e-02 2.280273000000000216e+00 9.912109999999999532e-01 2.905273000000000216e+00 2.672118999999999911e+00
6.958000000000000296e-02 2.280273000000000216e+00 9.863279999999999825e-01 2.905273000000000216e+00 2.670898000000000216e+00
6.958000000000000296e-02 2.280273000000000216e+00 9.814450000000000118e-01 2.896729000000000109e+00 2.651367000000000029e+00
6.958000000000000296e-02 2.275390999999999941e+00 9.814450000000000118e-01 2.895507999999999971e+00 2.661132999999999971e+00
6.958000000000000296e-02 2.271729000000000109e+00 9.753420000000000423e-01 2.895507999999999971e+00 2.666015999999999941e+00
6.958000000000000296e-02 2.270507999999999971e+00 9.716799999999999882e-01 2.895507999999999971e+00 2.680664000000000158e+00
6.958000000000000296e-02 2.272949000000000108e+00 9.680180000000000451e-01 2.895507999999999971e+00 2.680664000000000158e+00
6.958000000000000296e-02 2.265625000000000000e+00 9.667970000000000175e-01 2.890625000000000000e+00 2.675781000000000187e+00
6.958000000000000296e-02 2.261963000000000168e+00 9.631349999999999634e-01 2.885742000000000029e+00 2.690430000000000099e+00
6.958000000000000296e-02 2.263183999999999862e+00 9.631349999999999634e-01 2.879639000000000060e+00 2.661132999999999971e+00
6.958000000000000296e-02 2.260742000000000029e+00 9.631349999999999634e-01 2.885742000000000029e+00 2.661132999999999971e+00
6.835900000000000309e-02 2.260742000000000029e+00 9.643549999999999622e-01 2.878417999999999921e+00 2.661132999999999971e+00
6.958000000000000296e-02 2.253417999999999921e+00 9.631349999999999634e-01 2.878417999999999921e+00 2.670898000000000216e+00
6.958000000000000296e-02 2.252196999999999782e+00 9.667970000000000175e-01 2.877196999999999782e+00 2.641601999999999784e+00
6.958000000000000296e-02 2.250976999999999784e+00 9.680180000000000451e-01 2.875976999999999784e+00 2.651367000000000029e+00
6.958000000000000296e-02 2.250976999999999784e+00 9.680180000000000451e-01 2.875976999999999784e+00 2.661132999999999971e+00
6.958000000000000296e-02 2.252196999999999782e+00 9.667970000000000175e-01 2.875976999999999784e+00 2.653808999999999862e+00
6.958000000000000296e-02 2.244873000000000118e+00 9.680180000000000451e-01 2.875976999999999784e+00 2.670898000000000216e+00
6.958000000000000296e-02 2.246093999999999813e+00 9.655759999999999899e-01 2.875976999999999784e+00 2.662354000000000109e+00
6.958000000000000296e-02 2.243651999999999980e+00 9.643549999999999622e-01 2.868651999999999980e+00 2.661132999999999971e+00
6.958000000000000296e-02 2.242431999999999981e+00 9.631349999999999634e-01 2.866210999999999842e+00 2.661132999999999971e+00
6.958000000000000296e-02 2.241210999999999842e+00 9.619140000000000468e-01 2.866210999999999842e+00 2.651367000000000029e+00
6.958000000000000296e-02 2.241210999999999842e+00 9.582519999999999927e-01 2.866210999999999842e+00 2.661132999999999971e+00
6.958000000000000296e-02 2.241210999999999842e+00 9.558109999999999662e-01 2.866210999999999842e+00 2.661132999999999971e+00
6.958000000000000296e-02 2.232666000000000039e+00 9.521479999999999944e-01 2.860107000000000177e+00 2.631835999999999842e+00
6.958000000000000296e-02 2.231444999999999901e+00 9.521479999999999944e-01 2.856444999999999901e+00 2.631835999999999842e+00
6.958000000000000296e-02 2.231444999999999901e+00 9.460450000000000248e-01 2.856444999999999901e+00 2.641601999999999784e+00
6.835900000000000309e-02 2.231444999999999901e+00 9.423829999999999707e-01 2.856444999999999901e+00 2.642821999999999782e+00
6.835900000000000309e-02 2.222900000000000098e+00 9.375000000000000000e-01 2.856444999999999901e+00 2.641601999999999784e+00
6.835900000000000309e-02 2.221680000000000099e+00 9.338379999999999459e-01 2.850341999999999931e+00 2.631835999999999842e+00
6.835900000000000309e-02 2.221680000000000099e+00 9.326170000000000293e-01 2.847900000000000098e+00 2.612305000000000099e+00
6.835900000000000309e-02 2.214354999999999851e+00 9.277339999999999476e-01 2.846680000000000099e+00 2.622069999999999901e+00
6.835900000000000309e-02 2.213134999999999852e+00 9.228520000000000056e-01 2.846680000000000099e+00 2.631835999999999842e+00
6.835900000000000309e-02 2.213134999999999852e+00 9.228520000000000056e-01 2.846680000000000099e+00 2.633056999999999981e+00
6.713900000000000423e-02 2.203368999999999911e+00 9.167480000000000073e-01 2.838134999999999852e+00 2.612305000000000099e+00
6.713900000000000423e-02 2.202148000000000216e+00 9.130859999999999532e-01 2.841797000000000128e+00 2.615966999999999931e+00
6.713900000000000423e-02 2.197265999999999941e+00 9.082029999999999825e-01 2.836914000000000158e+00 2.633056999999999981e+00
6.713900000000000423e-02 2.197265999999999941e+00 9.045410000000000394e-01 2.836914000000000158e+00 2.633056999999999981e+00
6.713900000000000423e-02 2.193604000000000109e+00 9.033200000000000118e-01 2.828368999999999911e+00 2.612305000000000099e+00
6.713900000000000423e-02 2.186278999999999861e+00 8.984379999999999589e-01 2.828368999999999911e+00 2.592773000000000216e+00
6.713900000000000423e-02 2.182617000000000029e+00 8.947749999999999870e-01 2.827148000000000216e+00 2.612305000000000099e+00
6.713900000000000423e-02 2.182617000000000029e+00 8.935549999999999882e-01 2.827148000000000216e+00 2.615966999999999931e+00
6.713900000000000423e-02 2.176514000000000060e+00 8.886720000000000175e-01 2.818604000000000109e+00 2.603759999999999852e+00
6.591800000000000437e-02 2.172851999999999784e+00 8.850099999999999634e-01 2.817382999999999971e+00 2.606200999999999990e+00
6.591800000000000437e-02 2.166748000000000118e+00 8.837890000000000468e-01 2.817382999999999971e+00 2.622069999999999901e+00
6.591800000000000437e-02 2.163085999999999842e+00 8.837890000000000468e-01 2.817382999999999971e+00 2.622069999999999901e+00
6.591800000000000437e-02 2.163085999999999842e+00 8.752440000000000220e-01 2.808838000000000168e+00 2.602539000000000158e+00
6.591800000000000437e-02 2.154541000000000039e+00 8.740229999999999944e-01 2.806395999999999891e+00 2.585449000000000108e+00
6.591800000000000437e-02 2.153319999999999901e+00 8.703610000000000513e-01 2.801514000000000060e+00 2.587890999999999941e+00
6.591800000000000437e-02 2.147216999999999931e+00 8.654789999999999983e-01 2.800292999999999921e+00 2.612305000000000099e+00
6.591800000000000437e-02 2.145995999999999793e+00 8.642579999999999707e-01 2.801514000000000060e+00 2.586669999999999803e+00
6.591800000000000437e-02 2.143555000000000099e+00 8.642579999999999707e-01 2.797851999999999784e+00 2.602539000000000158e+00
6.469700000000000450e-02 2.135009999999999852e+00 8.593750000000000000e-01 2.797851999999999784e+00 2.602539000000000158e+00
6.469700000000000450e-02 2.133789000000000158e+00 8.557129999999999459e-01 2.792968999999999813e+00 2.612305000000000099e+00
6.469700000000000450e-02 2.126465000000000050e+00 8.544920000000000293e-01 2.788085999999999842e+00 2.604979999999999851e+00
6.469700000000000450e-02 2.124023000000000216e+00 8.508299999999999752e-01 2.788085999999999842e+00 2.622069999999999901e+00
6.469700000000000450e-02 2.119140999999999941e+00 8.483889999999999487e-01 2.788085999999999842e+00 2.612305000000000099e+00
6.469700000000000450e-02 2.114257999999999971e+00 8.459470000000000045e-01 2.780762000000000178e+00 2.612305000000000099e+00
6.469700000000000450e-02 2.109375000000000000e+00 8.447270000000000056e-01 2.778319999999999901e+00 2.602539000000000158e+00
6.347700000000000564e-02 2.105713000000000168e+00 8.410640000000000338e-01 2.778319999999999901e+00 2.602539000000000158e+00
6.469700000000000450e-02 2.104492000000000029e+00 8.398440000000000349e-01 2.772216999999999931e+00 2.583007999999999971e+00
6.347700000000000564e-02 2.099609000000000059e+00 8.386230000000000073e-01 2.770995999999999793e+00 2.584229000000000109e+00
6.347700000000000564e-02 2.094726999999999784e+00 8.349609999999999532e-01 2.768555000000000099e+00 2.583007999999999971e+00
6.347700000000000564e-02 2.094726999999999784e+00 8.349609999999999532e-01 2.768555000000000099e+00 2.592773000000000216e+00
6.347700000000000564e-02 2.084960999999999842e+00 8.349609999999999532e-01 2.763672000000000128e+00 2.587890999999999941e+00
6.347700000000000564e-02 2.081299000000000010e+00 8.300779999999999825e-01 2.768555000000000099e+00 2.602539000000000158e+00
6.347700000000000564e-02 2.076416000000000039e+00 8.288569999999999549e-01 2.760009999999999852e+00 2.573242000000000029e+00
6.347700000000000564e-02 2.080077999999999872e+00 8.264160000000000394e-01 2.758789000000000158e+00 2.573242000000000029e+00
6.347700000000000564e-02 2.075194999999999901e+00 8.251950000000000118e-01 2.750243999999999911e+00 2.554931999999999981e+00
6.347700000000000564e-02 2.066650000000000098e+00 8.251950000000000118e-01 2.749023000000000216e+00 2.558593999999999813e+00
6.347700000000000564e-02 2.065430000000000099e+00 8.251950000000000118e-01 2.749023000000000216e+00 2.583007999999999971e+00
6.225599999999999884e-02 2.059325999999999990e+00 8.190920000000000423e-01 2.742919999999999803e+00 2.563476999999999784e+00
6.225599999999999884e-02 2.056884999999999852e+00 8.190920000000000423e-01 2.741699000000000108e+00 2.563476999999999784e+00
6.347700000000000564e-02 2.055664000000000158e+00 8.166499999999999870e-01 2.739257999999999971e+00 2.573242000000000029e+00
6.225599999999999884e-02 2.047118999999999911e+00 8.154299999999999882e-01 2.739257999999999971e+00 2.565917999999999921e+00
6.347700000000000564e-02 2.047118999999999911e+00 8.154299999999999882e-01 2.739257999999999971e+00 2.583007999999999971e+00
6.347700000000000564e-02 2.039794999999999803e+00 8.117680000000000451e-01 2.734375000000000000e+00 2.574463000000000168e+00
6.225599999999999884e-02 2.037354000000000109e+00 8.154299999999999882e-01 2.729492000000000029e+00 2.565917999999999921e+00
6.225599999999999884e-02 2.036132999999999971e+00 8.093259999999999899e-01 2.730713000000000168e+00 2.563476999999999784e+00
6.225599999999999884e-02 2.036132999999999971e+00 8.068849999999999634e-01 2.729492000000000029e+00 2.554931999999999981e+00
6.225599999999999884e-02 2.031250000000000000e+00 8.056640000000000468e-01 2.720946999999999782e+00 2.536620999999999793e+00
6.225599999999999884e-02 2.026367000000000029e+00 8.056640000000000468e-01 2.719726999999999784e+00 2.554931999999999981e+00
6.103499999999999898e-02 2.026367000000000029e+00 8.056640000000000468e-01 2.719726999999999784e+00 2.553710999999999842e+00
6.225599999999999884e-02 2.016601999999999784e+00 8.020019999999999927e-01 2.711181999999999981e+00 2.534180000000000099e+00
6.225599999999999884e-02 2.016601999999999784e+00 8.020019999999999927e-01 2.711181999999999981e+00 2.524414000000000158e+00
6.103499999999999898e-02 2.011718999999999813e+00 7.995609999999999662e-01 2.709960999999999842e+00 2.534180000000000099e+00
6.225599999999999884e-02 2.006835999999999842e+00 7.971190000000000220e-01 2.709960999999999842e+00 2.543944999999999901e+00
6.103499999999999898e-02 2.006835999999999842e+00 7.958979999999999944e-01 2.709960999999999842e+00 2.545166000000000039e+00
6.103499999999999898e-02 2.000732000000000177e+00 7.958979999999999944e-01 2.701416000000000039e+00 2.524414000000000158e+00
6.103499999999999898e-02 1.997069999999999901e+00 7.922360000000000513e-01 2.700194999999999901e+00 2.534180000000000099e+00
6.103499999999999898e-02 1.997069999999999901e+00 7.910160000000000524e-01 2.700194999999999901e+00 2.543944999999999901e+00
6.103499999999999898e-02 1.987305000000000099e+00 7.873539999999999983e-01 2.700194999999999901e+00 2.543944999999999901e+00
6.103499999999999898e-02 1.987305000000000099e+00 7.873539999999999983e-01 2.694091999999999931e+00 2.526854999999999851e+00
5.981399999999999911e-02 1.987305000000000099e+00 7.861329999999999707e-01 2.690430000000000099e+00 2.535400000000000098e+00
5.981399999999999911e-02 1.978760000000000074e+00 7.861329999999999707e-01 2.690430000000000099e+00 2.534180000000000099e+00
6.103499999999999898e-02 1.977538999999999936e+00 7.824710000000000276e-01 2.690430000000000099e+00 2.543944999999999901e+00
5.981399999999999911e-02 1.977538999999999936e+00 7.812500000000000000e-01 2.683104999999999851e+00 2.537841999999999931e+00
5.981399999999999911e-02 1.977538999999999936e+00 7.812500000000000000e-01 2.683104999999999851e+00 2.537841999999999931e+00
6.103499999999999898e-02 1.968993999999999911e+00 7.800289999999999724e-01 2.681884999999999852e+00 2.525634999999999852e+00
5.981399999999999911e-02 1.967772999999999994e+00 7.775879999999999459e-01 2.680664000000000158e+00 2.524414000000000158e+00
5.981399999999999911e-02 1.967772999999999994e+00 7.763670000000000293e-01 2.680664000000000158e+00 2.526854999999999851e+00
5.981399999999999911e-02 1.959229000000000109e+00 7.763670000000000293e-01 2.673340000000000050e+00 2.537841999999999931e+00
5.981399999999999911e-02 1.958007999999999971e+00 7.763670000000000293e-01 2.670898000000000216e+00 2.543944999999999901e+00
5.981399999999999911e-02 1.958007999999999971e+00 7.714839999999999476e-01 2.670898000000000216e+00 2.534180000000000099e+00
5.981399999999999911e-02 1.950684000000000085e+00 7.714839999999999476e-01 2.664794999999999803e+00 2.514648000000000216e+00
5.981399999999999911e-02 1.948242000000000029e+00 7.678220000000000045e-01 2.664794999999999803e+00 2.496338000000000168e+00
5.981399999999999911e-02 1.948242000000000029e+00 7.678220000000000045e-01 2.664794999999999803e+00 2.485351999999999784e+00
5.981399999999999911e-02 1.939697000000000005e+00 7.666020000000000056e-01 2.661132999999999971e+00 2.496338000000000168e+00
5.981399999999999911e-02 1.938477000000000006e+00 7.666020000000000056e-01 2.661132999999999971e+00 2.508544999999999803e+00
5.859400000000000025e-02 1.938477000000000006e+00 7.629390000000000338e-01 2.661132999999999971e+00 2.525634999999999852e+00
