5.004900000000000321e-02 1.257324000000000108e+00 5.419920000000000293e-01 2.050781000000000187e+00 2.120360999999999940e+00
5.004900000000000321e-02 1.256104000000000109e+00 5.419920000000000293e-01 2.048340000000000050e+00 2.133789000000000158e+00
5.004900000000000321e-02 1.256104000000000109e+00 5.419920000000000293e-01 2.047118999999999911e+00 2.095946999999999782e+00
5.004900000000000321e-02 1.257324000000000108e+00 5.419920000000000293e-01 2.048340000000000050e+00 2.104492000000000029e+00
5.004900000000000321e-02 1.256104000000000109e+00 5.419920000000000293e-01 2.050781000000000187e+00 2.114257999999999971e+00
5.004900000000000321e-02 1.256104000000000109e+00 5.419920000000000293e-01 2.050781000000000187e+00 2.116699000000000108e+00
5.004900000000000321e-02 1.256104000000000109e+00 5.419920000000000293e-01 2.047118999999999911e+00 2.105713000000000168e+00
5.004900000000000321e-02 1.258545000000000025e+00 5.419920000000000293e-01 2.048340000000000050e+00 2.109375000000000000e+00
5.004900000000000321e-02 1.257324000000000108e+00 5.419920000000000293e-01 2.050781000000000187e+00 2.124023000000000216e+00
5.004900000000000321e-02 1.256104000000000109e+00 5.419920000000000293e-01 2.048340000000000050e+00 2.125243999999999911e+00
5.004900000000000321e-02 1.258545000000000025e+00 5.419920000000000293e-01 2.047118999999999911e+00 2.094726999999999784e+00
5.004900000000000321e-02 1.256104000000000109e+00 5.419920000000000293e-01 2.049561000000000188e+00 2.087401999999999980e+00
5.004900000000000321e-02 1.256104000000000109e+00 5.419920000000000293e-01 2.049561000000000188e+00 2.087401999999999980e+00
5.004900000000000321e-02 1.256104000000000109e+00 5.419920000000000293e-01 2.048340000000000050e+00 2.109375000000000000e+00
5.004900000000000321e-02 1.256104000000000109e+00 5.419920000000000293e-01 2.050781000000000187e+00 2.125243999999999911e+00
5.004900000000000321e-02 1.259765999999999941e+00 5.419920000000000293e-01 2.048340000000000050e+00 2.124023000000000216e+00
5.004900000000000321e-02 1.256104000000000109e+00 5.419920000000000293e-01 2.048340000000000050e+00 2.124023000000000216e+00
5.004900000000000321e-02 1.256104000000000109e+00 5.419920000000000293e-01 2.047118999999999911e+00 2.094726999999999784e+00
5.004900000000000321e-02 1.256104000000000109e+00 5.419920000000000293e-01 2.047118999999999911e+00 2.075194999999999901e+00
5.004900000000000321e-02 1.256104000000000109e+00 5.419920000000000293e-01 2.048340000000000050e+00 2.097167999999999921e+00
5.004900000000000321e-02 1.256104000000000109e+00 5.419920000000000293e-01 2.047118999999999911e+00 2.094726999999999784e+00
5.004900000000000321e-02 1.256104000000000109e+00 5.419920000000000293e-01 2.047118999999999911e+00 2.075194999999999901e+00
5.004900000000000321e-02 1.257324000000000108e+00 5.419920000000000293e-01 2.047118999999999911e+00 2.066650000000000098e+00
5.004900000000000321e-02 1.257324000000000108e+00 5.419920000000000293e-01 2.048340000000000050e+00 2.087401999999999980e+00
5.004900000000000321e-02 1.259765999999999941e+00 5.419920000000000293e-01 2.050781000000000187e+00 2.114257999999999971e+00
5.004900000000000321e-02 1.256104000000000109e+00 5.419920000000000293e-01 2.050781000000000187e+00 2.117919999999999803e+00
5.004900000000000321e-02 1.256104000000000109e+00 5.419920000000000293e-01 2.048340000000000050e+00 2.128906000000000187e+00
5.004900000000000321e-02 1.256104000000000109e+00 5.419920000000000293e-01 2.047118999999999911e+00 2.105713000000000168e+00
4.882800000000000334e-02 1.256104000000000109e+00 5.419920000000000293e-01 2.050781000000000187e+00 2.104492000000000029e+00
5.004900000000000321e-02 1.257324000000000108e+00 5.419920000000000293e-01 2.050781000000000187e+00 2.115479000000000109e+00
5.004900000000000321e-02 1.256104000000000109e+00 5.419920000000000293e-01 2.047118999999999911e+00 2.089843999999999813e+00
5.004900000000000321e-02 1.257324000000000108e+00 5.419920000000000293e-01 2.047118999999999911e+00 2.084960999999999842e+00
5.004900000000000321e-02 1.256104000000000109e+00 5.419920000000000293e-01 2.047118999999999911e+00 2.075194999999999901e+00
5.004900000000000321e-02 1.256104000000000109e+00 5.419920000000000293e-01 2.050781000000000187e+00 2.094726999999999784e+00
5.004900000000000321e-02 1.256104000000000109e+00 5.419920000000000293e-01 2.047118999999999911e+00 2.084960999999999842e+00
4.882800000000000334e-02 1.256104000000000109e+00 5.419920000000000293e-01 2.047118999999999911e+00 2.078857000000000177e+00
4.882800000000000334e-02 1.256104000000000109e+00 5.419920000000000293e-01 2.047118999999999911e+00 2.075194999999999901e+00
5.004900000000000321e-02 1.256104000000000109e+00 5.419920000000000293e-01 2.047118999999999911e+00 2.066650000000000098e+00
5.004900000000000321e-02 1.256104000000000109e+00 5.419920000000000293e-01 2.045898000000000216e+00 2.086181999999999981e+00
4.882800000000000334e-02 1.256104000000000109e+00 5.419920000000000293e-01 2.045898000000000216e+00 2.104492000000000029e+00
4.882800000000000334e-02 1.257324000000000108e+00 5.419920000000000293e-01 2.047118999999999911e+00 2.084960999999999842e+00
5.004900000000000321e-02 1.256104000000000109e+00 5.419920000000000293e-01 2.048340000000000050e+00 2.095946999999999782e+00
4.882800000000000334e-02 1.256104000000000109e+00 5.419920000000000293e-01 2.047118999999999911e+00 2.065430000000000099e+00
5.004900000000000321e-02 1.254882999999999971e+00 5.419920000000000293e-01 2.045898000000000216e+00 2.089843999999999813e+00
4.882800000000000334e-02 1.256104000000000109e+00 5.419920000000000293e-01 2.047118999999999911e+00 2.089843999999999813e+00
4.882800000000000334e-02 1.256104000000000109e+00 5.419920000000000293e-01 2.047118999999999911e+00 2.084960999999999842e+00
4.882800000000000334e-02 1.256104000000000109e+00 5.419920000000000293e-01 2.047118999999999911e+00 2.075194999999999901e+00
4.882800000000000334e-02 1.256104000000000109e+00 5.419920000000000293e-01 2.047118999999999911e+00 2.065430000000000099e+00
5.004900000000000321e-02 1.256104000000000109e+00 5.419920000000000293e-01 2.048340000000000050e+00 2.088623000000000118e+00
4.882800000000000334e-02 1.256104000000000109e+00 5.419920000000000293e-01 2.045898000000000216e+00 2.114257999999999971e+00
4.882800000000000334e-02 1.254882999999999971e+00 5.419920000000000293e-01 2.045898000000000216e+00 2.117919999999999803e+00
5.004900000000000321e-02 1.256104000000000109e+00 5.419920000000000293e-01 2.049561000000000188e+00 2.097167999999999921e+00
5.004900000000000321e-02 1.254882999999999971e+00 5.419920000000000293e-01 2.050781000000000187e+00 2.114257999999999971e+00
4.882800000000000334e-02 1.257324000000000108e+00 5.419920000000000293e-01 2.047118999999999911e+00 2.089843999999999813e+00
5.004900000000000321e-02 1.256104000000000109e+00 5.407710000000000017e-01 2.045898000000000216e+00 2.115479000000000109e+00
5.004900000000000321e-02 1.256104000000000109e+00 5.419920000000000293e-01 2.050781000000000187e+00 2.114257999999999971e+00
4.882800000000000334e-02 1.256104000000000109e+00 5.419920000000000293e-01 2.045898000000000216e+00 2.117919999999999803e+00
4.882800000000000334e-02 1.256104000000000109e+00 5.419920000000000293e-01 2.045898000000000216e+00 2.124023000000000216e+00
5.004900000000000321e-02 1.256104000000000109e+00 5.419920000000000293e-01 2.045898000000000216e+00 2.124023000000000216e+00
4.882800000000000334e-02 1.254882999999999971e+00 5.419920000000000293e-01 2.045898000000000216e+00 2.124023000000000216e+00
4.882800000000000334e-02 1.256104000000000109e+00 5.419920000000000293e-01 2.047118999999999911e+00 2.094726999999999784e+00
4.882800000000000334e-02 1.256104000000000109e+00 5.419920000000000293e-01 2.047118999999999911e+00 2.075194999999999901e+00
5.004900000000000321e-02 1.256104000000000109e+00 5.419920000000000293e-01 2.047118999999999911e+00 2.069091999999999931e+00
4.882800000000000334e-02 1.256104000000000109e+00 5.419920000000000293e-01 2.047118999999999911e+00 2.075194999999999901e+00
4.882800000000000334e-02 1.256104000000000109e+00 5.419920000000000293e-01 2.047118999999999911e+00 2.066650000000000098e+00
5.004900000000000321e-02 1.256104000000000109e+00 5.432129999999999459e-01 2.045898000000000216e+00 2.089843999999999813e+00
4.882800000000000334e-02 1.256104000000000109e+00 5.419920000000000293e-01 2.047118999999999911e+00 2.087401999999999980e+00
4.882800000000000334e-02 1.256104000000000109e+00 5.419920000000000293e-01 2.045898000000000216e+00 2.114257999999999971e+00
4.882800000000000334e-02 1.254882999999999971e+00 5.419920000000000293e-01 2.045898000000000216e+00 2.115479000000000109e+00
4.882800000000000334e-02 1.257324000000000108e+00 5.419920000000000293e-01 2.045898000000000216e+00 2.114257999999999971e+00
5.004900000000000321e-02 1.257324000000000108e+00 5.419920000000000293e-01 2.047118999999999911e+00 2.089843999999999813e+00
5.004900000000000321e-02 1.256104000000000109e+00 5.419920000000000293e-01 2.047118999999999911e+00 2.084960999999999842e+00
4.882800000000000334e-02 1.257324000000000108e+00 5.419920000000000293e-01 2.045898000000000216e+00 2.098389000000000060e+00
4.882800000000000334e-02 1.257324000000000108e+00 5.419920000000000293e-01 2.045898000000000216e+00 2.098389000000000060e+00
4.882800000000000334e-02 1.254882999999999971e+00 5.419920000000000293e-01 2.045898000000000216e+00 2.116699000000000108e+00
4.882800000000000334e-02 1.256104000000000109e+00 5.432129999999999459e-01 2.045898000000000216e+00 2.133789000000000158e+00
4.882800000000000334e-02 1.257324000000000108e+00 5.444339999999999735e-01 2.047118999999999911e+00 2.095946999999999782e+00
5.004900000000000321e-02 1.258545000000000025e+00 5.468750000000000000e-01 2.047118999999999911e+00 2.075194999999999901e+00
4.882800000000000334e-02 1.258545000000000025e+00 5.480960000000000276e-01 2.047118999999999911e+00 2.069091999999999931e+00
5.004900000000000321e-02 1.260985999999999940e+00 5.517579999999999707e-01 2.048340000000000050e+00 2.104492000000000029e+00
5.004900000000000321e-02 1.264647999999999994e+00 5.529789999999999983e-01 2.050781000000000187e+00 2.114257999999999971e+00
5.004900000000000321e-02 1.264647999999999994e+00 5.578610000000000513e-01 2.050781000000000187e+00 2.124023000000000216e+00
5.004900000000000321e-02 1.268310999999999966e+00 5.615229999999999944e-01 2.050781000000000187e+00 2.120360999999999940e+00
5.004900000000000321e-02 1.270752000000000104e+00 5.651859999999999662e-01 2.052001999999999882e+00 2.109375000000000000e+00
5.004900000000000321e-02 1.274413999999999936e+00 5.676269999999999927e-01 2.055664000000000158e+00 2.126465000000000050e+00
5.004900000000000321e-02 1.275635000000000074e+00 5.712890000000000468e-01 2.055664000000000158e+00 2.133789000000000158e+00
5.004900000000000321e-02 1.278075999999999990e+00 5.725099999999999634e-01 2.058104999999999851e+00 2.136229999999999851e+00
5.004900000000000321e-02 1.284180000000000099e+00 5.761720000000000175e-01 2.059325999999999990e+00 2.115479000000000109e+00
5.004900000000000321e-02 1.284180000000000099e+00 5.773930000000000451e-01 2.058104999999999851e+00 2.119140999999999941e+00
5.004900000000000321e-02 1.287841999999999931e+00 5.810549999999999882e-01 2.065430000000000099e+00 2.133789000000000158e+00
5.004900000000000321e-02 1.293944999999999901e+00 5.822749999999999870e-01 2.067870999999999793e+00 2.137450999999999990e+00
5.127000000000000307e-02 1.293944999999999901e+00 5.847170000000000423e-01 2.066650000000000098e+00 2.115479000000000109e+00
5.004900000000000321e-02 1.298828000000000094e+00 5.896000000000000130e-01 2.065430000000000099e+00 2.117919999999999803e+00
5.127000000000000307e-02 1.303711000000000064e+00 5.920410000000000394e-01 2.066650000000000098e+00 2.114257999999999971e+00
5.127000000000000307e-02 1.304931999999999981e+00 5.969240000000000101e-01 2.069091999999999931e+00 2.095946999999999782e+00
5.127000000000000307e-02 1.308594000000000035e+00 6.030269999999999797e-01 2.075194999999999901e+00 2.104492000000000029e+00
5.127000000000000307e-02 1.314697000000000005e+00 6.103520000000000056e-01 2.075194999999999901e+00 2.117919999999999803e+00
5.249000000000000193e-02 1.323242000000000029e+00 6.164549999999999752e-01 2.077637000000000178e+00 2.143555000000000099e+00
5.127000000000000307e-02 1.324462999999999946e+00 6.237789999999999724e-01 2.080077999999999872e+00 2.143555000000000099e+00
5.249000000000000193e-02 1.333007999999999971e+00 6.298829999999999707e-01 2.084960999999999842e+00 2.143555000000000099e+00
5.127000000000000307e-02 1.336670000000000025e+00 6.396479999999999944e-01 2.086181999999999981e+00 2.114257999999999971e+00
5.371100000000000180e-02 1.343993999999999911e+00 6.445309999999999651e-01 2.094726999999999784e+00 2.125243999999999911e+00
5.249000000000000193e-02 1.352538999999999936e+00 6.506349999999999634e-01 2.094726999999999784e+00 2.137450999999999990e+00
5.371100000000000180e-02 1.362305000000000099e+00 6.591799999999999882e-01 2.097167999999999921e+00 2.154541000000000039e+00
5.371100000000000180e-02 1.365966999999999931e+00 6.628420000000000423e-01 2.104492000000000029e+00 2.153319999999999901e+00
5.371100000000000180e-02 1.372069999999999901e+00 6.689450000000000118e-01 2.105713000000000168e+00 2.125243999999999911e+00
5.371100000000000180e-02 1.381836000000000064e+00 6.726069999999999549e-01 2.114257999999999971e+00 2.137450999999999990e+00
5.371100000000000180e-02 1.386719000000000035e+00 6.750490000000000101e-01 2.115479000000000109e+00 2.135009999999999852e+00
5.371100000000000180e-02 1.391602000000000006e+00 6.799319999999999808e-01 2.117919999999999803e+00 2.116699000000000108e+00
5.371100000000000180e-02 1.391602000000000006e+00 6.799319999999999808e-01 2.117919999999999803e+00 2.116699000000000108e+00
5.493200000000000166e-02 1.401367000000000029e+00 6.823730000000000073e-01 2.124023000000000216e+00 2.153319999999999901e+00
5.493200000000000166e-02 1.406250000000000000e+00 6.848140000000000338e-01 2.125243999999999911e+00 2.136229999999999851e+00
5.493200000000000166e-02 1.411132999999999971e+00 6.884770000000000056e-01 2.133789000000000158e+00 2.163085999999999842e+00
5.493200000000000166e-02 1.420897999999999994e+00 6.921389999999999487e-01 2.133789000000000158e+00 2.172851999999999784e+00
5.493200000000000166e-02 1.430663999999999936e+00 6.945799999999999752e-01 2.135009999999999852e+00 2.153319999999999901e+00
5.493200000000000166e-02 1.434325999999999990e+00 6.982420000000000293e-01 2.143555000000000099e+00 2.163085999999999842e+00
5.493200000000000166e-02 1.441650000000000098e+00 7.031250000000000000e-01 2.143555000000000099e+00 2.172851999999999784e+00
5.493200000000000166e-02 1.450194999999999901e+00 7.080079999999999707e-01 2.153319999999999901e+00 2.182617000000000029e+00
5.493200000000000166e-02 1.459961000000000064e+00 7.104489999999999972e-01 2.153319999999999901e+00 2.185058999999999862e+00
5.615200000000000052e-02 1.464844000000000035e+00 7.177729999999999944e-01 2.156982000000000177e+00 2.172851999999999784e+00
5.615200000000000052e-02 1.470947000000000005e+00 7.189940000000000220e-01 2.163085999999999842e+00 2.182617000000000029e+00
5.615200000000000052e-02 1.479492000000000029e+00 7.275390000000000468e-01 2.165526999999999980e+00 2.192382999999999971e+00
5.737300000000000039e-02 1.489257999999999971e+00 7.324220000000000175e-01 2.172851999999999784e+00 2.192382999999999971e+00
5.737300000000000039e-02 1.499022999999999994e+00 7.385249999999999870e-01 2.182617000000000029e+00 2.202148000000000216e+00
5.737300000000000039e-02 1.499022999999999994e+00 7.385249999999999870e-01 2.182617000000000029e+00 2.202148000000000216e+00
5.737300000000000039e-02 1.508788999999999936e+00 7.482910000000000394e-01 2.182617000000000029e+00 2.208251999999999882e+00
5.737300000000000039e-02 1.518555000000000099e+00 7.592769999999999797e-01 2.186278999999999861e+00 2.192382999999999971e+00
5.859400000000000025e-02 1.529541000000000039e+00 7.751460000000000017e-01 2.194824000000000108e+00 2.202148000000000216e+00
5.859400000000000025e-02 1.541747999999999896e+00 7.861329999999999707e-01 2.202148000000000216e+00 2.211914000000000158e+00
5.859400000000000025e-02 1.553954999999999975e+00 7.958979999999999944e-01 2.207031000000000187e+00 2.221680000000000099e+00
5.859400000000000025e-02 1.567382999999999971e+00 8.068849999999999634e-01 2.213134999999999852e+00 2.202148000000000216e+00
5.981399999999999911e-02 1.578368999999999911e+00 8.166499999999999870e-01 2.221680000000000099e+00 2.221680000000000099e+00
6.103499999999999898e-02 1.591796999999999906e+00 8.264160000000000394e-01 2.231444999999999901e+00 2.231444999999999901e+00
6.103499999999999898e-02 1.608886999999999956e+00 8.349609999999999532e-01 2.241210999999999842e+00 2.235107000000000177e+00
6.103499999999999898e-02 1.617431999999999981e+00 8.410640000000000338e-01 2.243651999999999980e+00 2.252196999999999782e+00
6.225599999999999884e-02 1.629639000000000060e+00 8.483889999999999487e-01 2.253417999999999921e+00 2.252196999999999782e+00
6.225599999999999884e-02 1.644287000000000054e+00 8.544920000000000293e-01 2.260742000000000029e+00 2.250976999999999784e+00
6.225599999999999884e-02 1.656493999999999911e+00 8.593750000000000000e-01 2.270507999999999971e+00 2.252196999999999782e+00
6.347700000000000564e-02 1.669921999999999906e+00 8.642579999999999707e-01 2.271729000000000109e+00 2.224120999999999793e+00
6.347700000000000564e-02 1.679688000000000070e+00 8.654789999999999983e-01 2.280273000000000216e+00 2.260742000000000029e+00
6.347700000000000564e-02 1.694336000000000064e+00 8.691410000000000524e-01 2.290039000000000158e+00 2.270507999999999971e+00
6.347700000000000564e-02 1.704102000000000006e+00 8.740229999999999944e-01 2.299805000000000099e+00 2.274169999999999803e+00
6.347700000000000564e-02 1.716309000000000085e+00 8.752440000000000220e-01 2.301025000000000098e+00 2.260742000000000029e+00
6.347700000000000564e-02 1.728515999999999941e+00 8.789059999999999651e-01 2.309569999999999901e+00 2.270507999999999971e+00
6.347700000000000564e-02 1.743163999999999936e+00 8.801269999999999927e-01 2.319335999999999842e+00 2.286376999999999882e+00
6.469700000000000450e-02 1.750488000000000044e+00 8.837890000000000468e-01 2.322998000000000118e+00 2.270507999999999971e+00
6.469700000000000450e-02 1.762694999999999901e+00 8.801269999999999927e-01 2.329101999999999784e+00 2.285156000000000187e+00
6.469700000000000450e-02 1.772461000000000064e+00 8.789059999999999651e-01 2.338867000000000029e+00 2.309569999999999901e+00
6.469700000000000450e-02 1.782227000000000006e+00 8.789059999999999651e-01 2.343750000000000000e+00 2.309569999999999901e+00
6.469700000000000450e-02 1.791992000000000029e+00 8.789059999999999651e-01 2.349854000000000109e+00 2.281493999999999911e+00
6.591800000000000437e-02 1.801757999999999971e+00 8.837890000000000468e-01 2.353515999999999941e+00 2.291259999999999852e+00
6.591800000000000437e-02 1.811522999999999994e+00 8.837890000000000468e-01 2.358398000000000216e+00 2.303466999999999931e+00
6.591800000000000437e-02 1.821288999999999936e+00 8.886720000000000175e-01 2.368164000000000158e+00 2.320556999999999981e+00
6.713900000000000423e-02 1.831055000000000099e+00 8.935549999999999882e-01 2.371825999999999990e+00 2.299805000000000099e+00
6.591800000000000437e-02 1.838378999999999985e+00 8.959960000000000147e-01 2.380370999999999793e+00 2.310791000000000039e+00
6.591800000000000437e-02 1.846924000000000010e+00 8.996579999999999577e-01 2.387694999999999901e+00 2.319335999999999842e+00
6.713900000000000423e-02 1.860352000000000006e+00 9.033200000000000118e-01 2.397460999999999842e+00 2.330321999999999782e+00
6.713900000000000423e-02 1.870117000000000029e+00 9.045410000000000394e-01 2.397460999999999842e+00 2.338867000000000029e+00
6.591800000000000437e-02 1.875000000000000000e+00 9.045410000000000394e-01 2.407226999999999784e+00 2.343750000000000000e+00
6.713900000000000423e-02 1.882324000000000108e+00 9.082029999999999825e-01 2.410889000000000060e+00 2.330321999999999782e+00
6.713900000000000423e-02 1.893310999999999966e+00 9.130859999999999532e-01 2.416992000000000029e+00 2.338867000000000029e+00
6.835900000000000309e-02 1.912841999999999931e+00 9.191890000000000338e-01 2.429199000000000108e+00 2.371825999999999990e+00
6.835900000000000309e-02 1.918944999999999901e+00 9.240720000000000045e-01 2.436523000000000216e+00 2.377930000000000099e+00
6.958000000000000296e-02 1.933594000000000035e+00 9.326170000000000293e-01 2.446289000000000158e+00 2.377930000000000099e+00
6.835900000000000309e-02 1.942139000000000060e+00 9.375000000000000000e-01 2.448729999999999851e+00 2.377930000000000099e+00
6.958000000000000296e-02 1.953125000000000000e+00 9.436039999999999983e-01 2.456055000000000099e+00 2.381591999999999931e+00
6.958000000000000296e-02 1.962890999999999941e+00 9.521479999999999944e-01 2.465819999999999901e+00 2.388916000000000039e+00
6.958000000000000296e-02 1.977538999999999936e+00 9.533690000000000220e-01 2.467041000000000039e+00 2.359618999999999911e+00
6.958000000000000296e-02 1.987305000000000099e+00 9.570309999999999651e-01 2.475585999999999842e+00 2.368164000000000158e+00
6.958000000000000296e-02 1.997069999999999901e+00 9.619140000000000468e-01 2.485351999999999784e+00 2.387694999999999901e+00
7.080100000000000282e-02 2.001952999999999872e+00 9.655759999999999899e-01 2.486571999999999782e+00 2.370604999999999851e+00
7.080100000000000282e-02 2.010498000000000118e+00 9.667970000000000175e-01 2.495117000000000029e+00 2.402343999999999813e+00
7.080100000000000282e-02 2.020264000000000060e+00 9.680180000000000451e-01 2.498778999999999861e+00 2.397460999999999842e+00
7.080100000000000282e-02 2.031250000000000000e+00 9.716799999999999882e-01 2.507324000000000108e+00 2.397460999999999842e+00
7.080100000000000282e-02 2.037354000000000109e+00 9.716799999999999882e-01 2.514648000000000216e+00 2.410889000000000060e+00
7.080100000000000282e-02 2.045898000000000216e+00 9.716799999999999882e-01 2.519531000000000187e+00 2.426757999999999971e+00
7.202100000000000168e-02 2.055664000000000158e+00 9.728999999999999870e-01 2.524414000000000158e+00 2.427979000000000109e+00
7.202100000000000168e-02 2.065430000000000099e+00 9.728999999999999870e-01 2.534180000000000099e+00 2.427979000000000109e+00
7.202100000000000168e-02 2.069091999999999931e+00 9.728999999999999870e-01 2.536620999999999793e+00 2.436523000000000216e+00
7.202100000000000168e-02 2.076416000000000039e+00 9.728999999999999870e-01 2.543944999999999901e+00 2.436523000000000216e+00
7.324200000000000155e-02 2.084960999999999842e+00 9.728999999999999870e-01 2.543944999999999901e+00 2.446289000000000158e+00
7.324200000000000155e-02 2.094726999999999784e+00 9.753420000000000423e-01 2.553710999999999842e+00 2.446289000000000158e+00
7.202100000000000168e-02 2.099609000000000059e+00 9.728999999999999870e-01 2.563476999999999784e+00 2.447509999999999852e+00
7.202100000000000168e-02 2.105713000000000168e+00 9.728999999999999870e-01 2.563476999999999784e+00 2.447509999999999852e+00
7.202100000000000168e-02 2.109375000000000000e+00 9.753420000000000423e-01 2.563476999999999784e+00 2.448729999999999851e+00
7.202100000000000168e-02 2.114257999999999971e+00 9.753420000000000423e-01 2.573242000000000029e+00 2.469482000000000177e+00
7.324200000000000155e-02 2.119140999999999941e+00 9.765629999999999589e-01 2.578125000000000000e+00 2.465819999999999901e+00
7.324200000000000155e-02 2.124023000000000216e+00 9.765629999999999589e-01 2.583007999999999971e+00 2.470702999999999872e+00
7.324200000000000155e-02 2.133789000000000158e+00 9.814450000000000118e-01 2.584229000000000109e+00 2.446289000000000158e+00
7.324200000000000155e-02 2.135009999999999852e+00 9.814450000000000118e-01 2.592773000000000216e+00 2.456055000000000099e+00
7.324200000000000155e-02 2.144775000000000098e+00 9.851069999999999549e-01 2.597656000000000187e+00 2.465819999999999901e+00
7.324200000000000155e-02 2.147216999999999931e+00 9.912109999999999532e-01 2.602539000000000158e+00 2.467041000000000039e+00
7.324200000000000155e-02 2.153319999999999901e+00 9.912109999999999532e-01 2.603759999999999852e+00 2.441406000000000187e+00
7.324200000000000155e-02 2.156982000000000177e+00 9.924319999999999808e-01 2.612305000000000099e+00 2.476806999999999981e+00
7.324200000000000155e-02 2.164306999999999981e+00 9.948730000000000073e-01 2.613525000000000098e+00 2.448729999999999851e+00
7.446300000000000141e-02 2.166748000000000118e+00 9.960940000000000349e-01 2.622069999999999901e+00 2.475585999999999842e+00
7.324200000000000155e-02 2.174071999999999782e+00 9.973140000000000338e-01 2.622069999999999901e+00 2.485351999999999784e+00
7.324200000000000155e-02 2.182617000000000029e+00 9.973140000000000338e-01 2.625732000000000177e+00 2.462158000000000069e+00
7.324200000000000155e-02 2.183838000000000168e+00 9.973140000000000338e-01 2.631835999999999842e+00 2.485351999999999784e+00
7.446300000000000141e-02 2.189941000000000138e+00 1.000977000000000006e+00 2.634276999999999980e+00 2.495117000000000029e+00
7.446300000000000141e-02 2.192382999999999971e+00 9.960940000000000349e-01 2.641601999999999784e+00 2.495117000000000029e+00
7.446300000000000141e-02 2.192382999999999971e+00 9.960940000000000349e-01 2.641601999999999784e+00 2.498778999999999861e+00
7.324200000000000155e-02 2.198485999999999940e+00 9.924319999999999808e-01 2.645264000000000060e+00 2.486571999999999782e+00
7.446300000000000141e-02 2.202148000000000216e+00 9.912109999999999532e-01 2.645264000000000060e+00 2.458495999999999793e+00
7.324200000000000155e-02 2.203368999999999911e+00 9.912109999999999532e-01 2.655028999999999861e+00 2.465819999999999901e+00
7.446300000000000141e-02 2.203368999999999911e+00 9.851069999999999549e-01 2.661132999999999971e+00 2.485351999999999784e+00
7.324200000000000155e-02 2.213134999999999852e+00 9.814450000000000118e-01 2.661132999999999971e+00 2.496338000000000168e+00
7.446300000000000141e-02 2.211914000000000158e+00 9.814450000000000118e-01 2.663574000000000108e+00 2.504882999999999971e+00
7.324200000000000155e-02 2.211914000000000158e+00 9.753420000000000423e-01 2.662354000000000109e+00 2.485351999999999784e+00
7.324200000000000155e-02 2.211914000000000158e+00 9.716799999999999882e-01 2.670898000000000216e+00 2.495117000000000029e+00
7.324200000000000155e-02 2.211914000000000158e+00 9.643549999999999622e-01 2.670898000000000216e+00 2.508544999999999803e+00
7.324200000000000155e-02 2.213134999999999852e+00 9.619140000000000468e-01 2.670898000000000216e+00 2.524414000000000158e+00
7.324200000000000155e-02 2.213134999999999852e+00 9.545900000000000496e-01 2.672118999999999911e+00 2.495117000000000029e+00
7.324200000000000155e-02 2.211914000000000158e+00 9.521479999999999944e-01 2.673340000000000050e+00 2.504882999999999971e+00
7.324200000000000155e-02 2.213134999999999852e+00 9.436039999999999983e-01 2.680664000000000158e+00 2.514648000000000216e+00
7.324200000000000155e-02 2.211914000000000158e+00 9.423829999999999707e-01 2.674561000000000188e+00 2.491455000000000197e+00
7.324200000000000155e-02 2.210693000000000019e+00 9.375000000000000000e-01 2.680664000000000158e+00 2.514648000000000216e+00
7.324200000000000155e-02 2.211914000000000158e+00 9.338379999999999459e-01 2.680664000000000158e+00 2.518311000000000188e+00
7.202100000000000168e-02 2.211914000000000158e+00 9.338379999999999459e-01 2.680664000000000158e+00 2.530517999999999823e+00
7.202100000000000168e-02 2.205811000000000188e+00 9.326170000000000293e-01 2.680664000000000158e+00 2.535400000000000098e+00
7.202100000000000168e-02 2.211914000000000158e+00 9.265139999999999487e-01 2.680664000000000158e+00 2.534180000000000099e+00
7.202100000000000168e-02 2.203368999999999911e+00 9.240720000000000045e-01 2.680664000000000158e+00 2.534180000000000099e+00
7.202100000000000168e-02 2.207031000000000187e+00 9.240720000000000045e-01 2.681884999999999852e+00 2.504882999999999971e+00
7.080100000000000282e-02 2.203368999999999911e+00 9.228520000000000056e-01 2.681884999999999852e+00 2.485351999999999784e+00
7.080100000000000282e-02 2.202148000000000216e+00 9.228520000000000056e-01 2.684325999999999990e+00 2.476806999999999981e+00
7.080100000000000282e-02 2.202148000000000216e+00 9.228520000000000056e-01 2.684325999999999990e+00 2.476806999999999981e+00
7.080100000000000282e-02 2.202148000000000216e+00 9.191890000000000338e-01 2.681884999999999852e+00 2.468262000000000178e+00
7.080100000000000282e-02 2.196044999999999803e+00 9.228520000000000056e-01 2.684325999999999990e+00 2.485351999999999784e+00
7.080100000000000282e-02 2.197265999999999941e+00 9.167480000000000073e-01 2.685547000000000128e+00 2.504882999999999971e+00
7.080100000000000282e-02 2.202148000000000216e+00 9.179690000000000349e-01 2.684325999999999990e+00 2.489014000000000060e+00
6.958000000000000296e-02 2.193604000000000109e+00 9.191890000000000338e-01 2.690430000000000099e+00 2.514648000000000216e+00
7.080100000000000282e-02 2.193604000000000109e+00 9.167480000000000073e-01 2.684325999999999990e+00 2.498778999999999861e+00
6.958000000000000296e-02 2.193604000000000109e+00 9.179690000000000349e-01 2.690430000000000099e+00 2.517090000000000050e+00
7.080100000000000282e-02 2.196044999999999803e+00 9.167480000000000073e-01 2.690430000000000099e+00 2.540283000000000069e+00
6.958000000000000296e-02 2.192382999999999971e+00 9.167480000000000073e-01 2.690430000000000099e+00 2.547607000000000177e+00
6.958000000000000296e-02 2.192382999999999971e+00 9.167480000000000073e-01 2.690430000000000099e+00 2.547607000000000177e+00
6.958000000000000296e-02 2.192382999999999971e+00 9.143069999999999808e-01 2.690430000000000099e+00 2.550049000000000010e+00
6.958000000000000296e-02 2.192382999999999971e+00 9.143069999999999808e-01 2.690430000000000099e+00 2.553710999999999842e+00
6.958000000000000296e-02 2.186278999999999861e+00 9.143069999999999808e-01 2.690430000000000099e+00 2.543944999999999901e+00
6.958000000000000296e-02 2.192382999999999971e+00 9.130859999999999532e-01 2.690430000000000099e+00 2.537841999999999931e+00
6.958000000000000296e-02 2.186278999999999861e+00 9.130859999999999532e-01 2.690430000000000099e+00 2.543944999999999901e+00
6.958000000000000296e-02 2.182617000000000029e+00 9.094240000000000101e-01 2.690430000000000099e+00 2.543944999999999901e+00
6.958000000000000296e-02 2.183838000000000168e+00 9.069819999999999549e-01 2.690430000000000099e+00 2.543944999999999901e+00
6.958000000000000296e-02 2.182617000000000029e+00 9.045410000000000394e-01 2.690430000000000099e+00 2.537841999999999931e+00
6.958000000000000296e-02 2.182617000000000029e+00 9.033200000000000118e-01 2.690430000000000099e+00 2.545166000000000039e+00
6.835900000000000309e-02 2.182617000000000029e+00 9.033200000000000118e-01 2.690430000000000099e+00 2.535400000000000098e+00
6.835900000000000309e-02 2.176514000000000060e+00 8.984379999999999589e-01 2.690430000000000099e+00 2.534180000000000099e+00
6.835900000000000309e-02 2.174071999999999782e+00 8.972170000000000423e-01 2.690430000000000099e+00 2.535400000000000098e+00
6.835900000000000309e-02 2.172851999999999784e+00 8.947749999999999870e-01 2.690430000000000099e+00 2.535400000000000098e+00
6.835900000000000309e-02 2.172851999999999784e+00 8.935549999999999882e-01 2.684325999999999990e+00 2.504882999999999971e+00
6.835900000000000309e-02 2.172851999999999784e+00 8.898930000000000451e-01 2.690430000000000099e+00 2.515868999999999911e+00
6.713900000000000423e-02 2.167968999999999813e+00 8.886720000000000175e-01 2.690430000000000099e+00 2.524414000000000158e+00
6.835900000000000309e-02 2.164306999999999981e+00 8.850099999999999634e-01 2.690430000000000099e+00 2.534180000000000099e+00
6.835900000000000309e-02 2.163085999999999842e+00 8.850099999999999634e-01 2.690430000000000099e+00 2.535400000000000098e+00
6.713900000000000423e-02 2.163085999999999842e+00 8.837890000000000468e-01 2.690430000000000099e+00 2.528075999999999990e+00
6.713900000000000423e-02 2.156982000000000177e+00 8.789059999999999651e-01 2.684325999999999990e+00 2.514648000000000216e+00
6.713900000000000423e-02 2.154541000000000039e+00 8.752440000000000220e-01 2.690430000000000099e+00 2.519531000000000187e+00
6.713900000000000423e-02 2.153319999999999901e+00 8.740229999999999944e-01 2.681884999999999852e+00 2.514648000000000216e+00
6.713900000000000423e-02 2.153319999999999901e+00 8.740229999999999944e-01 2.680664000000000158e+00 2.515868999999999911e+00
6.713900000000000423e-02 2.147216999999999931e+00 8.740229999999999944e-01 2.683104999999999851e+00 2.524414000000000158e+00
6.713900000000000423e-02 2.143555000000000099e+00 8.666989999999999972e-01 2.685547000000000128e+00 2.525634999999999852e+00
6.713900000000000423e-02 2.143555000000000099e+00 8.654789999999999983e-01 2.683104999999999851e+00 2.528075999999999990e+00
6.713900000000000423e-02 2.137450999999999990e+00 8.642579999999999707e-01 2.680664000000000158e+00 2.534180000000000099e+00
6.713900000000000423e-02 2.136229999999999851e+00 8.593750000000000000e-01 2.680664000000000158e+00 2.526854999999999851e+00
6.591800000000000437e-02 2.135009999999999852e+00 8.557129999999999459e-01 2.680664000000000158e+00 2.543944999999999901e+00
6.591800000000000437e-02 2.128906000000000187e+00 8.544920000000000293e-01 2.681884999999999852e+00 2.506104000000000109e+00
6.591800000000000437e-02 2.133789000000000158e+00 8.544920000000000293e-01 2.675781000000000187e+00 2.508544999999999803e+00
6.591800000000000437e-02 2.125243999999999911e+00 8.508299999999999752e-01 2.680664000000000158e+00 2.535400000000000098e+00
6.591800000000000437e-02 2.124023000000000216e+00 8.459470000000000045e-01 2.672118999999999911e+00 2.504882999999999971e+00
6.469700000000000450e-02 2.124023000000000216e+00 8.459470000000000045e-01 2.675781000000000187e+00 2.507324000000000108e+00
6.469700000000000450e-02 2.114257999999999971e+00 8.447270000000000056e-01 2.664794999999999803e+00 2.507324000000000108e+00
6.469700000000000450e-02 2.114257999999999971e+00 8.447270000000000056e-01 2.670898000000000216e+00 2.520751999999999882e+00
6.469700000000000450e-02 2.114257999999999971e+00 8.398440000000000349e-01 2.670898000000000216e+00 2.534180000000000099e+00
6.469700000000000450e-02 2.109375000000000000e+00 8.374019999999999797e-01 2.670898000000000216e+00 2.524414000000000158e+00
6.469700000000000450e-02 2.104492000000000029e+00 8.361819999999999808e-01 2.664794999999999803e+00 2.506104000000000109e+00
6.469700000000000450e-02 2.104492000000000029e+00 8.349609999999999532e-01 2.662354000000000109e+00 2.475585999999999842e+00
6.469700000000000450e-02 2.098389000000000060e+00 8.312990000000000101e-01 2.663574000000000108e+00 2.498778999999999861e+00
6.469700000000000450e-02 2.094726999999999784e+00 8.288569999999999549e-01 2.662354000000000109e+00 2.495117000000000029e+00
6.347700000000000564e-02 2.094726999999999784e+00 8.264160000000000394e-01 2.663574000000000108e+00 2.504882999999999971e+00
6.469700000000000450e-02 2.089843999999999813e+00 8.251950000000000118e-01 2.661132999999999971e+00 2.506104000000000109e+00
6.347700000000000564e-02 2.084960999999999842e+00 8.215329999999999577e-01 2.661132999999999971e+00 2.508544999999999803e+00
6.347700000000000564e-02 2.084960999999999842e+00 8.203129999999999589e-01 2.656250000000000000e+00 2.524414000000000158e+00
6.347700000000000564e-02 2.076416000000000039e+00 8.166499999999999870e-01 2.651367000000000029e+00 2.524414000000000158e+00
6.347700000000000564e-02 2.075194999999999901e+00 8.166499999999999870e-01 2.656250000000000000e+00 2.519531000000000187e+00
6.347700000000000564e-02 2.075194999999999901e+00 8.154299999999999882e-01 2.645264000000000060e+00 2.504882999999999971e+00
6.347700000000000564e-02 2.066650000000000098e+00 8.105470000000000175e-01 2.651367000000000029e+00 2.498778999999999861e+00
6.347700000000000564e-02 2.065430000000000099e+00 8.081049999999999622e-01 2.646484000000000059e+00 2.515868999999999911e+00
6.225599999999999884e-02 2.065430000000000099e+00 8.068849999999999634e-01 2.645264000000000060e+00 2.486571999999999782e+00
6.225599999999999884e-02 2.059325999999999990e+00 8.056640000000000468e-01 2.644042999999999921e+00 2.496338000000000168e+00
6.347700000000000564e-02 2.055664000000000158e+00 8.020019999999999927e-01 2.641601999999999784e+00 2.495117000000000029e+00
6.225599999999999884e-02 2.055664000000000158e+00 8.007809999999999651e-01 2.641601999999999784e+00 2.498778999999999861e+00
6.347700000000000564e-02 2.045898000000000216e+00 8.007809999999999651e-01 2.641601999999999784e+00 2.508544999999999803e+00
6.225599999999999884e-02 2.045898000000000216e+00 7.971190000000000220e-01 2.636718999999999813e+00 2.517090000000000050e+00
6.225599999999999884e-02 2.041015999999999941e+00 7.958979999999999944e-01 2.633056999999999981e+00 2.495117000000000029e+00
6.225599999999999884e-02 2.037354000000000109e+00 7.922360000000000513e-01 2.633056999999999981e+00 2.465819999999999901e+00
6.225599999999999884e-02 2.036132999999999971e+00 7.910160000000000524e-01 2.631835999999999842e+00 2.480468999999999813e+00
6.103499999999999898e-02 2.031250000000000000e+00 7.897950000000000248e-01 2.631835999999999842e+00 2.506104000000000109e+00
6.103499999999999898e-02 2.027588000000000168e+00 7.873539999999999983e-01 2.625732000000000177e+00 2.476806999999999981e+00
6.103499999999999898e-02 2.026367000000000029e+00 7.861329999999999707e-01 2.625732000000000177e+00 2.449950999999999990e+00
6.103499999999999898e-02 2.021484000000000059e+00 7.824710000000000276e-01 2.623291000000000039e+00 2.456055000000000099e+00
6.103499999999999898e-02 2.016601999999999784e+00 7.812500000000000000e-01 2.622069999999999901e+00 2.467041000000000039e+00
6.103499999999999898e-02 2.016601999999999784e+00 7.800289999999999724e-01 2.624512000000000178e+00 2.485351999999999784e+00
6.103499999999999898e-02 2.008056999999999981e+00 7.763670000000000293e-01 2.615966999999999931e+00 2.459716999999999931e+00
6.103499999999999898e-02 2.006835999999999842e+00 7.763670000000000293e-01 2.615966999999999931e+00 2.456055000000000099e+00
6.103499999999999898e-02 2.000732000000000177e+00 7.727049999999999752e-01 2.612305000000000099e+00 2.475585999999999842e+00
5.981399999999999911e-02 1.998291000000000039e+00 7.690430000000000321e-01 2.612305000000000099e+00 2.476806999999999981e+00
5.981399999999999911e-02 1.999511999999999956e+00 7.666020000000000056e-01 2.612305000000000099e+00 2.479248000000000118e+00
5.981399999999999911e-02 1.990966999999999931e+00 7.666020000000000056e-01 2.612305000000000099e+00 2.489014000000000060e+00
5.981399999999999911e-02 1.987305000000000099e+00 7.617190000000000349e-01 2.606200999999999990e+00 2.469482000000000177e+00
5.981399999999999911e-02 1.981200999999999990e+00 7.604980000000000073e-01 2.602539000000000158e+00 2.480468999999999813e+00
5.981399999999999911e-02 1.977538999999999936e+00 7.580569999999999808e-01 2.602539000000000158e+00 2.495117000000000029e+00
5.859400000000000025e-02 1.977538999999999936e+00 7.568359999999999532e-01 2.602539000000000158e+00 2.490234000000000059e+00
5.981399999999999911e-02 1.970215000000000050e+00 7.531740000000000101e-01 2.597656000000000187e+00 2.495117000000000029e+00
5.981399999999999911e-02 1.967772999999999994e+00 7.507319999999999549e-01 2.593993999999999911e+00 2.465819999999999901e+00
5.981399999999999911e-02 1.961670000000000025e+00 7.482910000000000394e-01 2.593993999999999911e+00 2.441406000000000187e+00
5.859400000000000025e-02 1.959229000000000109e+00 7.470700000000000118e-01 2.592773000000000216e+00 2.465819999999999901e+00
5.859400000000000025e-02 1.958007999999999971e+00 7.470700000000000118e-01 2.589110999999999940e+00 2.446289000000000158e+00
5.859400000000000025e-02 1.953125000000000000e+00 7.434079999999999577e-01 2.584229000000000109e+00 2.427979000000000109e+00
5.859400000000000025e-02 1.948242000000000029e+00 7.409670000000000423e-01 2.583007999999999971e+00 2.446289000000000158e+00
5.859400000000000025e-02 1.943359000000000059e+00 7.397460000000000147e-01 2.583007999999999971e+00 2.456055000000000099e+00
5.859400000000000025e-02 1.939697000000000005e+00 7.373049999999999882e-01 2.583007999999999971e+00 2.465819999999999901e+00
5.859400000000000025e-02 1.938477000000000006e+00 7.373049999999999882e-01 2.583007999999999971e+00 2.465819999999999901e+00
5.737300000000000039e-02 1.933594000000000035e+00 7.373049999999999882e-01 2.575683999999999862e+00 2.467041000000000039e+00
5.859400000000000025e-02 1.933594000000000035e+00 7.324220000000000175e-01 2.573242000000000029e+00 2.459716999999999931e+00
5.737300000000000039e-02 1.925049000000000010e+00 7.287599999999999634e-01 2.573242000000000029e+00 2.475585999999999842e+00
5.737300000000000039e-02 1.921386999999999956e+00 7.275390000000000468e-01 2.567139000000000060e+00 2.440186000000000188e+00
5.737300000000000039e-02 1.918944999999999901e+00 7.275390000000000468e-01 2.564696999999999782e+00 2.426757999999999971e+00
5.859400000000000025e-02 1.918944999999999901e+00 7.250980000000000203e-01 2.563476999999999784e+00 2.436523000000000216e+00
5.737300000000000039e-02 1.910400000000000098e+00 7.226559999999999651e-01 2.563476999999999784e+00 2.451172000000000128e+00
5.737300000000000039e-02 1.909180000000000099e+00 7.214359999999999662e-01 2.563476999999999784e+00 2.465819999999999901e+00
5.737300000000000039e-02 1.903075999999999990e+00 7.189940000000000220e-01 2.556151999999999980e+00 2.465819999999999901e+00
5.737300000000000039e-02 1.899413999999999936e+00 7.177729999999999944e-01 2.554931999999999981e+00 2.426757999999999971e+00
5.615200000000000052e-02 1.899413999999999936e+00 7.177729999999999944e-01 2.554931999999999981e+00 2.408446999999999782e+00
5.737300000000000039e-02 1.892090000000000050e+00 7.177729999999999944e-01 2.553710999999999842e+00 2.426757999999999971e+00
5.737300000000000039e-02 1.889647999999999994e+00 7.141110000000000513e-01 2.553710999999999842e+00 2.437743999999999911e+00
5.737300000000000039e-02 1.889647999999999994e+00 7.128910000000000524e-01 2.545166000000000039e+00 2.407226999999999784e+00
5.615200000000000052e-02 1.881104000000000109e+00 7.104489999999999972e-01 2.543944999999999901e+00 2.426757999999999971e+00
5.737300000000000039e-02 1.879882999999999971e+00 7.092289999999999983e-01 2.548827999999999872e+00 2.436523000000000216e+00
5.615200000000000052e-02 1.875000000000000000e+00 7.080079999999999707e-01 2.537841999999999931e+00 2.416992000000000029e+00
5.615200000000000052e-02 1.871337999999999946e+00 7.080079999999999707e-01 2.536620999999999793e+00 2.426757999999999971e+00
5.615200000000000052e-02 1.870117000000000029e+00 7.043460000000000276e-01 2.535400000000000098e+00 2.407226999999999784e+00
5.615200000000000052e-02 1.864014000000000060e+00 7.031250000000000000e-01 2.534180000000000099e+00 2.418213000000000168e+00
5.493200000000000166e-02 1.860352000000000006e+00 7.031250000000000000e-01 2.534180000000000099e+00 2.426757999999999971e+00
5.615200000000000052e-02 1.860352000000000006e+00 7.006839999999999735e-01 2.528075999999999990e+00 2.407226999999999784e+00
5.493200000000000166e-02 1.854247999999999896e+00 6.994629999999999459e-01 2.528075999999999990e+00 2.391357000000000177e+00
5.615200000000000052e-02 1.850586000000000064e+00 6.982420000000000293e-01 2.524414000000000158e+00 2.416992000000000029e+00
5.493200000000000166e-02 1.840819999999999901e+00 6.945799999999999752e-01 2.524414000000000158e+00 2.427979000000000109e+00
5.493200000000000166e-02 1.840819999999999901e+00 6.945799999999999752e-01 2.517090000000000050e+00 2.427979000000000109e+00
5.493200000000000166e-02 1.840819999999999901e+00 6.921389999999999487e-01 2.515868999999999911e+00 2.398681999999999981e+00
5.493200000000000166e-02 1.831055000000000099e+00 6.896970000000000045e-01 2.514648000000000216e+00 2.408446999999999782e+00
5.493200000000000166e-02 1.832275000000000098e+00 6.896970000000000045e-01 2.514648000000000216e+00 2.416992000000000029e+00
5.493200000000000166e-02 1.826171999999999906e+00 6.884770000000000056e-01 2.509765999999999941e+00 2.421875000000000000e+00
5.493200000000000166e-02 1.821288999999999936e+00 6.884770000000000056e-01 2.506104000000000109e+00 2.408446999999999782e+00
5.493200000000000166e-02 1.821288999999999936e+00 6.884770000000000056e-01 2.504882999999999971e+00 2.407226999999999784e+00
5.493200000000000166e-02 1.816405999999999965e+00 6.848140000000000338e-01 2.507324000000000108e+00 2.421875000000000000e+00
5.493200000000000166e-02 1.812743999999999911e+00 6.835940000000000349e-01 2.501221000000000139e+00 2.407226999999999784e+00
5.493200000000000166e-02 1.812743999999999911e+00 6.835940000000000349e-01 2.501221000000000139e+00 2.407226999999999784e+00
5.493200000000000166e-02 1.811522999999999994e+00 6.823730000000000073e-01 2.497558999999999862e+00 2.416992000000000029e+00
5.493200000000000166e-02 1.811522999999999994e+00 6.799319999999999808e-01 2.496338000000000168e+00 2.391357000000000177e+00
5.493200000000000166e-02 1.802979000000000109e+00 6.799319999999999808e-01 2.495117000000000029e+00 2.408446999999999782e+00
5.371100000000000180e-02 1.801757999999999971e+00 6.799319999999999808e-01 2.495117000000000029e+00 2.409667999999999921e+00
5.493200000000000166e-02 1.796875000000000000e+00 6.799319999999999808e-01 2.495117000000000029e+00 2.426757999999999971e+00
5.493200000000000166e-02 1.794434000000000085e+00 6.799319999999999808e-01 2.486571999999999782e+00 2.391357000000000177e+00
5.371100000000000180e-02 1.791992000000000029e+00 6.787109999999999532e-01 2.486571999999999782e+00 2.377930000000000099e+00
5.493200000000000166e-02 1.788329999999999975e+00 6.787109999999999532e-01 2.485351999999999784e+00 2.387694999999999901e+00
5.371100000000000180e-02 1.785889000000000060e+00 6.787109999999999532e-01 2.485351999999999784e+00 2.397460999999999842e+00
5.493200000000000166e-02 1.783447000000000005e+00 6.787109999999999532e-01 2.485351999999999784e+00 2.399901999999999980e+00
5.371100000000000180e-02 1.782227000000000006e+00 6.787109999999999532e-01 2.479248000000000118e+00 2.391357000000000177e+00
5.493200000000000166e-02 1.782227000000000006e+00 6.787109999999999532e-01 2.485351999999999784e+00 2.398681999999999981e+00
5.493200000000000166e-02 1.777344000000000035e+00 6.787109999999999532e-01 2.475585999999999842e+00 2.397460999999999842e+00
5.371100000000000180e-02 1.772461000000000064e+00 6.787109999999999532e-01 2.475585999999999842e+00 2.397460999999999842e+00
5.371100000000000180e-02 1.772461000000000064e+00 6.787109999999999532e-01 2.475585999999999842e+00 2.398681999999999981e+00
5.371100000000000180e-02 1.772461000000000064e+00 6.787109999999999532e-01 2.475585999999999842e+00 2.397460999999999842e+00
5.371100000000000180e-02 1.772461000000000064e+00 6.799319999999999808e-01 2.475585999999999842e+00 2.398681999999999981e+00
5.371100000000000180e-02 1.766356999999999955e+00 6.799319999999999808e-01 2.469482000000000177e+00 2.377930000000000099e+00
5.371100000000000180e-02 1.763916000000000039e+00 6.823730000000000073e-01 2.467041000000000039e+00 2.358398000000000216e+00
5.371100000000000180e-02 1.762694999999999901e+00 6.823730000000000073e-01 2.467041000000000039e+00 2.348632999999999971e+00
5.371100000000000180e-02 1.762694999999999901e+00 6.884770000000000056e-01 2.465819999999999901e+00 2.368164000000000158e+00
5.371100000000000180e-02 1.762694999999999901e+00 6.884770000000000056e-01 2.465819999999999901e+00 2.381591999999999931e+00
5.371100000000000180e-02 1.762694999999999901e+00 6.884770000000000056e-01 2.465819999999999901e+00 2.397460999999999842e+00
5.371100000000000180e-02 1.762694999999999901e+00 6.884770000000000056e-01 2.465819999999999901e+00 2.397460999999999842e+00
5.493200000000000166e-02 1.757813000000000070e+00 6.884770000000000056e-01 2.465819999999999901e+00 2.391357000000000177e+00
5.371100000000000180e-02 1.756591999999999931e+00 6.884770000000000056e-01 2.457275000000000098e+00 2.382813000000000070e+00
5.493200000000000166e-02 1.754150000000000098e+00 6.884770000000000056e-01 2.458495999999999793e+00 2.397460999999999842e+00
5.371100000000000180e-02 1.754150000000000098e+00 6.896970000000000045e-01 2.459716999999999931e+00 2.373047000000000128e+00
5.493200000000000166e-02 1.752930000000000099e+00 6.896970000000000045e-01 2.456055000000000099e+00 2.388916000000000039e+00
5.371100000000000180e-02 1.752930000000000099e+00 6.896970000000000045e-01 2.456055000000000099e+00 2.387694999999999901e+00
5.371100000000000180e-02 1.752930000000000099e+00 6.896970000000000045e-01 2.456055000000000099e+00 2.388916000000000039e+00
5.371100000000000180e-02 1.752930000000000099e+00 6.909180000000000321e-01 2.456055000000000099e+00 2.387694999999999901e+00
5.493200000000000166e-02 1.752930000000000099e+00 6.909180000000000321e-01 2.456055000000000099e+00 2.387694999999999901e+00
5.371100000000000180e-02 1.752930000000000099e+00 6.921389999999999487e-01 2.456055000000000099e+00 2.387694999999999901e+00
5.493200000000000166e-02 1.746825999999999990e+00 6.909180000000000321e-01 2.456055000000000099e+00 2.387694999999999901e+00
5.371100000000000180e-02 1.746825999999999990e+00 6.921389999999999487e-01 2.456055000000000099e+00 2.391357000000000177e+00
5.493200000000000166e-02 1.745605000000000073e+00 6.909180000000000321e-01 2.449950999999999990e+00 2.369384999999999852e+00
5.493200000000000166e-02 1.746825999999999990e+00 6.921389999999999487e-01 2.447509999999999852e+00 2.348632999999999971e+00
5.493200000000000166e-02 1.744385000000000074e+00 6.921389999999999487e-01 2.447509999999999852e+00 2.341308999999999862e+00
5.493200000000000166e-02 1.743163999999999936e+00 6.921389999999999487e-01 2.446289000000000158e+00 2.373047000000000128e+00
5.371100000000000180e-02 1.744385000000000074e+00 6.945799999999999752e-01 2.447509999999999852e+00 2.368164000000000158e+00
5.493200000000000166e-02 1.743163999999999936e+00 6.945799999999999752e-01 2.446289000000000158e+00 2.377930000000000099e+00
5.371100000000000180e-02 1.743163999999999936e+00 6.945799999999999752e-01 2.446289000000000158e+00 2.380370999999999793e+00
5.493200000000000166e-02 1.743163999999999936e+00 6.945799999999999752e-01 2.446289000000000158e+00 2.397460999999999842e+00
5.493200000000000166e-02 1.743163999999999936e+00 6.982420000000000293e-01 2.446289000000000158e+00 2.387694999999999901e+00
5.493200000000000166e-02 1.743163999999999936e+00 6.982420000000000293e-01 2.446289000000000158e+00 2.379150000000000098e+00
5.493200000000000166e-02 1.744385000000000074e+00 6.994629999999999459e-01 2.446289000000000158e+00 2.381591999999999931e+00
5.493200000000000166e-02 1.743163999999999936e+00 7.006839999999999735e-01 2.446289000000000158e+00 2.388916000000000039e+00
5.493200000000000166e-02 1.743163999999999936e+00 7.031250000000000000e-01 2.446289000000000158e+00 2.379150000000000098e+00
5.493200000000000166e-02 1.743163999999999936e+00 7.031250000000000000e-01 2.446289000000000158e+00 2.380370999999999793e+00
5.493200000000000166e-02 1.743163999999999936e+00 7.080079999999999707e-01 2.446289000000000158e+00 2.388916000000000039e+00
5.493200000000000166e-02 1.743163999999999936e+00 7.092289999999999983e-01 2.446289000000000158e+00 2.387694999999999901e+00
5.493200000000000166e-02 1.743163999999999936e+00 7.128910000000000524e-01 2.446289000000000158e+00 2.380370999999999793e+00
5.493200000000000166e-02 1.744385000000000074e+00 7.141110000000000513e-01 2.446289000000000158e+00 2.397460999999999842e+00
5.493200000000000166e-02 1.746825999999999990e+00 7.177729999999999944e-01 2.446289000000000158e+00 2.387694999999999901e+00
5.615200000000000052e-02 1.744385000000000074e+00 7.226559999999999651e-01 2.446289000000000158e+00 2.387694999999999901e+00
5.615200000000000052e-02 1.752930000000000099e+00 7.275390000000000468e-01 2.446289000000000158e+00 2.387694999999999901e+00
5.493200000000000166e-02 1.752930000000000099e+00 7.275390000000000468e-01 2.446289000000000158e+00 2.381591999999999931e+00
5.493200000000000166e-02 1.752930000000000099e+00 7.275390000000000468e-01 2.446289000000000158e+00 2.391357000000000177e+00
5.493200000000000166e-02 1.752930000000000099e+00 7.312009999999999899e-01 2.446289000000000158e+00 2.397460999999999842e+00
5.615200000000000052e-02 1.754150000000000098e+00 7.336430000000000451e-01 2.447509999999999852e+00 2.368164000000000158e+00
5.615200000000000052e-02 1.754150000000000098e+00 7.336430000000000451e-01 2.447509999999999852e+00 2.352294999999999803e+00
5.615200000000000052e-02 1.757813000000000070e+00 7.336430000000000451e-01 2.446289000000000158e+00 2.377930000000000099e+00
5.615200000000000052e-02 1.762694999999999901e+00 7.373049999999999882e-01 2.448729999999999851e+00 2.379150000000000098e+00
5.615200000000000052e-02 1.762694999999999901e+00 7.373049999999999882e-01 2.447509999999999852e+00 2.352294999999999803e+00
5.615200000000000052e-02 1.762694999999999901e+00 7.385249999999999870e-01 2.448729999999999851e+00 2.377930000000000099e+00
5.737300000000000039e-02 1.762694999999999901e+00 7.385249999999999870e-01 2.449950999999999990e+00 2.359618999999999911e+00
5.737300000000000039e-02 1.763916000000000039e+00 7.409670000000000423e-01 2.449950999999999990e+00 2.348632999999999971e+00
5.615200000000000052e-02 1.772461000000000064e+00 7.434079999999999577e-01 2.451172000000000128e+00 2.359618999999999911e+00
