5.859400000000000025e-02 1.450194999999999901e+00 5.969240000000000101e-01 2.224120999999999793e+00
5.859400000000000025e-02 1.450194999999999901e+00 5.969240000000000101e-01 2.222900000000000098e+00
5.859400000000000025e-02 1.450194999999999901e+00 5.969240000000000101e-01 2.222900000000000098e+00
5.859400000000000025e-02 1.450194999999999901e+00 5.969240000000000101e-01 2.222900000000000098e+00
5.859400000000000025e-02 1.450194999999999901e+00 5.981450000000000378e-01 2.224120999999999793e+00
5.859400000000000025e-02 1.450194999999999901e+00 5.969240000000000101e-01 2.222900000000000098e+00
5.859400000000000025e-02 1.450194999999999901e+00 5.969240000000000101e-01 2.222900000000000098e+00
5.859400000000000025e-02 1.450194999999999901e+00 5.969240000000000101e-01 2.221680000000000099e+00
5.859400000000000025e-02 1.450194999999999901e+00 5.969240000000000101e-01 2.224120999999999793e+00
5.859400000000000025e-02 1.450194999999999901e+00 5.969240000000000101e-01 2.224120999999999793e+00
5.859400000000000025e-02 1.450194999999999901e+00 5.969240000000000101e-01 2.222900000000000098e+00
5.859400000000000025e-02 1.450194999999999901e+00 5.969240000000000101e-01 2.226563000000000070e+00
5.859400000000000025e-02 1.450194999999999901e+00 5.969240000000000101e-01 2.221680000000000099e+00
5.859400000000000025e-02 1.450194999999999901e+00 5.969240000000000101e-01 2.221680000000000099e+00
5.859400000000000025e-02 1.450194999999999901e+00 6.005859999999999532e-01 2.222900000000000098e+00
5.859400000000000025e-02 1.450194999999999901e+00 5.969240000000000101e-01 2.221680000000000099e+00
5.737300000000000039e-02 1.450194999999999901e+00 5.969240000000000101e-01 2.221680000000000099e+00
5.859400000000000025e-02 1.451416000000000039e+00 5.969240000000000101e-01 2.221680000000000099e+00
5.859400000000000025e-02 1.450194999999999901e+00 5.969240000000000101e-01 2.222900000000000098e+00
5.859400000000000025e-02 1.450194999999999901e+00 5.969240000000000101e-01 2.221680000000000099e+00
5.859400000000000025e-02 1.450194999999999901e+00 5.969240000000000101e-01 2.221680000000000099e+00
5.859400000000000025e-02 1.450194999999999901e+00 5.969240000000000101e-01 2.222900000000000098e+00
5.859400000000000025e-02 1.450194999999999901e+00 5.957029999999999825e-01 2.222900000000000098e+00
5.859400000000000025e-02 1.450194999999999901e+00 5.969240000000000101e-01 2.222900000000000098e+00
5.859400000000000025e-02 1.450194999999999901e+00 5.969240000000000101e-01 2.221680000000000099e+00
5.859400000000000025e-02 1.450194999999999901e+00 5.969240000000000101e-01 2.221680000000000099e+00
5.859400000000000025e-02 1.450194999999999901e+00 5.969240000000000101e-01 2.221680000000000099e+00
5.859400000000000025e-02 1.450194999999999901e+00 5.969240000000000101e-01 2.222900000000000098e+00
5.859400000000000025e-02 1.450194999999999901e+00 5.969240000000000101e-01 2.221680000000000099e+00
5.859400000000000025e-02 1.450194999999999901e+00 5.969240000000000101e-01 2.222900000000000098e+00
5.859400000000000025e-02 1.450194999999999901e+00 5.969240000000000101e-01 2.224120999999999793e+00
5.859400000000000025e-02 1.450194999999999901e+00 5.969240000000000101e-01 2.224120999999999793e+00
5.859400000000000025e-02 1.450194999999999901e+00 5.969240000000000101e-01 2.221680000000000099e+00
5.859400000000000025e-02 1.450194999999999901e+00 5.957029999999999825e-01 2.226563000000000070e+00
5.859400000000000025e-02 1.450194999999999901e+00 5.969240000000000101e-01 2.221680000000000099e+00
5.859400000000000025e-02 1.446533000000000069e+00 5.969240000000000101e-01 2.222900000000000098e+00
5.859400000000000025e-02 1.450194999999999901e+00 5.969240000000000101e-01 2.221680000000000099e+00
5.859400000000000025e-02 1.450194999999999901e+00 5.969240000000000101e-01 2.222900000000000098e+00
5.859400000000000025e-02 1.450194999999999901e+00 6.030269999999999797e-01 2.224120999999999793e+00
5.981399999999999911e-02 1.459961000000000064e+00 6.298829999999999707e-01 2.224120999999999793e+00
5.981399999999999911e-02 1.474609000000000059e+00 6.909180000000000321e-01 2.241210999999999842e+00
6.469700000000000450e-02 1.547852000000000006e+00 9.130859999999999532e-01 2.280273000000000216e+00
6.835900000000000309e-02 1.599121000000000015e+00 1.035155999999999965e+00 2.309569999999999901e+00
7.080100000000000282e-02 1.656493999999999911e+00 1.148681999999999981e+00 2.343750000000000000e+00
7.446300000000000141e-02 1.718750000000000000e+00 1.246337999999999946e+00 2.377930000000000099e+00
7.812500000000000000e-02 1.782227000000000006e+00 1.325684000000000085e+00 2.418213000000000168e+00
8.178699999999999859e-02 1.850586000000000064e+00 1.391602000000000006e+00 2.456055000000000099e+00
8.422899999999999832e-02 1.918944999999999901e+00 1.441650000000000098e+00 2.495117000000000029e+00
8.666999999999999704e-02 1.978760000000000074e+00 1.484375000000000000e+00 2.526854999999999851e+00
9.033199999999999563e-02 2.045898000000000216e+00 1.514893000000000045e+00 2.563476999999999784e+00
9.277299999999999436e-02 2.105713000000000168e+00 1.538086000000000064e+00 2.602539000000000158e+00
9.399399999999999422e-02 2.163085999999999842e+00 1.551514000000000060e+00 2.633056999999999981e+00
9.765600000000000669e-02 2.218017999999999823e+00 1.562500000000000000e+00 2.670898000000000216e+00
9.887700000000000655e-02 2.269286999999999832e+00 1.568604000000000109e+00 2.700194999999999901e+00
1.013180000000000053e-01 2.319335999999999842e+00 1.577147999999999994e+00 2.730713000000000168e+00
1.013180000000000053e-01 2.319335999999999842e+00 1.577147999999999994e+00 2.730713000000000168e+00
1.037600000000000050e-01 2.363281000000000187e+00 1.580810999999999966e+00 2.758789000000000158e+00
1.049800000000000039e-01 2.407226999999999784e+00 1.582030999999999965e+00 2.788085999999999842e+00
1.062010000000000037e-01 2.446289000000000158e+00 1.578368999999999911e+00 2.810058999999999862e+00
1.074220000000000036e-01 2.480468999999999813e+00 1.577147999999999994e+00 2.836914000000000158e+00
1.086430000000000035e-01 2.514648000000000216e+00 1.568604000000000109e+00 2.860107000000000177e+00
1.086430000000000035e-01 2.543944999999999901e+00 1.558837999999999946e+00 2.879639000000000060e+00
1.098630000000000023e-01 2.565917999999999921e+00 1.550292999999999921e+00 2.899169999999999803e+00
1.110840000000000022e-01 2.592773000000000216e+00 1.538086000000000064e+00 2.918700999999999990e+00
1.098630000000000023e-01 2.612305000000000099e+00 1.530761999999999956e+00 2.937012000000000178e+00
1.110840000000000022e-01 2.634276999999999980e+00 1.518555000000000099e+00 2.954101999999999784e+00
1.123050000000000020e-01 2.661132999999999971e+00 1.489257999999999971e+00 2.983398000000000216e+00
1.110840000000000022e-01 2.670898000000000216e+00 1.473389000000000060e+00 2.994384999999999852e+00
1.123050000000000020e-01 2.680664000000000158e+00 1.459961000000000064e+00 3.002930000000000099e+00
1.123050000000000020e-01 2.690430000000000099e+00 1.444091999999999931e+00 3.015137000000000178e+00
1.123050000000000020e-01 2.700194999999999901e+00 1.430663999999999936e+00 3.023681999999999981e+00
1.110840000000000022e-01 2.701416000000000039e+00 1.411132999999999971e+00 3.034667999999999921e+00
1.098630000000000023e-01 2.703857000000000177e+00 1.395264000000000060e+00 3.041992000000000029e+00
1.098630000000000023e-01 2.709960999999999842e+00 1.381836000000000064e+00 3.051757999999999971e+00
1.086430000000000035e-01 2.709960999999999842e+00 1.365966999999999931e+00 3.054199000000000108e+00
1.098630000000000023e-01 2.709960999999999842e+00 1.357421999999999906e+00 3.061523000000000216e+00
1.086430000000000035e-01 2.703857000000000177e+00 1.352538999999999936e+00 3.063965000000000050e+00
1.086430000000000035e-01 2.711181999999999981e+00 1.346435999999999966e+00 3.071289000000000158e+00
1.074220000000000036e-01 2.709960999999999842e+00 1.347655999999999965e+00 3.076172000000000128e+00
1.074220000000000036e-01 2.719726999999999784e+00 1.353760000000000074e+00 3.081055000000000099e+00
1.086430000000000035e-01 2.719726999999999784e+00 1.363525000000000098e+00 3.084716999999999931e+00
1.074220000000000036e-01 2.719726999999999784e+00 1.376953000000000094e+00 3.090819999999999901e+00
1.074220000000000036e-01 2.719726999999999784e+00 1.401367000000000029e+00 3.094482000000000177e+00
1.074220000000000036e-01 2.729492000000000029e+00 1.422118999999999911e+00 3.100585999999999842e+00
1.074220000000000036e-01 2.734375000000000000e+00 1.450194999999999901e+00 3.110351999999999784e+00
1.086430000000000035e-01 2.739257999999999971e+00 1.469727000000000006e+00 3.111571999999999782e+00
1.086430000000000035e-01 2.749023000000000216e+00 1.480712999999999946e+00 3.120117000000000029e+00
1.086430000000000035e-01 2.758789000000000158e+00 1.489257999999999971e+00 3.129882999999999971e+00
1.098630000000000023e-01 2.760009999999999852e+00 1.491699000000000108e+00 3.129882999999999971e+00
1.098630000000000023e-01 2.768555000000000099e+00 1.489257999999999971e+00 3.139648000000000216e+00
1.098630000000000023e-01 2.768555000000000099e+00 1.489257999999999971e+00 3.140868999999999911e+00
1.098630000000000023e-01 2.769775000000000098e+00 1.480712999999999946e+00 3.149414000000000158e+00
1.098630000000000023e-01 2.772216999999999931e+00 1.470947000000000005e+00 3.149414000000000158e+00
1.098630000000000023e-01 2.778319999999999901e+00 1.459961000000000064e+00 3.159180000000000099e+00
1.098630000000000023e-01 2.778319999999999901e+00 1.450194999999999901e+00 3.159180000000000099e+00
1.098630000000000023e-01 2.778319999999999901e+00 1.431885000000000074e+00 3.159180000000000099e+00
1.086430000000000035e-01 2.778319999999999901e+00 1.417235999999999940e+00 3.162841999999999931e+00
1.086430000000000035e-01 2.778319999999999901e+00 1.402587999999999946e+00 3.168944999999999901e+00
1.086430000000000035e-01 2.770995999999999793e+00 1.386719000000000035e+00 3.168944999999999901e+00
1.086430000000000035e-01 2.768555000000000099e+00 1.372069999999999901e+00 3.168944999999999901e+00
1.074220000000000036e-01 2.762450999999999990e+00 1.353760000000000074e+00 3.168944999999999901e+00
1.062010000000000037e-01 2.758789000000000158e+00 1.342772999999999994e+00 3.168944999999999901e+00
1.062010000000000037e-01 2.758789000000000158e+00 1.328125000000000000e+00 3.168944999999999901e+00
1.062010000000000037e-01 2.749023000000000216e+00 1.313477000000000006e+00 3.168944999999999901e+00
1.049800000000000039e-01 2.741699000000000108e+00 1.303711000000000064e+00 3.168944999999999901e+00
1.037600000000000050e-01 2.739257999999999971e+00 1.287841999999999931e+00 3.162841999999999931e+00
1.037600000000000050e-01 2.730713000000000168e+00 1.275635000000000074e+00 3.161620999999999793e+00
1.025390000000000051e-01 2.722167999999999921e+00 1.265868999999999911e+00 3.162841999999999931e+00
1.025390000000000051e-01 2.719726999999999784e+00 1.254882999999999971e+00 3.160400000000000098e+00
1.025390000000000051e-01 2.711181999999999981e+00 1.250000000000000000e+00 3.160400000000000098e+00
1.013180000000000053e-01 2.702637000000000178e+00 1.239014000000000060e+00 3.159180000000000099e+00
1.013180000000000053e-01 2.700194999999999901e+00 1.235352000000000006e+00 3.153075999999999990e+00
1.000980000000000064e-01 2.690430000000000099e+00 1.225586000000000064e+00 3.154297000000000128e+00
1.000980000000000064e-01 2.690430000000000099e+00 1.217041000000000039e+00 3.149414000000000158e+00
9.887700000000000655e-02 2.680664000000000158e+00 1.215819999999999901e+00 3.149414000000000158e+00
9.887700000000000655e-02 2.670898000000000216e+00 1.207275000000000098e+00 3.149414000000000158e+00
9.765600000000000669e-02 2.664794999999999803e+00 1.206055000000000099e+00 3.140868999999999911e+00
9.765600000000000669e-02 2.661132999999999971e+00 1.198730000000000073e+00 3.139648000000000216e+00
9.765600000000000669e-02 2.653808999999999862e+00 1.196288999999999936e+00 3.133544999999999803e+00
9.643599999999999395e-02 2.651367000000000029e+00 1.191405999999999965e+00 3.131104000000000109e+00
9.521499999999999408e-02 2.641601999999999784e+00 1.187743999999999911e+00 3.131104000000000109e+00
9.643599999999999395e-02 2.635498000000000118e+00 1.182860999999999940e+00 3.129882999999999971e+00
9.521499999999999408e-02 2.631835999999999842e+00 1.177979000000000109e+00 3.129882999999999971e+00
9.399399999999999422e-02 2.631835999999999842e+00 1.176757999999999971e+00 3.121338000000000168e+00
9.399399999999999422e-02 2.622069999999999901e+00 1.171875000000000000e+00 3.120117000000000029e+00
9.399399999999999422e-02 2.614745999999999793e+00 1.166992000000000029e+00 3.111571999999999782e+00
9.399399999999999422e-02 2.606200999999999990e+00 1.160889000000000060e+00 3.111571999999999782e+00
9.277299999999999436e-02 2.602539000000000158e+00 1.157227000000000006e+00 3.110351999999999784e+00
9.277299999999999436e-02 2.593993999999999911e+00 1.152344000000000035e+00 3.110351999999999784e+00
9.155299999999999550e-02 2.592773000000000216e+00 1.147461000000000064e+00 3.110351999999999784e+00
9.155299999999999550e-02 2.585449000000000108e+00 1.138916000000000039e+00 3.100585999999999842e+00
9.155299999999999550e-02 2.578125000000000000e+00 1.137694999999999901e+00 3.094482000000000177e+00
9.033199999999999563e-02 2.573242000000000029e+00 1.129150000000000098e+00 3.092041000000000039e+00
8.911099999999999577e-02 2.564696999999999782e+00 1.127930000000000099e+00 3.090819999999999901e+00
8.911099999999999577e-02 2.563476999999999784e+00 1.129150000000000098e+00 3.084716999999999931e+00
8.911099999999999577e-02 2.563476999999999784e+00 1.157227000000000006e+00 3.083495999999999793e+00
8.911099999999999577e-02 2.563476999999999784e+00 1.206055000000000099e+00 3.081055000000000099e+00
9.033199999999999563e-02 2.567139000000000060e+00 1.269530999999999965e+00 3.083495999999999793e+00
9.155299999999999550e-02 2.583007999999999971e+00 1.347655999999999965e+00 3.090819999999999901e+00
9.277299999999999436e-02 2.595215000000000050e+00 1.431885000000000074e+00 3.100585999999999842e+00
9.521499999999999408e-02 2.618408000000000069e+00 1.518555000000000099e+00 3.101806999999999981e+00
9.765600000000000669e-02 2.642821999999999782e+00 1.596680000000000099e+00 3.114014000000000060e+00
1.000980000000000064e-01 2.673340000000000050e+00 1.666260000000000074e+00 3.129882999999999971e+00
1.025390000000000051e-01 2.709960999999999842e+00 1.724854000000000109e+00 3.140868999999999911e+00
1.062010000000000037e-01 2.739257999999999971e+00 1.774901999999999980e+00 3.159180000000000099e+00
1.086430000000000035e-01 2.768555000000000099e+00 1.811522999999999994e+00 3.172607000000000177e+00
1.123050000000000020e-01 2.797851999999999784e+00 1.840819999999999901e+00 3.188476999999999784e+00
1.135250000000000009e-01 2.827148000000000216e+00 1.855469000000000035e+00 3.203125000000000000e+00
1.159670000000000006e-01 2.856444999999999901e+00 1.864014000000000060e+00 3.217773000000000216e+00
1.171880000000000005e-01 2.877196999999999782e+00 1.871337999999999946e+00 3.231200999999999990e+00
1.196289999999999992e-01 2.905273000000000216e+00 1.873779000000000083e+00 3.247069999999999901e+00
1.220699999999999980e-01 2.918700999999999990e+00 1.872559000000000085e+00 3.256835999999999842e+00
1.220699999999999980e-01 2.944335999999999842e+00 1.871337999999999946e+00 3.276367000000000029e+00
1.232909999999999978e-01 2.954101999999999784e+00 1.864014000000000060e+00 3.281250000000000000e+00
1.245119999999999977e-01 2.968750000000000000e+00 1.855469000000000035e+00 3.295898000000000216e+00
1.257320000000000104e-01 2.977294999999999803e+00 1.844481999999999955e+00 3.305664000000000158e+00
1.281740000000000101e-01 2.993164000000000158e+00 1.835938000000000070e+00 3.315430000000000099e+00
1.281740000000000101e-01 3.002930000000000099e+00 1.821288999999999936e+00 3.319091999999999931e+00
1.281740000000000101e-01 3.004150000000000098e+00 1.811522999999999994e+00 3.327637000000000178e+00
1.281740000000000101e-01 3.012694999999999901e+00 1.801757999999999971e+00 3.334960999999999842e+00
1.281740000000000101e-01 3.015137000000000178e+00 1.785889000000000060e+00 3.344726999999999784e+00
1.293950000000000100e-01 3.022460999999999842e+00 1.777344000000000035e+00 3.344726999999999784e+00
1.281740000000000101e-01 3.024901999999999980e+00 1.765136999999999956e+00 3.354492000000000029e+00
1.293950000000000100e-01 3.024901999999999980e+00 1.757813000000000070e+00 3.354492000000000029e+00
1.293950000000000100e-01 3.024901999999999980e+00 1.743163999999999936e+00 3.364257999999999971e+00
1.293950000000000100e-01 3.032226999999999784e+00 1.727295000000000025e+00 3.360596000000000139e+00
1.293950000000000100e-01 3.026123000000000118e+00 1.715087999999999946e+00 3.365479000000000109e+00
1.281740000000000101e-01 3.026123000000000118e+00 1.704102000000000006e+00 3.366699000000000108e+00
1.281740000000000101e-01 3.023681999999999981e+00 1.694336000000000064e+00 3.367919999999999803e+00
1.281740000000000101e-01 3.022460999999999842e+00 1.678466999999999931e+00 3.367919999999999803e+00
1.281740000000000101e-01 3.022460999999999842e+00 1.674805000000000099e+00 3.377686000000000188e+00
1.281740000000000101e-01 3.013916000000000039e+00 1.665038999999999936e+00 3.378906000000000187e+00
1.281740000000000101e-01 3.017577999999999872e+00 1.656493999999999911e+00 3.374023000000000216e+00
1.281740000000000101e-01 3.012694999999999901e+00 1.655272999999999994e+00 3.374023000000000216e+00
1.269530000000000103e-01 3.012694999999999901e+00 1.649170000000000025e+00 3.367919999999999803e+00
1.269530000000000103e-01 3.006591999999999931e+00 1.645507999999999971e+00 3.374023000000000216e+00
1.269530000000000103e-01 3.004150000000000098e+00 1.640625000000000000e+00 3.374023000000000216e+00
1.269530000000000103e-01 3.002930000000000099e+00 1.635742000000000029e+00 3.374023000000000216e+00
1.269530000000000103e-01 3.002930000000000099e+00 1.625977000000000006e+00 3.375243999999999911e+00
1.257320000000000104e-01 2.993164000000000158e+00 1.617431999999999981e+00 3.374023000000000216e+00
1.257320000000000104e-01 2.993164000000000158e+00 1.607666000000000039e+00 3.374023000000000216e+00
1.232909999999999978e-01 2.988281000000000187e+00 1.596680000000000099e+00 3.375243999999999911e+00
1.232909999999999978e-01 2.983398000000000216e+00 1.583252000000000104e+00 3.367919999999999803e+00
1.232909999999999978e-01 2.974854000000000109e+00 1.568604000000000109e+00 3.366699000000000108e+00
1.232909999999999978e-01 2.973632999999999971e+00 1.557617000000000029e+00 3.366699000000000108e+00
1.220699999999999980e-01 2.963867000000000029e+00 1.538086000000000064e+00 3.365479000000000109e+00
1.220699999999999980e-01 2.955321999999999782e+00 1.528319999999999901e+00 3.369140999999999941e+00
1.220699999999999980e-01 2.949218999999999813e+00 1.508788999999999936e+00 3.364257999999999971e+00
1.196289999999999992e-01 2.944335999999999842e+00 1.490479000000000109e+00 3.358153999999999861e+00
1.208499999999999991e-01 2.937012000000000178e+00 1.479492000000000029e+00 3.355713000000000168e+00
1.184079999999999994e-01 2.934569999999999901e+00 1.461181999999999981e+00 3.348389000000000060e+00
1.184079999999999994e-01 2.924805000000000099e+00 1.444091999999999931e+00 3.347167999999999921e+00
1.171880000000000005e-01 2.915039000000000158e+00 1.430663999999999936e+00 3.344726999999999784e+00
1.159670000000000006e-01 2.905273000000000216e+00 1.416015999999999941e+00 3.344726999999999784e+00
1.159670000000000006e-01 2.896729000000000109e+00 1.402587999999999946e+00 3.334960999999999842e+00
1.147460000000000008e-01 2.895507999999999971e+00 1.391602000000000006e+00 3.328857000000000177e+00
1.147460000000000008e-01 2.885742000000000029e+00 1.381836000000000064e+00 3.326416000000000039e+00
1.135250000000000009e-01 2.875976999999999784e+00 1.367188000000000070e+00 3.325194999999999901e+00
1.123050000000000020e-01 2.867431999999999981e+00 1.357421999999999906e+00 3.319091999999999931e+00
1.123050000000000020e-01 2.857666000000000039e+00 1.347655999999999965e+00 3.315430000000000099e+00
1.123050000000000020e-01 2.857666000000000039e+00 1.347655999999999965e+00 3.315430000000000099e+00
1.110840000000000022e-01 2.850341999999999931e+00 1.342772999999999994e+00 3.308104999999999851e+00
1.098630000000000023e-01 2.846680000000000099e+00 1.333007999999999971e+00 3.300781000000000187e+00
1.086430000000000035e-01 2.836914000000000158e+00 1.323242000000000029e+00 3.298340000000000050e+00
1.086430000000000035e-01 2.827148000000000216e+00 1.315917999999999921e+00 3.295898000000000216e+00
1.086430000000000035e-01 2.827148000000000216e+00 1.315917999999999921e+00 3.295898000000000216e+00
1.074220000000000036e-01 2.819824000000000108e+00 1.308594000000000035e+00 3.295898000000000216e+00
1.074220000000000036e-01 2.808838000000000168e+00 1.303711000000000064e+00 3.286132999999999971e+00
1.074220000000000036e-01 2.807617000000000029e+00 1.293944999999999901e+00 3.286132999999999971e+00
1.049800000000000039e-01 2.797851999999999784e+00 1.287841999999999931e+00 3.276367000000000029e+00
1.049800000000000039e-01 2.789306999999999981e+00 1.284180000000000099e+00 3.271484000000000059e+00
1.037600000000000050e-01 2.779541000000000039e+00 1.276855000000000073e+00 3.267821999999999782e+00
1.025390000000000051e-01 2.770995999999999793e+00 1.274413999999999936e+00 3.266601999999999784e+00
1.025390000000000051e-01 2.769775000000000098e+00 1.265868999999999911e+00 3.258056999999999981e+00
1.025390000000000051e-01 2.758789000000000158e+00 1.264647999999999994e+00 3.256835999999999842e+00
1.025390000000000051e-01 2.750243999999999911e+00 1.256104000000000109e+00 3.247069999999999901e+00
1.000980000000000064e-01 2.741699000000000108e+00 1.254882999999999971e+00 3.240966999999999931e+00
1.000980000000000064e-01 2.739257999999999971e+00 1.251220999999999917e+00 3.238525000000000098e+00
1.000980000000000064e-01 2.730713000000000168e+00 1.251220999999999917e+00 3.237305000000000099e+00
9.887700000000000655e-02 2.723389000000000060e+00 1.246337999999999946e+00 3.228759999999999852e+00
9.887700000000000655e-02 2.720946999999999782e+00 1.246337999999999946e+00 3.227539000000000158e+00
9.765600000000000669e-02 2.711181999999999981e+00 1.245117000000000029e+00 3.227539000000000158e+00
9.765600000000000669e-02 2.709960999999999842e+00 1.245117000000000029e+00 3.217773000000000216e+00
9.765600000000000669e-02 2.700194999999999901e+00 1.237792999999999921e+00 3.217773000000000216e+00
9.643599999999999395e-02 2.694091999999999931e+00 1.235352000000000006e+00 3.208007999999999971e+00
9.643599999999999395e-02 2.690430000000000099e+00 1.235352000000000006e+00 3.208007999999999971e+00
9.643599999999999395e-02 2.685547000000000128e+00 1.230469000000000035e+00 3.203125000000000000e+00
9.521499999999999408e-02 2.680664000000000158e+00 1.231689000000000034e+00 3.199463000000000168e+00
9.521499999999999408e-02 2.672118999999999911e+00 1.230469000000000035e+00 3.198242000000000029e+00
9.399399999999999422e-02 2.672118999999999911e+00 1.230469000000000035e+00 3.192139000000000060e+00
9.399399999999999422e-02 2.666015999999999941e+00 1.230469000000000035e+00 3.188476999999999784e+00
9.399399999999999422e-02 2.661132999999999971e+00 1.231689000000000034e+00 3.188476999999999784e+00
9.277299999999999436e-02 2.661132999999999971e+00 1.231689000000000034e+00 3.181151999999999980e+00
9.399399999999999422e-02 2.652588000000000168e+00 1.235352000000000006e+00 3.178710999999999842e+00
9.277299999999999436e-02 2.651367000000000029e+00 1.235352000000000006e+00 3.178710999999999842e+00
9.277299999999999436e-02 2.647705000000000197e+00 1.240234000000000059e+00 3.178710999999999842e+00
9.277299999999999436e-02 2.645264000000000060e+00 1.245117000000000029e+00 3.170166000000000039e+00
9.277299999999999436e-02 2.640381000000000089e+00 1.247559000000000085e+00 3.162841999999999931e+00
9.277299999999999436e-02 2.641601999999999784e+00 1.251220999999999917e+00 3.168944999999999901e+00
9.277299999999999436e-02 2.641601999999999784e+00 1.254882999999999971e+00 3.160400000000000098e+00
9.277299999999999436e-02 2.633056999999999981e+00 1.254882999999999971e+00 3.159180000000000099e+00
9.277299999999999436e-02 2.633056999999999981e+00 1.254882999999999971e+00 3.159180000000000099e+00
9.277299999999999436e-02 2.631835999999999842e+00 1.258545000000000025e+00 3.153075999999999990e+00
9.277299999999999436e-02 2.631835999999999842e+00 1.257324000000000108e+00 3.159180000000000099e+00
9.277299999999999436e-02 2.631835999999999842e+00 1.254882999999999971e+00 3.149414000000000158e+00
9.155299999999999550e-02 2.624512000000000178e+00 1.251220999999999917e+00 3.150634999999999852e+00
9.033199999999999563e-02 2.622069999999999901e+00 1.250000000000000000e+00 3.151854999999999851e+00
9.155299999999999550e-02 2.626952999999999872e+00 1.245117000000000029e+00 3.149414000000000158e+00
9.277299999999999436e-02 2.615966999999999931e+00 1.240234000000000059e+00 3.140868999999999911e+00
9.033199999999999563e-02 2.614745999999999793e+00 1.235352000000000006e+00 3.140868999999999911e+00
9.033199999999999563e-02 2.617188000000000070e+00 1.230469000000000035e+00 3.139648000000000216e+00
8.911099999999999577e-02 2.612305000000000099e+00 1.225586000000000064e+00 3.133544999999999803e+00
8.911099999999999577e-02 2.606200999999999990e+00 1.220703000000000094e+00 3.131104000000000109e+00
8.911099999999999577e-02 2.602539000000000158e+00 1.215819999999999901e+00 3.131104000000000109e+00
8.911099999999999577e-02 2.602539000000000158e+00 1.210938000000000070e+00 3.129882999999999971e+00
8.911099999999999577e-02 2.593993999999999911e+00 1.207275000000000098e+00 3.125000000000000000e+00
8.911099999999999577e-02 2.592773000000000216e+00 1.206055000000000099e+00 3.125000000000000000e+00
8.789099999999999691e-02 2.592773000000000216e+00 1.197510000000000074e+00 3.120117000000000029e+00
8.911099999999999577e-02 2.585449000000000108e+00 1.196288999999999936e+00 3.120117000000000029e+00
8.789099999999999691e-02 2.583007999999999971e+00 1.191405999999999965e+00 3.112792999999999921e+00
8.789099999999999691e-02 2.583007999999999971e+00 1.187743999999999911e+00 3.110351999999999784e+00
8.789099999999999691e-02 2.578125000000000000e+00 1.186522999999999994e+00 3.110351999999999784e+00
8.789099999999999691e-02 2.575683999999999862e+00 1.179199000000000108e+00 3.110351999999999784e+00
8.666999999999999704e-02 2.565917999999999921e+00 1.176757999999999971e+00 3.103026999999999980e+00
8.666999999999999704e-02 2.564696999999999782e+00 1.173095999999999917e+00 3.094482000000000177e+00
8.666999999999999704e-02 2.563476999999999784e+00 1.171875000000000000e+00 3.105468999999999813e+00
8.544899999999999718e-02 2.558593999999999813e+00 1.166992000000000029e+00 3.094482000000000177e+00
8.666999999999999704e-02 2.553710999999999842e+00 1.166992000000000029e+00 3.090819999999999901e+00
8.544899999999999718e-02 2.553710999999999842e+00 1.159667999999999921e+00 3.090819999999999901e+00
8.666999999999999704e-02 2.543944999999999901e+00 1.157227000000000006e+00 3.090819999999999901e+00
8.544899999999999718e-02 2.543944999999999901e+00 1.153564000000000034e+00 3.083495999999999793e+00
8.544899999999999718e-02 2.543944999999999901e+00 1.148681999999999981e+00 3.082275000000000098e+00
8.422899999999999832e-02 2.534180000000000099e+00 1.147461000000000064e+00 3.081055000000000099e+00
8.422899999999999832e-02 2.534180000000000099e+00 1.141356999999999955e+00 3.074950999999999990e+00
8.422899999999999832e-02 2.525634999999999852e+00 1.137694999999999901e+00 3.073729999999999851e+00
8.422899999999999832e-02 2.524414000000000158e+00 1.137694999999999901e+00 3.070068000000000019e+00
8.422899999999999832e-02 2.524414000000000158e+00 1.131591999999999931e+00 3.071289000000000158e+00
8.422899999999999832e-02 2.515868999999999911e+00 1.127930000000000099e+00 3.071289000000000158e+00
8.300799999999999845e-02 2.514648000000000216e+00 1.127930000000000099e+00 3.061523000000000216e+00
8.300799999999999845e-02 2.504882999999999971e+00 1.119385000000000074e+00 3.061523000000000216e+00
8.300799999999999845e-02 2.504882999999999971e+00 1.118163999999999936e+00 3.052979000000000109e+00
8.300799999999999845e-02 2.496338000000000168e+00 1.112060999999999966e+00 3.052979000000000109e+00
8.178699999999999859e-02 2.495117000000000029e+00 1.109618999999999911e+00 3.056640999999999941e+00
8.178699999999999859e-02 2.487792999999999921e+00 1.108397999999999994e+00 3.051757999999999971e+00
8.178699999999999859e-02 2.485351999999999784e+00 1.099854000000000109e+00 3.046875000000000000e+00
8.178699999999999859e-02 2.485351999999999784e+00 1.098632999999999971e+00 3.041992000000000029e+00
8.056599999999999873e-02 2.475585999999999842e+00 1.092529000000000083e+00 3.041992000000000029e+00
8.056599999999999873e-02 2.475585999999999842e+00 1.090087999999999946e+00 3.037109000000000059e+00
8.056599999999999873e-02 2.467041000000000039e+00 1.088867000000000029e+00 3.041992000000000029e+00
8.056599999999999873e-02 2.465819999999999901e+00 1.083984000000000059e+00 3.032226999999999784e+00
8.056599999999999873e-02 2.456055000000000099e+00 1.080322000000000005e+00 3.032226999999999784e+00
7.934599999999999986e-02 2.456055000000000099e+00 1.079102000000000006e+00 3.022460999999999842e+00
7.934599999999999986e-02 2.449950999999999990e+00 1.075439000000000034e+00 3.022460999999999842e+00
7.934599999999999986e-02 2.446289000000000158e+00 1.072997999999999896e+00 3.022460999999999842e+00
7.934599999999999986e-02 2.440186000000000188e+00 1.069336000000000064e+00 3.015137000000000178e+00
7.812500000000000000e-02 2.437743999999999911e+00 1.069336000000000064e+00 3.012694999999999901e+00
7.934599999999999986e-02 2.436523000000000216e+00 1.060791000000000039e+00 3.012694999999999901e+00
7.812500000000000000e-02 2.430419999999999803e+00 1.059569999999999901e+00 3.006591999999999931e+00
7.812500000000000000e-02 2.426757999999999971e+00 1.059569999999999901e+00 3.002930000000000099e+00
7.812500000000000000e-02 2.426757999999999971e+00 1.053466999999999931e+00 3.002930000000000099e+00
7.812500000000000000e-02 2.416992000000000029e+00 1.051025000000000098e+00 3.002930000000000099e+00
7.812500000000000000e-02 2.409667999999999921e+00 1.044921999999999906e+00 2.995604999999999851e+00
7.690400000000000014e-02 2.407226999999999784e+00 1.041260000000000074e+00 2.993164000000000158e+00
7.690400000000000014e-02 2.402343999999999813e+00 1.040038999999999936e+00 2.993164000000000158e+00
7.690400000000000014e-02 2.397460999999999842e+00 1.031493999999999911e+00 2.993164000000000158e+00
7.690400000000000014e-02 2.397460999999999842e+00 1.030272999999999994e+00 2.983398000000000216e+00
7.690400000000000014e-02 2.387694999999999901e+00 1.021729000000000109e+00 2.983398000000000216e+00
7.690400000000000014e-02 2.387694999999999901e+00 1.020507999999999971e+00 2.974854000000000109e+00
7.568400000000000127e-02 2.377930000000000099e+00 1.011962999999999946e+00 2.973632999999999971e+00
7.568400000000000127e-02 2.377930000000000099e+00 1.010742000000000029e+00 2.973632999999999971e+00
7.568400000000000127e-02 2.369384999999999852e+00 1.002197000000000005e+00 2.968750000000000000e+00
7.568400000000000127e-02 2.368164000000000158e+00 1.000977000000000006e+00 2.965088000000000168e+00
7.568400000000000127e-02 2.359618999999999911e+00 9.924319999999999808e-01 2.963867000000000029e+00
7.568400000000000127e-02 2.358398000000000216e+00 9.912109999999999532e-01 2.957764000000000060e+00
7.446300000000000141e-02 2.348632999999999971e+00 9.826660000000000394e-01 2.954101999999999784e+00
7.446300000000000141e-02 2.343750000000000000e+00 9.814450000000000118e-01 2.954101999999999784e+00
7.446300000000000141e-02 2.338867000000000029e+00 9.753420000000000423e-01 2.954101999999999784e+00
7.446300000000000141e-02 2.332764000000000060e+00 9.716799999999999882e-01 2.946776999999999980e+00
7.324200000000000155e-02 2.329101999999999784e+00 9.680180000000000451e-01 2.938232000000000177e+00
7.324200000000000155e-02 2.324218999999999813e+00 9.631349999999999634e-01 2.939452999999999872e+00
7.324200000000000155e-02 2.319335999999999842e+00 9.619140000000000468e-01 2.934569999999999901e+00
7.324200000000000155e-02 2.309569999999999901e+00 9.545900000000000496e-01 2.934569999999999901e+00
7.324200000000000155e-02 2.309569999999999901e+00 9.533690000000000220e-01 2.927245999999999793e+00
7.324200000000000155e-02 2.299805000000000099e+00 9.472660000000000524e-01 2.918700999999999990e+00
7.202100000000000168e-02 2.299805000000000099e+00 9.436039999999999983e-01 2.917479999999999851e+00
7.202100000000000168e-02 2.290039000000000158e+00 9.423829999999999707e-01 2.919922000000000128e+00
7.202100000000000168e-02 2.290039000000000158e+00 9.362789999999999724e-01 2.910156000000000187e+00
7.202100000000000168e-02 2.280273000000000216e+00 9.326170000000000293e-01 2.907715000000000050e+00
7.202100000000000168e-02 2.275390999999999941e+00 9.289549999999999752e-01 2.905273000000000216e+00
7.080100000000000282e-02 2.270507999999999971e+00 9.252930000000000321e-01 2.905273000000000216e+00
7.202100000000000168e-02 2.265625000000000000e+00 9.228520000000000056e-01 2.895507999999999971e+00
7.080100000000000282e-02 2.260742000000000029e+00 9.191890000000000338e-01 2.895507999999999971e+00
6.958000000000000296e-02 2.252196999999999782e+00 9.143069999999999808e-01 2.890625000000000000e+00
6.958000000000000296e-02 2.250976999999999784e+00 9.094240000000000101e-01 2.890625000000000000e+00
6.958000000000000296e-02 2.242431999999999981e+00 9.069819999999999549e-01 2.885742000000000029e+00
6.958000000000000296e-02 2.241210999999999842e+00 9.033200000000000118e-01 2.885742000000000029e+00
6.958000000000000296e-02 2.231444999999999901e+00 9.033200000000000118e-01 2.880859000000000059e+00
6.958000000000000296e-02 2.225341999999999931e+00 8.972170000000000423e-01 2.875976999999999784e+00
6.958000000000000296e-02 2.221680000000000099e+00 8.947749999999999870e-01 2.875976999999999784e+00
6.835900000000000309e-02 2.216797000000000128e+00 8.911130000000000440e-01 2.866210999999999842e+00
6.958000000000000296e-02 2.211914000000000158e+00 8.886720000000000175e-01 2.866210999999999842e+00
6.835900000000000309e-02 2.207031000000000187e+00 8.850099999999999634e-01 2.860107000000000177e+00
6.835900000000000309e-02 2.202148000000000216e+00 8.837890000000000468e-01 2.858887000000000178e+00
6.835900000000000309e-02 2.196044999999999803e+00 8.789059999999999651e-01 2.850341999999999931e+00
6.835900000000000309e-02 2.192382999999999971e+00 8.752440000000000220e-01 2.856444999999999901e+00
6.835900000000000309e-02 2.185058999999999862e+00 8.740229999999999944e-01 2.847900000000000098e+00
6.713900000000000423e-02 2.182617000000000029e+00 8.691410000000000524e-01 2.846680000000000099e+00
6.713900000000000423e-02 2.176514000000000060e+00 8.666989999999999972e-01 2.840575999999999990e+00
6.713900000000000423e-02 2.172851999999999784e+00 8.642579999999999707e-01 2.838134999999999852e+00
6.713900000000000423e-02 2.167968999999999813e+00 8.642579999999999707e-01 2.836914000000000158e+00
6.591800000000000437e-02 2.163085999999999842e+00 8.642579999999999707e-01 2.833251999999999882e+00
6.713900000000000423e-02 2.155762000000000178e+00 8.557129999999999459e-01 2.828368999999999911e+00
6.713900000000000423e-02 2.153319999999999901e+00 8.544920000000000293e-01 2.827148000000000216e+00
6.591800000000000437e-02 2.147216999999999931e+00 8.508299999999999752e-01 2.832031000000000187e+00
6.591800000000000437e-02 2.143555000000000099e+00 8.483889999999999487e-01 2.819824000000000108e+00
6.591800000000000437e-02 2.137450999999999990e+00 8.447270000000000056e-01 2.817382999999999971e+00
6.591800000000000437e-02 2.133789000000000158e+00 8.447270000000000056e-01 2.811278999999999861e+00
6.591800000000000437e-02 2.128906000000000187e+00 8.410640000000000338e-01 2.807617000000000029e+00
6.469700000000000450e-02 2.124023000000000216e+00 8.398440000000000349e-01 2.807617000000000029e+00
6.591800000000000437e-02 2.124023000000000216e+00 8.361819999999999808e-01 2.807617000000000029e+00
6.591800000000000437e-02 2.115479000000000109e+00 8.361819999999999808e-01 2.797851999999999784e+00
6.591800000000000437e-02 2.109375000000000000e+00 8.349609999999999532e-01 2.797851999999999784e+00
6.591800000000000437e-02 2.104492000000000029e+00 8.300779999999999825e-01 2.792968999999999813e+00
6.469700000000000450e-02 2.098389000000000060e+00 8.264160000000000394e-01 2.788085999999999842e+00
6.591800000000000437e-02 2.094726999999999784e+00 8.264160000000000394e-01 2.788085999999999842e+00
6.469700000000000450e-02 2.084960999999999842e+00 8.251950000000000118e-01 2.781982000000000177e+00
6.469700000000000450e-02 2.084960999999999842e+00 8.203129999999999589e-01 2.778319999999999901e+00
6.469700000000000450e-02 2.076416000000000039e+00 8.190920000000000423e-01 2.778319999999999901e+00
6.469700000000000450e-02 2.075194999999999901e+00 8.166499999999999870e-01 2.770995999999999793e+00
6.469700000000000450e-02 2.069091999999999931e+00 8.154299999999999882e-01 2.769775000000000098e+00
6.347700000000000564e-02 2.066650000000000098e+00 8.154299999999999882e-01 2.768555000000000099e+00
6.347700000000000564e-02 2.065430000000000099e+00 8.129880000000000440e-01 2.768555000000000099e+00
6.347700000000000564e-02 2.060547000000000128e+00 8.117680000000000451e-01 2.758789000000000158e+00
6.469700000000000450e-02 2.055664000000000158e+00 8.093259999999999899e-01 2.758789000000000158e+00
6.347700000000000564e-02 2.048340000000000050e+00 8.068849999999999634e-01 2.758789000000000158e+00
6.347700000000000564e-02 2.047118999999999911e+00 8.068849999999999634e-01 2.750243999999999911e+00
6.347700000000000564e-02 2.045898000000000216e+00 8.056640000000000468e-01 2.749023000000000216e+00
6.347700000000000564e-02 2.037354000000000109e+00 8.032230000000000203e-01 2.749023000000000216e+00
6.347700000000000564e-02 2.036132999999999971e+00 8.007809999999999651e-01 2.741699000000000108e+00
6.347700000000000564e-02 2.031250000000000000e+00 8.007809999999999651e-01 2.740479000000000109e+00
6.347700000000000564e-02 2.026367000000000029e+00 7.995609999999999662e-01 2.739257999999999971e+00
6.347700000000000564e-02 2.026367000000000029e+00 7.971190000000000220e-01 2.739257999999999971e+00
6.347700000000000564e-02 2.019042999999999921e+00 7.971190000000000220e-01 2.734375000000000000e+00
6.347700000000000564e-02 2.016601999999999784e+00 7.958979999999999944e-01 2.730713000000000168e+00
6.347700000000000564e-02 2.016601999999999784e+00 7.958979999999999944e-01 2.729492000000000029e+00
6.347700000000000564e-02 2.008056999999999981e+00 7.922360000000000513e-01 2.729492000000000029e+00
6.347700000000000564e-02 2.006835999999999842e+00 7.910160000000000524e-01 2.723389000000000060e+00
6.347700000000000564e-02 1.999511999999999956e+00 7.897950000000000248e-01 2.719726999999999784e+00
6.225599999999999884e-02 1.997069999999999901e+00 7.897950000000000248e-01 2.719726999999999784e+00
6.225599999999999884e-02 1.990966999999999931e+00 7.873539999999999983e-01 2.719726999999999784e+00
6.347700000000000564e-02 1.989746000000000015e+00 7.861329999999999707e-01 2.711181999999999981e+00
6.225599999999999884e-02 1.987305000000000099e+00 7.861329999999999707e-01 2.711181999999999981e+00
6.347700000000000564e-02 1.987305000000000099e+00 7.861329999999999707e-01 2.709960999999999842e+00
6.225599999999999884e-02 1.979980000000000073e+00 7.824710000000000276e-01 2.703857000000000177e+00
6.225599999999999884e-02 1.978760000000000074e+00 7.812500000000000000e-01 2.709960999999999842e+00
6.225599999999999884e-02 1.978760000000000074e+00 7.812500000000000000e-01 2.709960999999999842e+00
6.103499999999999898e-02 1.972655999999999965e+00 7.800289999999999724e-01 2.700194999999999901e+00
6.225599999999999884e-02 1.967772999999999994e+00 7.800289999999999724e-01 2.694091999999999931e+00
6.225599999999999884e-02 1.967772999999999994e+00 7.775879999999999459e-01 2.694091999999999931e+00
6.225599999999999884e-02 1.961670000000000025e+00 7.763670000000000293e-01 2.690430000000000099e+00
6.347700000000000564e-02 1.959229000000000109e+00 7.763670000000000293e-01 2.690430000000000099e+00
6.225599999999999884e-02 1.958007999999999971e+00 7.763670000000000293e-01 2.684325999999999990e+00
6.103499999999999898e-02 1.953125000000000000e+00 7.763670000000000293e-01 2.683104999999999851e+00
6.103499999999999898e-02 1.953125000000000000e+00 7.727049999999999752e-01 2.681884999999999852e+00
6.225599999999999884e-02 1.948242000000000029e+00 7.727049999999999752e-01 2.680664000000000158e+00
6.103499999999999898e-02 1.943359000000000059e+00 7.714839999999999476e-01 2.680664000000000158e+00
6.103499999999999898e-02 1.942139000000000060e+00 7.690430000000000321e-01 2.674561000000000188e+00
6.103499999999999898e-02 1.940917999999999921e+00 7.678220000000000045e-01 2.672118999999999911e+00
6.103499999999999898e-02 1.938477000000000006e+00 7.678220000000000045e-01 2.670898000000000216e+00
6.103499999999999898e-02 1.938477000000000006e+00 7.666020000000000056e-01 2.670898000000000216e+00
6.103499999999999898e-02 1.929931999999999981e+00 7.666020000000000056e-01 2.670898000000000216e+00
6.103499999999999898e-02 1.928711000000000064e+00 7.666020000000000056e-01 2.664794999999999803e+00
6.103499999999999898e-02 1.928711000000000064e+00 7.666020000000000056e-01 2.662354000000000109e+00
6.103499999999999898e-02 1.920166000000000039e+00 7.629390000000000338e-01 2.661132999999999971e+00
6.103499999999999898e-02 1.918944999999999901e+00 7.617190000000000349e-01 2.661132999999999971e+00
6.225599999999999884e-02 1.918944999999999901e+00 7.617190000000000349e-01 2.656250000000000000e+00
6.103499999999999898e-02 1.915283000000000069e+00 7.604980000000000073e-01 2.656250000000000000e+00
6.103499999999999898e-02 1.912841999999999931e+00 7.604980000000000073e-01 2.656250000000000000e+00
6.103499999999999898e-02 1.910400000000000098e+00 7.580569999999999808e-01 2.651367000000000029e+00
6.103499999999999898e-02 1.909180000000000099e+00 7.580569999999999808e-01 2.651367000000000029e+00
6.103499999999999898e-02 1.909180000000000099e+00 7.580569999999999808e-01 2.645264000000000060e+00
6.103499999999999898e-02 1.903075999999999990e+00 7.580569999999999808e-01 2.642821999999999782e+00
6.103499999999999898e-02 1.899413999999999936e+00 7.568359999999999532e-01 2.641601999999999784e+00
6.103499999999999898e-02 1.893310999999999966e+00 7.568359999999999532e-01 2.641601999999999784e+00
5.981399999999999911e-02 1.892090000000000050e+00 7.568359999999999532e-01 2.642821999999999782e+00
6.103499999999999898e-02 1.892090000000000050e+00 7.568359999999999532e-01 2.636718999999999813e+00
