5.737300000000000039e-02 1.411132999999999971e+00 5.847170000000000423e-01 2.196044999999999803e+00
5.737300000000000039e-02 1.411132999999999971e+00 5.847170000000000423e-01 2.196044999999999803e+00
5.737300000000000039e-02 1.412354000000000109e+00 5.859379999999999589e-01 2.194824000000000108e+00
5.737300000000000039e-02 1.411132999999999971e+00 5.859379999999999589e-01 2.196044999999999803e+00
5.737300000000000039e-02 1.411132999999999971e+00 5.859379999999999589e-01 2.196044999999999803e+00
5.737300000000000039e-02 1.412354000000000109e+00 5.847170000000000423e-01 2.196044999999999803e+00
5.737300000000000039e-02 1.411132999999999971e+00 5.859379999999999589e-01 2.202148000000000216e+00
5.737300000000000039e-02 1.412354000000000109e+00 5.859379999999999589e-01 2.196044999999999803e+00
5.737300000000000039e-02 1.411132999999999971e+00 5.859379999999999589e-01 2.196044999999999803e+00
5.737300000000000039e-02 1.411132999999999971e+00 5.847170000000000423e-01 2.196044999999999803e+00
5.737300000000000039e-02 1.411132999999999971e+00 5.859379999999999589e-01 2.194824000000000108e+00
5.737300000000000039e-02 1.412354000000000109e+00 5.859379999999999589e-01 2.196044999999999803e+00
5.737300000000000039e-02 1.411132999999999971e+00 5.859379999999999589e-01 2.193604000000000109e+00
5.737300000000000039e-02 1.411132999999999971e+00 5.859379999999999589e-01 2.202148000000000216e+00
5.737300000000000039e-02 1.412354000000000109e+00 5.859379999999999589e-01 2.197265999999999941e+00
5.737300000000000039e-02 1.412354000000000109e+00 5.859379999999999589e-01 2.196044999999999803e+00
5.737300000000000039e-02 1.412354000000000109e+00 5.859379999999999589e-01 2.197265999999999941e+00
5.737300000000000039e-02 1.412354000000000109e+00 5.859379999999999589e-01 2.193604000000000109e+00
5.737300000000000039e-02 1.411132999999999971e+00 5.847170000000000423e-01 2.196044999999999803e+00
5.737300000000000039e-02 1.411132999999999971e+00 5.859379999999999589e-01 2.202148000000000216e+00
5.737300000000000039e-02 1.411132999999999971e+00 5.859379999999999589e-01 2.197265999999999941e+00
5.737300000000000039e-02 1.412354000000000109e+00 5.859379999999999589e-01 2.196044999999999803e+00
5.737300000000000039e-02 1.411132999999999971e+00 5.859379999999999589e-01 2.202148000000000216e+00
5.737300000000000039e-02 1.411132999999999971e+00 5.859379999999999589e-01 2.196044999999999803e+00
5.737300000000000039e-02 1.412354000000000109e+00 5.859379999999999589e-01 2.196044999999999803e+00
5.737300000000000039e-02 1.412354000000000109e+00 5.847170000000000423e-01 2.194824000000000108e+00
5.737300000000000039e-02 1.411132999999999971e+00 5.859379999999999589e-01 2.197265999999999941e+00
5.737300000000000039e-02 1.412354000000000109e+00 5.859379999999999589e-01 2.196044999999999803e+00
5.737300000000000039e-02 1.411132999999999971e+00 5.859379999999999589e-01 2.202148000000000216e+00
5.737300000000000039e-02 1.412354000000000109e+00 5.859379999999999589e-01 2.196044999999999803e+00
5.737300000000000039e-02 1.412354000000000109e+00 5.859379999999999589e-01 2.196044999999999803e+00
5.737300000000000039e-02 1.411132999999999971e+00 5.859379999999999589e-01 2.197265999999999941e+00
5.737300000000000039e-02 1.412354000000000109e+00 5.859379999999999589e-01 2.196044999999999803e+00
5.737300000000000039e-02 1.412354000000000109e+00 5.859379999999999589e-01 2.194824000000000108e+00
5.737300000000000039e-02 1.412354000000000109e+00 5.847170000000000423e-01 2.196044999999999803e+00
5.737300000000000039e-02 1.411132999999999971e+00 5.859379999999999589e-01 2.197265999999999941e+00
5.737300000000000039e-02 1.411132999999999971e+00 5.847170000000000423e-01 2.196044999999999803e+00
5.737300000000000039e-02 1.411132999999999971e+00 5.847170000000000423e-01 2.196044999999999803e+00
5.737300000000000039e-02 1.413574000000000108e+00 5.859379999999999589e-01 2.194824000000000108e+00
5.737300000000000039e-02 1.412354000000000109e+00 5.859379999999999589e-01 2.194824000000000108e+00
5.737300000000000039e-02 1.412354000000000109e+00 5.847170000000000423e-01 2.196044999999999803e+00
5.737300000000000039e-02 1.411132999999999971e+00 5.859379999999999589e-01 2.196044999999999803e+00
5.737300000000000039e-02 1.411132999999999971e+00 5.859379999999999589e-01 2.196044999999999803e+00
5.737300000000000039e-02 1.411132999999999971e+00 5.859379999999999589e-01 2.194824000000000108e+00
5.737300000000000039e-02 1.411132999999999971e+00 5.859379999999999589e-01 2.197265999999999941e+00
5.737300000000000039e-02 1.411132999999999971e+00 5.847170000000000423e-01 2.196044999999999803e+00
5.737300000000000039e-02 1.411132999999999971e+00 5.859379999999999589e-01 2.196044999999999803e+00
5.737300000000000039e-02 1.411132999999999971e+00 5.859379999999999589e-01 2.194824000000000108e+00
5.737300000000000039e-02 1.411132999999999971e+00 5.847170000000000423e-01 2.194824000000000108e+00
5.737300000000000039e-02 1.411132999999999971e+00 5.847170000000000423e-01 2.194824000000000108e+00
5.737300000000000039e-02 1.411132999999999971e+00 5.847170000000000423e-01 2.196044999999999803e+00
5.737300000000000039e-02 1.411132999999999971e+00 5.847170000000000423e-01 2.194824000000000108e+00
5.737300000000000039e-02 1.412354000000000109e+00 5.859379999999999589e-01 2.194824000000000108e+00
5.737300000000000039e-02 1.411132999999999971e+00 5.847170000000000423e-01 2.196044999999999803e+00
5.737300000000000039e-02 1.411132999999999971e+00 5.847170000000000423e-01 2.197265999999999941e+00
5.737300000000000039e-02 1.412354000000000109e+00 5.847170000000000423e-01 2.202148000000000216e+00
5.737300000000000039e-02 1.411132999999999971e+00 5.859379999999999589e-01 2.196044999999999803e+00
5.737300000000000039e-02 1.411132999999999971e+00 5.859379999999999589e-01 2.196044999999999803e+00
5.737300000000000039e-02 1.411132999999999971e+00 5.859379999999999589e-01 2.196044999999999803e+00
5.737300000000000039e-02 1.411132999999999971e+00 5.834960000000000147e-01 2.194824000000000108e+00
5.737300000000000039e-02 1.411132999999999971e+00 5.847170000000000423e-01 2.196044999999999803e+00
5.737300000000000039e-02 1.411132999999999971e+00 5.859379999999999589e-01 2.196044999999999803e+00
5.737300000000000039e-02 1.411132999999999971e+00 5.859379999999999589e-01 2.194824000000000108e+00
5.737300000000000039e-02 1.411132999999999971e+00 5.847170000000000423e-01 2.196044999999999803e+00
5.737300000000000039e-02 1.411132999999999971e+00 5.847170000000000423e-01 2.194824000000000108e+00
5.737300000000000039e-02 1.411132999999999971e+00 5.859379999999999589e-01 2.202148000000000216e+00
5.737300000000000039e-02 1.411132999999999971e+00 5.859379999999999589e-01 2.196044999999999803e+00
5.737300000000000039e-02 1.412354000000000109e+00 5.859379999999999589e-01 2.194824000000000108e+00
5.737300000000000039e-02 1.411132999999999971e+00 5.871579999999999577e-01 2.196044999999999803e+00
5.737300000000000039e-02 1.411132999999999971e+00 5.859379999999999589e-01 2.197265999999999941e+00
5.737300000000000039e-02 1.411132999999999971e+00 5.871579999999999577e-01 2.194824000000000108e+00
5.737300000000000039e-02 1.411132999999999971e+00 5.871579999999999577e-01 2.194824000000000108e+00
5.737300000000000039e-02 1.411132999999999971e+00 5.871579999999999577e-01 2.194824000000000108e+00
5.737300000000000039e-02 1.412354000000000109e+00 5.908200000000000118e-01 2.196044999999999803e+00
5.737300000000000039e-02 1.412354000000000109e+00 5.908200000000000118e-01 2.202148000000000216e+00
5.737300000000000039e-02 1.412354000000000109e+00 5.908200000000000118e-01 2.202148000000000216e+00
5.737300000000000039e-02 1.412354000000000109e+00 5.908200000000000118e-01 2.202148000000000216e+00
5.737300000000000039e-02 1.412354000000000109e+00 5.908200000000000118e-01 2.196044999999999803e+00
5.737300000000000039e-02 1.414795000000000025e+00 5.920410000000000394e-01 2.202148000000000216e+00
5.737300000000000039e-02 1.414795000000000025e+00 5.920410000000000394e-01 2.202148000000000216e+00
5.859400000000000025e-02 1.414795000000000025e+00 5.920410000000000394e-01 2.202148000000000216e+00
5.737300000000000039e-02 1.420897999999999994e+00 5.920410000000000394e-01 2.202148000000000216e+00
5.737300000000000039e-02 1.420897999999999994e+00 5.944819999999999549e-01 2.202148000000000216e+00
5.737300000000000039e-02 1.420897999999999994e+00 6.005859999999999532e-01 2.202148000000000216e+00
5.859400000000000025e-02 1.422118999999999911e+00 6.103520000000000056e-01 2.204590000000000050e+00
5.859400000000000025e-02 1.430663999999999936e+00 6.335450000000000248e-01 2.204590000000000050e+00
5.859400000000000025e-02 1.450194999999999901e+00 6.884770000000000056e-01 2.211914000000000158e+00
6.103499999999999898e-02 1.479492000000000029e+00 7.763670000000000293e-01 2.224120999999999793e+00
6.347700000000000564e-02 1.519775000000000098e+00 8.959960000000000147e-01 2.250976999999999784e+00
6.591800000000000437e-02 1.582030999999999965e+00 1.041260000000000074e+00 2.281493999999999911e+00
7.080100000000000282e-02 1.649170000000000025e+00 1.190185999999999966e+00 2.310791000000000039e+00
7.812500000000000000e-02 1.818848000000000020e+00 1.441650000000000098e+00 2.397460999999999842e+00
8.300799999999999845e-02 1.911621000000000015e+00 1.539306999999999981e+00 2.446289000000000158e+00
8.789099999999999691e-02 2.006835999999999842e+00 1.619872999999999896e+00 2.495117000000000029e+00
9.277299999999999436e-02 2.095946999999999782e+00 1.684569999999999901e+00 2.543944999999999901e+00
9.643599999999999395e-02 2.192382999999999971e+00 1.743163999999999936e+00 2.593993999999999911e+00
1.000980000000000064e-01 2.285156000000000187e+00 1.791992000000000029e+00 2.651367000000000029e+00
1.049800000000000039e-01 2.377930000000000099e+00 1.834716999999999931e+00 2.692870999999999793e+00
1.086430000000000035e-01 2.456055000000000099e+00 1.873779000000000083e+00 2.742919999999999803e+00
1.135250000000000009e-01 2.543944999999999901e+00 1.901855000000000073e+00 2.797851999999999784e+00
1.171880000000000005e-01 2.613525000000000098e+00 1.933594000000000035e+00 2.838134999999999852e+00
1.220699999999999980e-01 2.681884999999999852e+00 1.949462999999999946e+00 2.885742000000000029e+00
1.232909999999999978e-01 2.749023000000000216e+00 1.967772999999999994e+00 2.928466999999999931e+00
1.269530000000000103e-01 2.807617000000000029e+00 1.977538999999999936e+00 2.973632999999999971e+00
1.293950000000000100e-01 2.856444999999999901e+00 1.987305000000000099e+00 3.012694999999999901e+00
1.330570000000000086e-01 2.897949000000000108e+00 1.990966999999999931e+00 3.051757999999999971e+00
1.354980000000000073e-01 2.946776999999999980e+00 1.997069999999999901e+00 3.081055000000000099e+00
1.367190000000000072e-01 2.974854000000000109e+00 1.997069999999999901e+00 3.120117000000000029e+00
1.391600000000000059e-01 3.006591999999999931e+00 1.989746000000000015e+00 3.146973000000000020e+00
1.416020000000000056e-01 3.033446999999999782e+00 1.987305000000000099e+00 3.178710999999999842e+00
1.428220000000000045e-01 3.061523000000000216e+00 1.981200999999999990e+00 3.201903999999999861e+00
1.440430000000000044e-01 3.074950999999999990e+00 1.977538999999999936e+00 3.227539000000000158e+00
1.452640000000000042e-01 3.092041000000000039e+00 1.968993999999999911e+00 3.247069999999999901e+00
1.452640000000000042e-01 3.105468999999999813e+00 1.961670000000000025e+00 3.266601999999999784e+00
1.464840000000000031e-01 3.114014000000000060e+00 1.958007999999999971e+00 3.287354000000000109e+00
1.464840000000000031e-01 3.133544999999999803e+00 1.939697000000000005e+00 3.319091999999999931e+00
1.477050000000000030e-01 3.149414000000000158e+00 1.931151999999999980e+00 3.334960999999999842e+00
1.477050000000000030e-01 3.151854999999999851e+00 1.923828000000000094e+00 3.347167999999999921e+00
1.477050000000000030e-01 3.159180000000000099e+00 1.918944999999999901e+00 3.364257999999999971e+00
1.489260000000000028e-01 3.160400000000000098e+00 1.909180000000000099e+00 3.374023000000000216e+00
1.489260000000000028e-01 3.159180000000000099e+00 1.900635000000000074e+00 3.383789000000000158e+00
1.489260000000000028e-01 3.160400000000000098e+00 1.893310999999999966e+00 3.393555000000000099e+00
1.477050000000000030e-01 3.162841999999999931e+00 1.879882999999999971e+00 3.405762000000000178e+00
1.477050000000000030e-01 3.168944999999999901e+00 1.879882999999999971e+00 3.413085999999999842e+00
1.477050000000000030e-01 3.168944999999999901e+00 1.870117000000000029e+00 3.422851999999999784e+00
1.489260000000000028e-01 3.160400000000000098e+00 1.870117000000000029e+00 3.432617000000000029e+00
1.477050000000000030e-01 3.168944999999999901e+00 1.855469000000000035e+00 3.432617000000000029e+00
1.464840000000000031e-01 3.162841999999999931e+00 1.850586000000000064e+00 3.436278999999999861e+00
1.477050000000000030e-01 3.160400000000000098e+00 1.834716999999999931e+00 3.442382999999999971e+00
1.464840000000000031e-01 3.161620999999999793e+00 1.821288999999999936e+00 3.444824000000000108e+00
1.464840000000000031e-01 3.155517999999999823e+00 1.812743999999999911e+00 3.452148000000000216e+00
1.464840000000000031e-01 3.155517999999999823e+00 1.812743999999999911e+00 3.452148000000000216e+00
1.464840000000000031e-01 3.153075999999999990e+00 1.796875000000000000e+00 3.452148000000000216e+00
1.452640000000000042e-01 3.150634999999999852e+00 1.782227000000000006e+00 3.452148000000000216e+00
1.440430000000000044e-01 3.149414000000000158e+00 1.773681999999999981e+00 3.452148000000000216e+00
1.440430000000000044e-01 3.139648000000000216e+00 1.763916000000000039e+00 3.452148000000000216e+00
1.440430000000000044e-01 3.139648000000000216e+00 1.755371000000000015e+00 3.446044999999999803e+00
1.440430000000000044e-01 3.139648000000000216e+00 1.755371000000000015e+00 3.446044999999999803e+00
1.428220000000000045e-01 3.132324000000000108e+00 1.745605000000000073e+00 3.452148000000000216e+00
1.416020000000000056e-01 3.129882999999999971e+00 1.733397999999999994e+00 3.452148000000000216e+00
1.416020000000000056e-01 3.129882999999999971e+00 1.718750000000000000e+00 3.453368999999999911e+00
1.416020000000000056e-01 3.120117000000000029e+00 1.704102000000000006e+00 3.452148000000000216e+00
1.391600000000000059e-01 3.112792999999999921e+00 1.685791000000000039e+00 3.452148000000000216e+00
1.379390000000000061e-01 3.110351999999999784e+00 1.668700999999999990e+00 3.452148000000000216e+00
1.367190000000000072e-01 3.099365000000000148e+00 1.646729000000000109e+00 3.446044999999999803e+00
1.367190000000000072e-01 3.090819999999999901e+00 1.627197000000000005e+00 3.443604000000000109e+00
1.354980000000000073e-01 3.084716999999999931e+00 1.606444999999999901e+00 3.442382999999999971e+00
1.330570000000000086e-01 3.072509999999999852e+00 1.586913999999999936e+00 3.435058999999999862e+00
1.330570000000000086e-01 3.063965000000000050e+00 1.567382999999999971e+00 3.433838000000000168e+00
1.306150000000000089e-01 3.046875000000000000e+00 1.523438000000000070e+00 3.424071999999999782e+00
1.293950000000000100e-01 3.041992000000000029e+00 1.503905999999999965e+00 3.422851999999999784e+00
1.281740000000000101e-01 3.032226999999999784e+00 1.485595999999999917e+00 3.422851999999999784e+00
1.281740000000000101e-01 3.032226999999999784e+00 1.485595999999999917e+00 3.422851999999999784e+00
1.269530000000000103e-01 3.016357000000000177e+00 1.469727000000000006e+00 3.413085999999999842e+00
1.257320000000000104e-01 3.006591999999999931e+00 1.451416000000000039e+00 3.404541000000000039e+00
1.232909999999999978e-01 3.002930000000000099e+00 1.431885000000000074e+00 3.403319999999999901e+00
1.220699999999999980e-01 2.993164000000000158e+00 1.417235999999999940e+00 3.395995999999999793e+00
1.220699999999999980e-01 2.974854000000000109e+00 1.401367000000000029e+00 3.393555000000000099e+00
1.196289999999999992e-01 2.973632999999999971e+00 1.386719000000000035e+00 3.385009999999999852e+00
1.184079999999999994e-01 2.955321999999999782e+00 1.372069999999999901e+00 3.383789000000000158e+00
1.171880000000000005e-01 2.944335999999999842e+00 1.357421999999999906e+00 3.374023000000000216e+00
1.159670000000000006e-01 2.934569999999999901e+00 1.342772999999999994e+00 3.367919999999999803e+00
1.159670000000000006e-01 2.924805000000000099e+00 1.328125000000000000e+00 3.364257999999999971e+00
1.147460000000000008e-01 2.915039000000000158e+00 1.314697000000000005e+00 3.359375000000000000e+00
1.135250000000000009e-01 2.905273000000000216e+00 1.303711000000000064e+00 3.354492000000000029e+00
1.123050000000000020e-01 2.895507999999999971e+00 1.293944999999999901e+00 3.344726999999999784e+00
1.110840000000000022e-01 2.885742000000000029e+00 1.284180000000000099e+00 3.334960999999999842e+00
1.110840000000000022e-01 2.875976999999999784e+00 1.274413999999999936e+00 3.334960999999999842e+00
1.098630000000000023e-01 2.866210999999999842e+00 1.265868999999999911e+00 3.325194999999999901e+00
1.086430000000000035e-01 2.856444999999999901e+00 1.264647999999999994e+00 3.325194999999999901e+00
1.074220000000000036e-01 2.850341999999999931e+00 1.264647999999999994e+00 3.316650000000000098e+00
1.074220000000000036e-01 2.840575999999999990e+00 1.274413999999999936e+00 3.308104999999999851e+00
1.062010000000000037e-01 2.836914000000000158e+00 1.284180000000000099e+00 3.305664000000000158e+00
1.062010000000000037e-01 2.827148000000000216e+00 1.295166000000000039e+00 3.299561000000000188e+00
1.049800000000000039e-01 2.819824000000000108e+00 1.304931999999999981e+00 3.295898000000000216e+00
1.049800000000000039e-01 2.817382999999999971e+00 1.317139000000000060e+00 3.295898000000000216e+00
1.037600000000000050e-01 2.811278999999999861e+00 1.328125000000000000e+00 3.288574000000000108e+00
1.037600000000000050e-01 2.808838000000000168e+00 1.333007999999999971e+00 3.286132999999999971e+00
1.037600000000000050e-01 2.807617000000000029e+00 1.340332000000000079e+00 3.286132999999999971e+00
1.037600000000000050e-01 2.801514000000000060e+00 1.343993999999999911e+00 3.276367000000000029e+00
1.025390000000000051e-01 2.797851999999999784e+00 1.347655999999999965e+00 3.270264000000000060e+00
1.025390000000000051e-01 2.797851999999999784e+00 1.353760000000000074e+00 3.276367000000000029e+00
1.025390000000000051e-01 2.792968999999999813e+00 1.353760000000000074e+00 3.269042999999999921e+00
1.025390000000000051e-01 2.790526999999999980e+00 1.357421999999999906e+00 3.266601999999999784e+00
1.025390000000000051e-01 2.788085999999999842e+00 1.362305000000000099e+00 3.266601999999999784e+00
1.025390000000000051e-01 2.788085999999999842e+00 1.362305000000000099e+00 3.256835999999999842e+00
1.025390000000000051e-01 2.779541000000000039e+00 1.357421999999999906e+00 3.256835999999999842e+00
1.013180000000000053e-01 2.778319999999999901e+00 1.354980000000000073e+00 3.256835999999999842e+00
1.013180000000000053e-01 2.773438000000000070e+00 1.352538999999999936e+00 3.256835999999999842e+00
1.013180000000000053e-01 2.769775000000000098e+00 1.342772999999999994e+00 3.247069999999999901e+00
1.000980000000000064e-01 2.768555000000000099e+00 1.339110999999999940e+00 3.247069999999999901e+00
1.000980000000000064e-01 2.762450999999999990e+00 1.328125000000000000e+00 3.238525000000000098e+00
9.887700000000000655e-02 2.758789000000000158e+00 1.323242000000000029e+00 3.237305000000000099e+00
9.887700000000000655e-02 2.758789000000000158e+00 1.313477000000000006e+00 3.242188000000000070e+00
9.765600000000000669e-02 2.749023000000000216e+00 1.303711000000000064e+00 3.231200999999999990e+00
9.765600000000000669e-02 2.740479000000000109e+00 1.293944999999999901e+00 3.227539000000000158e+00
9.765600000000000669e-02 2.739257999999999971e+00 1.284180000000000099e+00 3.223876999999999882e+00
9.643599999999999395e-02 2.730713000000000168e+00 1.274413999999999936e+00 3.227539000000000158e+00
9.643599999999999395e-02 2.729492000000000029e+00 1.264647999999999994e+00 3.221436000000000188e+00
9.399399999999999422e-02 2.719726999999999784e+00 1.245117000000000029e+00 3.209229000000000109e+00
9.399399999999999422e-02 2.709960999999999842e+00 1.236572000000000005e+00 3.208007999999999971e+00
9.399399999999999422e-02 2.700194999999999901e+00 1.226806999999999981e+00 3.203125000000000000e+00
9.277299999999999436e-02 2.691650000000000098e+00 1.225586000000000064e+00 3.192139000000000060e+00
9.277299999999999436e-02 2.685547000000000128e+00 1.215819999999999901e+00 3.188476999999999784e+00
9.277299999999999436e-02 2.680664000000000158e+00 1.207275000000000098e+00 3.188476999999999784e+00
9.277299999999999436e-02 2.675781000000000187e+00 1.206055000000000099e+00 3.179931999999999981e+00
9.155299999999999550e-02 2.666015999999999941e+00 1.197510000000000074e+00 3.178710999999999842e+00
9.155299999999999550e-02 2.661132999999999971e+00 1.197510000000000074e+00 3.178710999999999842e+00
9.033199999999999563e-02 2.661132999999999971e+00 1.196288999999999936e+00 3.173827999999999872e+00
9.033199999999999563e-02 2.651367000000000029e+00 1.196288999999999936e+00 3.171387000000000178e+00
8.911099999999999577e-02 2.645264000000000060e+00 1.197510000000000074e+00 3.161620999999999793e+00
8.911099999999999577e-02 2.641601999999999784e+00 1.196288999999999936e+00 3.159180000000000099e+00
9.033199999999999563e-02 2.635498000000000118e+00 1.196288999999999936e+00 3.153075999999999990e+00
8.911099999999999577e-02 2.631835999999999842e+00 1.196288999999999936e+00 3.149414000000000158e+00
8.911099999999999577e-02 2.624512000000000178e+00 1.196288999999999936e+00 3.150634999999999852e+00
8.911099999999999577e-02 2.623291000000000039e+00 1.192627000000000104e+00 3.149414000000000158e+00
8.911099999999999577e-02 2.622069999999999901e+00 1.191405999999999965e+00 3.140868999999999911e+00
8.789099999999999691e-02 2.613525000000000098e+00 1.187743999999999911e+00 3.140868999999999911e+00
8.789099999999999691e-02 2.612305000000000099e+00 1.186522999999999994e+00 3.133544999999999803e+00
8.789099999999999691e-02 2.603759999999999852e+00 1.186522999999999994e+00 3.129882999999999971e+00
8.666999999999999704e-02 2.602539000000000158e+00 1.186522999999999994e+00 3.132324000000000108e+00
8.666999999999999704e-02 2.596436000000000188e+00 1.180420000000000025e+00 3.129882999999999971e+00
8.666999999999999704e-02 2.592773000000000216e+00 1.176757999999999971e+00 3.121338000000000168e+00
8.666999999999999704e-02 2.592773000000000216e+00 1.173095999999999917e+00 3.121338000000000168e+00
8.666999999999999704e-02 2.583007999999999971e+00 1.168212999999999946e+00 3.111571999999999782e+00
8.544899999999999718e-02 2.583007999999999971e+00 1.166992000000000029e+00 3.111571999999999782e+00
8.666999999999999704e-02 2.583007999999999971e+00 1.166992000000000029e+00 3.110351999999999784e+00
8.544899999999999718e-02 2.573242000000000029e+00 1.166992000000000029e+00 3.104248000000000118e+00
8.544899999999999718e-02 2.573242000000000029e+00 1.166992000000000029e+00 3.103026999999999980e+00
8.422899999999999832e-02 2.563476999999999784e+00 1.162109000000000059e+00 3.100585999999999842e+00
8.422899999999999832e-02 2.563476999999999784e+00 1.162109000000000059e+00 3.100585999999999842e+00
8.422899999999999832e-02 2.563476999999999784e+00 1.159667999999999921e+00 3.100585999999999842e+00
8.422899999999999832e-02 2.557373000000000118e+00 1.159667999999999921e+00 3.092041000000000039e+00
8.422899999999999832e-02 2.554931999999999981e+00 1.158447000000000005e+00 3.092041000000000039e+00
8.300799999999999845e-02 2.553710999999999842e+00 1.158447000000000005e+00 3.090819999999999901e+00
8.422899999999999832e-02 2.553710999999999842e+00 1.157227000000000006e+00 3.085938000000000070e+00
8.300799999999999845e-02 2.543944999999999901e+00 1.157227000000000006e+00 3.082275000000000098e+00
8.422899999999999832e-02 2.545166000000000039e+00 1.157227000000000006e+00 3.082275000000000098e+00
8.300799999999999845e-02 2.537841999999999931e+00 1.152344000000000035e+00 3.081055000000000099e+00
8.300799999999999845e-02 2.534180000000000099e+00 1.148681999999999981e+00 3.074950999999999990e+00
8.300799999999999845e-02 2.537841999999999931e+00 1.148681999999999981e+00 3.071289000000000158e+00
8.300799999999999845e-02 2.534180000000000099e+00 1.147461000000000064e+00 3.071289000000000158e+00
8.300799999999999845e-02 2.534180000000000099e+00 1.147461000000000064e+00 3.071289000000000158e+00
8.300799999999999845e-02 2.525634999999999852e+00 1.140136999999999956e+00 3.071289000000000158e+00
8.300799999999999845e-02 2.524414000000000158e+00 1.137694999999999901e+00 3.066406000000000187e+00
8.300799999999999845e-02 2.517090000000000050e+00 1.137694999999999901e+00 3.061523000000000216e+00
8.178699999999999859e-02 2.514648000000000216e+00 1.131591999999999931e+00 3.061523000000000216e+00
8.178699999999999859e-02 2.508544999999999803e+00 1.129150000000000098e+00 3.061523000000000216e+00
8.300799999999999845e-02 2.506104000000000109e+00 1.127930000000000099e+00 3.054199000000000108e+00
8.178699999999999859e-02 2.504882999999999971e+00 1.119385000000000074e+00 3.051757999999999971e+00
8.056599999999999873e-02 2.498778999999999861e+00 1.112060999999999966e+00 3.046875000000000000e+00
8.056599999999999873e-02 2.495117000000000029e+00 1.109618999999999911e+00 3.046875000000000000e+00
7.934599999999999986e-02 2.486571999999999782e+00 1.108397999999999994e+00 3.035889000000000060e+00
8.056599999999999873e-02 2.485351999999999784e+00 1.102295000000000025e+00 3.041992000000000029e+00
7.934599999999999986e-02 2.480468999999999813e+00 1.098632999999999971e+00 3.041992000000000029e+00
7.934599999999999986e-02 2.478026999999999980e+00 1.098632999999999971e+00 3.032226999999999784e+00
7.934599999999999986e-02 2.475585999999999842e+00 1.098632999999999971e+00 3.034667999999999921e+00
7.934599999999999986e-02 2.475585999999999842e+00 1.099854000000000109e+00 3.032226999999999784e+00
7.934599999999999986e-02 2.469482000000000177e+00 1.104735999999999940e+00 3.032226999999999784e+00
7.934599999999999986e-02 2.467041000000000039e+00 1.108397999999999994e+00 3.022460999999999842e+00
7.934599999999999986e-02 2.465819999999999901e+00 1.114502000000000104e+00 3.022460999999999842e+00
7.812500000000000000e-02 2.465819999999999901e+00 1.120605000000000073e+00 3.022460999999999842e+00
7.934599999999999986e-02 2.465819999999999901e+00 1.131591999999999931e+00 3.022460999999999842e+00
7.934599999999999986e-02 2.465819999999999901e+00 1.137694999999999901e+00 3.022460999999999842e+00
7.934599999999999986e-02 2.465819999999999901e+00 1.148681999999999981e+00 3.027343999999999813e+00
7.934599999999999986e-02 2.468262000000000178e+00 1.157227000000000006e+00 3.022460999999999842e+00
8.056599999999999873e-02 2.470702999999999872e+00 1.180420000000000025e+00 3.022460999999999842e+00
8.178699999999999859e-02 2.475585999999999842e+00 1.190185999999999966e+00 3.022460999999999842e+00
8.056599999999999873e-02 2.476806999999999981e+00 1.197510000000000074e+00 3.024901999999999980e+00
8.056599999999999873e-02 2.485351999999999784e+00 1.207275000000000098e+00 3.022460999999999842e+00
8.178699999999999859e-02 2.490234000000000059e+00 1.215819999999999901e+00 3.022460999999999842e+00
8.178699999999999859e-02 2.489014000000000060e+00 1.226806999999999981e+00 3.022460999999999842e+00
8.300799999999999845e-02 2.495117000000000029e+00 1.236572000000000005e+00 3.026123000000000118e+00
8.300799999999999845e-02 2.498778999999999861e+00 1.246337999999999946e+00 3.023681999999999981e+00
8.300799999999999845e-02 2.504882999999999971e+00 1.256104000000000109e+00 3.026123000000000118e+00
8.300799999999999845e-02 2.507324000000000108e+00 1.265868999999999911e+00 3.032226999999999784e+00
8.422899999999999832e-02 2.514648000000000216e+00 1.275635000000000074e+00 3.032226999999999784e+00
8.422899999999999832e-02 2.524414000000000158e+00 1.284180000000000099e+00 3.033446999999999782e+00
8.422899999999999832e-02 2.524414000000000158e+00 1.293944999999999901e+00 3.035889000000000060e+00
8.544899999999999718e-02 2.534180000000000099e+00 1.303711000000000064e+00 3.041992000000000029e+00
8.544899999999999718e-02 2.537841999999999931e+00 1.314697000000000005e+00 3.043213000000000168e+00
8.666999999999999704e-02 2.545166000000000039e+00 1.328125000000000000e+00 3.051757999999999971e+00
8.666999999999999704e-02 2.553710999999999842e+00 1.342772999999999994e+00 3.051757999999999971e+00
8.789099999999999691e-02 2.565917999999999921e+00 1.356200999999999990e+00 3.051757999999999971e+00
8.789099999999999691e-02 2.574463000000000168e+00 1.373291000000000039e+00 3.054199000000000108e+00
8.911099999999999577e-02 2.583007999999999971e+00 1.391602000000000006e+00 3.061523000000000216e+00
8.911099999999999577e-02 2.596436000000000188e+00 1.420897999999999994e+00 3.071289000000000158e+00
9.155299999999999550e-02 2.612305000000000099e+00 1.450194999999999901e+00 3.072509999999999852e+00
9.277299999999999436e-02 2.631835999999999842e+00 1.484375000000000000e+00 3.081055000000000099e+00
9.399399999999999422e-02 2.651367000000000029e+00 1.528319999999999901e+00 3.090819999999999901e+00
9.765600000000000669e-02 2.700194999999999901e+00 1.607666000000000039e+00 3.120117000000000029e+00
1.000980000000000064e-01 2.719726999999999784e+00 1.649170000000000025e+00 3.121338000000000168e+00
1.025390000000000051e-01 2.740479000000000109e+00 1.684569999999999901e+00 3.133544999999999803e+00
1.049800000000000039e-01 2.773438000000000070e+00 1.718750000000000000e+00 3.149414000000000158e+00
1.074220000000000036e-01 2.797851999999999784e+00 1.744385000000000074e+00 3.168944999999999901e+00
1.086430000000000035e-01 2.821044999999999803e+00 1.772461000000000064e+00 3.178710999999999842e+00
1.123050000000000020e-01 2.846680000000000099e+00 1.793212999999999946e+00 3.198242000000000029e+00
1.123050000000000020e-01 2.846680000000000099e+00 1.793212999999999946e+00 3.198242000000000029e+00
1.135250000000000009e-01 2.867431999999999981e+00 1.831055000000000099e+00 3.208007999999999971e+00
1.159670000000000006e-01 2.895507999999999971e+00 1.871337999999999946e+00 3.227539000000000158e+00
1.184079999999999994e-01 2.918700999999999990e+00 1.928711000000000064e+00 3.239745999999999793e+00
1.220699999999999980e-01 2.955321999999999782e+00 1.977538999999999936e+00 3.256835999999999842e+00
1.245119999999999977e-01 2.988281000000000187e+00 2.026367000000000029e+00 3.270264000000000060e+00
1.281740000000000101e-01 3.027343999999999813e+00 2.060547000000000128e+00 3.295898000000000216e+00
1.318360000000000087e-01 3.051757999999999971e+00 2.094726999999999784e+00 3.317870999999999793e+00
1.354980000000000073e-01 3.081055000000000099e+00 2.116699000000000108e+00 3.334960999999999842e+00
1.367190000000000072e-01 3.101806999999999981e+00 2.135009999999999852e+00 3.358153999999999861e+00
1.428220000000000045e-01 3.149414000000000158e+00 2.158202999999999872e+00 3.393555000000000099e+00
1.452640000000000042e-01 3.168944999999999901e+00 2.164306999999999981e+00 3.405762000000000178e+00
1.477050000000000030e-01 3.188476999999999784e+00 2.172851999999999784e+00 3.424071999999999782e+00
1.501460000000000017e-01 3.201903999999999861e+00 2.182617000000000029e+00 3.442382999999999971e+00
1.525880000000000014e-01 3.211669999999999803e+00 2.183838000000000168e+00 3.452148000000000216e+00
1.538090000000000013e-01 3.227539000000000158e+00 2.186278999999999861e+00 3.461914000000000158e+00
1.538090000000000013e-01 3.227539000000000158e+00 2.186278999999999861e+00 3.461914000000000158e+00
1.562500000000000000e-01 3.237305000000000099e+00 2.186278999999999861e+00 3.481444999999999901e+00
1.574709999999999999e-01 3.247069999999999901e+00 2.183838000000000168e+00 3.491210999999999842e+00
1.574709999999999999e-01 3.256835999999999842e+00 2.182617000000000029e+00 3.500976999999999784e+00
1.599119999999999986e-01 3.260498000000000118e+00 2.176514000000000060e+00 3.510742000000000029e+00
1.611329999999999985e-01 3.266601999999999784e+00 2.172851999999999784e+00 3.520507999999999971e+00
1.611329999999999985e-01 3.266601999999999784e+00 2.163085999999999842e+00 3.524169999999999803e+00
1.623539999999999983e-01 3.270264000000000060e+00 2.153319999999999901e+00 3.540039000000000158e+00
1.623539999999999983e-01 3.276367000000000029e+00 2.143555000000000099e+00 3.540039000000000158e+00
1.635739999999999972e-01 3.276367000000000029e+00 2.128906000000000187e+00 3.543700999999999990e+00
1.623539999999999983e-01 3.281250000000000000e+00 2.114257999999999971e+00 3.549805000000000099e+00
1.635739999999999972e-01 3.281250000000000000e+00 2.104492000000000029e+00 3.552245999999999793e+00
1.623539999999999983e-01 3.276367000000000029e+00 2.094726999999999784e+00 3.559569999999999901e+00
1.623539999999999983e-01 3.276367000000000029e+00 2.084960999999999842e+00 3.564452999999999872e+00
1.635739999999999972e-01 3.276367000000000029e+00 2.075194999999999901e+00 3.569335999999999842e+00
1.623539999999999983e-01 3.276367000000000029e+00 2.065430000000000099e+00 3.569335999999999842e+00
1.635739999999999972e-01 3.270264000000000060e+00 2.049561000000000188e+00 3.569335999999999842e+00
1.635739999999999972e-01 3.267821999999999782e+00 2.039794999999999803e+00 3.569335999999999842e+00
1.623539999999999983e-01 3.267821999999999782e+00 2.031250000000000000e+00 3.570556999999999981e+00
1.623539999999999983e-01 3.266601999999999784e+00 2.006835999999999842e+00 3.571776999999999980e+00
1.623539999999999983e-01 3.258056999999999981e+00 1.997069999999999901e+00 3.574218999999999813e+00
1.611329999999999985e-01 3.256835999999999842e+00 1.987305000000000099e+00 3.569335999999999842e+00
1.611329999999999985e-01 3.249512000000000178e+00 1.977538999999999936e+00 3.570556999999999981e+00
1.611329999999999985e-01 3.248291000000000039e+00 1.959229000000000109e+00 3.565674000000000010e+00
1.599119999999999986e-01 3.247069999999999901e+00 1.953125000000000000e+00 3.563232000000000177e+00
1.599119999999999986e-01 3.238525000000000098e+00 1.942139000000000060e+00 3.569335999999999842e+00
1.586909999999999987e-01 3.238525000000000098e+00 1.938477000000000006e+00 3.569335999999999842e+00
1.574709999999999999e-01 3.237305000000000099e+00 1.929931999999999981e+00 3.570556999999999981e+00
1.574709999999999999e-01 3.237305000000000099e+00 1.928711000000000064e+00 3.562012000000000178e+00
1.574709999999999999e-01 3.227539000000000158e+00 1.922606999999999955e+00 3.562012000000000178e+00
1.562500000000000000e-01 3.227539000000000158e+00 1.918944999999999901e+00 3.559569999999999901e+00
1.562500000000000000e-01 3.217773000000000216e+00 1.909180000000000099e+00 3.559569999999999901e+00
1.550290000000000001e-01 3.217773000000000216e+00 1.900635000000000074e+00 3.562012000000000178e+00
1.550290000000000001e-01 3.209229000000000109e+00 1.889647999999999994e+00 3.559569999999999901e+00
1.550290000000000001e-01 3.209229000000000109e+00 1.873779000000000083e+00 3.553466999999999931e+00
1.538090000000000013e-01 3.203125000000000000e+00 1.861572000000000005e+00 3.551025000000000098e+00
1.525880000000000014e-01 3.198242000000000029e+00 1.843261999999999956e+00 3.549805000000000099e+00
1.513670000000000015e-01 3.189696999999999782e+00 1.826171999999999906e+00 3.552245999999999793e+00
1.513670000000000015e-01 3.192139000000000060e+00 1.805420000000000025e+00 3.549805000000000099e+00
1.501460000000000017e-01 3.178710999999999842e+00 1.783447000000000005e+00 3.542479999999999851e+00
1.489260000000000028e-01 3.170166000000000039e+00 1.762694999999999901e+00 3.542479999999999851e+00
1.477050000000000030e-01 3.160400000000000098e+00 1.735840000000000050e+00 3.531493999999999911e+00
1.464840000000000031e-01 3.153075999999999990e+00 1.713867000000000029e+00 3.530273000000000216e+00
1.440430000000000044e-01 3.133544999999999803e+00 1.665038999999999936e+00 3.520507999999999971e+00
1.428220000000000045e-01 3.125000000000000000e+00 1.636962999999999946e+00 3.520507999999999971e+00
1.416020000000000056e-01 3.111571999999999782e+00 1.616211000000000064e+00 3.510742000000000029e+00
1.391600000000000059e-01 3.101806999999999981e+00 1.586913999999999936e+00 3.504639000000000060e+00
1.379390000000000061e-01 3.090819999999999901e+00 1.567382999999999971e+00 3.500976999999999784e+00
1.367190000000000072e-01 3.081055000000000099e+00 1.541747999999999896e+00 3.491210999999999842e+00
1.330570000000000086e-01 3.071289000000000158e+00 1.518555000000000099e+00 3.485107000000000177e+00
1.330570000000000086e-01 3.055419999999999803e+00 1.499022999999999994e+00 3.481444999999999901e+00
1.318360000000000087e-01 3.046875000000000000e+00 1.479492000000000029e+00 3.471680000000000099e+00
1.306150000000000089e-01 3.033446999999999782e+00 1.459961000000000064e+00 3.465575999999999990e+00
1.281740000000000101e-01 3.022460999999999842e+00 1.450194999999999901e+00 3.461914000000000158e+00
1.269530000000000103e-01 3.012694999999999901e+00 1.440430000000000099e+00 3.453368999999999911e+00
1.269530000000000103e-01 3.002930000000000099e+00 1.430663999999999936e+00 3.446044999999999803e+00
1.245119999999999977e-01 2.993164000000000158e+00 1.424560999999999966e+00 3.442382999999999971e+00
1.232909999999999978e-01 2.983398000000000216e+00 1.420897999999999994e+00 3.433838000000000168e+00
1.220699999999999980e-01 2.973632999999999971e+00 1.411132999999999971e+00 3.432617000000000029e+00
1.208499999999999991e-01 2.954101999999999784e+00 1.402587999999999946e+00 3.417968999999999813e+00
1.184079999999999994e-01 2.944335999999999842e+00 1.401367000000000029e+00 3.413085999999999842e+00
1.184079999999999994e-01 2.935791000000000039e+00 1.405029000000000083e+00 3.405762000000000178e+00
1.171880000000000005e-01 2.934569999999999901e+00 1.406250000000000000e+00 3.408202999999999872e+00
1.171880000000000005e-01 2.924805000000000099e+00 1.411132999999999971e+00 3.394775000000000098e+00
1.159670000000000006e-01 2.917479999999999851e+00 1.420897999999999994e+00 3.393555000000000099e+00
1.159670000000000006e-01 2.915039000000000158e+00 1.424560999999999966e+00 3.383789000000000158e+00
1.147460000000000008e-01 2.905273000000000216e+00 1.430663999999999936e+00 3.383789000000000158e+00
1.147460000000000008e-01 2.905273000000000216e+00 1.430663999999999936e+00 3.383789000000000158e+00
1.135250000000000009e-01 2.905273000000000216e+00 1.440430000000000099e+00 3.377686000000000188e+00
1.135250000000000009e-01 2.899169999999999803e+00 1.444091999999999931e+00 3.374023000000000216e+00
1.135250000000000009e-01 2.895507999999999971e+00 1.450194999999999901e+00 3.367919999999999803e+00
1.135250000000000009e-01 2.890625000000000000e+00 1.450194999999999901e+00 3.367919999999999803e+00
1.123050000000000020e-01 2.890625000000000000e+00 1.451416000000000039e+00 3.365479000000000109e+00
1.123050000000000020e-01 2.885742000000000029e+00 1.453856999999999955e+00 3.364257999999999971e+00
1.123050000000000020e-01 2.878417999999999921e+00 1.452636999999999956e+00 3.355713000000000168e+00
1.123050000000000020e-01 2.877196999999999782e+00 1.455078000000000094e+00 3.354492000000000029e+00
1.098630000000000023e-01 2.875976999999999784e+00 1.451416000000000039e+00 3.348389000000000060e+00
1.110840000000000022e-01 2.869873000000000118e+00 1.450194999999999901e+00 3.344726999999999784e+00
1.110840000000000022e-01 2.869873000000000118e+00 1.450194999999999901e+00 3.344726999999999784e+00
1.098630000000000023e-01 2.867431999999999981e+00 1.444091999999999931e+00 3.344726999999999784e+00
1.098630000000000023e-01 2.866210999999999842e+00 1.442871000000000015e+00 3.344726999999999784e+00
1.086430000000000035e-01 2.860107000000000177e+00 1.440430000000000099e+00 3.337401999999999980e+00
1.086430000000000035e-01 2.856444999999999901e+00 1.433105000000000073e+00 3.328857000000000177e+00
1.074220000000000036e-01 2.850341999999999931e+00 1.430663999999999936e+00 3.337401999999999980e+00
1.074220000000000036e-01 2.846680000000000099e+00 1.420897999999999994e+00 3.325194999999999901e+00
1.062010000000000037e-01 2.846680000000000099e+00 1.414795000000000025e+00 3.325194999999999901e+00
1.062010000000000037e-01 2.840575999999999990e+00 1.411132999999999971e+00 3.317870999999999793e+00
1.062010000000000037e-01 2.836914000000000158e+00 1.401367000000000029e+00 3.315430000000000099e+00
1.049800000000000039e-01 2.827148000000000216e+00 1.391602000000000006e+00 3.311767999999999823e+00
1.049800000000000039e-01 2.827148000000000216e+00 1.381836000000000064e+00 3.305664000000000158e+00
1.037600000000000050e-01 2.819824000000000108e+00 1.367188000000000070e+00 3.305664000000000158e+00
1.025390000000000051e-01 2.811278999999999861e+00 1.356200999999999990e+00 3.305664000000000158e+00
1.037600000000000050e-01 2.807617000000000029e+00 1.343993999999999911e+00 3.297118999999999911e+00
1.025390000000000051e-01 2.800292999999999921e+00 1.333007999999999971e+00 3.289794999999999803e+00
1.013180000000000053e-01 2.797851999999999784e+00 1.328125000000000000e+00 3.286132999999999971e+00
1.000980000000000064e-01 2.788085999999999842e+00 1.313477000000000006e+00 3.286132999999999971e+00
1.000980000000000064e-01 2.781982000000000177e+00 1.303711000000000064e+00 3.281250000000000000e+00
9.887700000000000655e-02 2.778319999999999901e+00 1.293944999999999901e+00 3.276367000000000029e+00
9.887700000000000655e-02 2.773438000000000070e+00 1.284180000000000099e+00 3.267821999999999782e+00
9.887700000000000655e-02 2.760009999999999852e+00 1.269530999999999965e+00 3.266601999999999784e+00
9.765600000000000669e-02 2.758789000000000158e+00 1.260985999999999940e+00 3.266601999999999784e+00
9.643599999999999395e-02 2.749023000000000216e+00 1.251220999999999917e+00 3.256835999999999842e+00
9.643599999999999395e-02 2.740479000000000109e+00 1.245117000000000029e+00 3.247069999999999901e+00
9.643599999999999395e-02 2.739257999999999971e+00 1.236572000000000005e+00 3.247069999999999901e+00
9.399399999999999422e-02 2.729492000000000029e+00 1.226806999999999981e+00 3.238525000000000098e+00
9.521499999999999408e-02 2.722167999999999921e+00 1.221924000000000010e+00 3.237305000000000099e+00
9.277299999999999436e-02 2.711181999999999981e+00 1.215819999999999901e+00 3.229979999999999851e+00
9.277299999999999436e-02 2.709960999999999842e+00 1.212158000000000069e+00 3.228759999999999852e+00
9.277299999999999436e-02 2.700194999999999901e+00 1.207275000000000098e+00 3.227539000000000158e+00
9.277299999999999436e-02 2.691650000000000098e+00 1.206055000000000099e+00 3.217773000000000216e+00
9.155299999999999550e-02 2.680664000000000158e+00 1.198730000000000073e+00 3.208007999999999971e+00
9.033199999999999563e-02 2.680664000000000158e+00 1.197510000000000074e+00 3.208007999999999971e+00
9.033199999999999563e-02 2.664794999999999803e+00 1.196288999999999936e+00 3.208007999999999971e+00
