5.737300000000000039e-02 1.313477000000000006e+00 5.578610000000000513e-01 2.097167999999999921e+00 2.124023000000000216e+00
5.859400000000000025e-02 1.313477000000000006e+00 5.566410000000000524e-01 2.098389000000000060e+00 2.114257999999999971e+00
5.859400000000000025e-02 1.313477000000000006e+00 5.566410000000000524e-01 2.095946999999999782e+00 2.097167999999999921e+00
5.859400000000000025e-02 1.313477000000000006e+00 5.566410000000000524e-01 2.097167999999999921e+00 2.133789000000000158e+00
5.859400000000000025e-02 1.313477000000000006e+00 5.566410000000000524e-01 2.098389000000000060e+00 2.114257999999999971e+00
5.859400000000000025e-02 1.313477000000000006e+00 5.566410000000000524e-01 2.095946999999999782e+00 2.095946999999999782e+00
5.859400000000000025e-02 1.313477000000000006e+00 5.566410000000000524e-01 2.094726999999999784e+00 2.119140999999999941e+00
5.859400000000000025e-02 1.313477000000000006e+00 5.578610000000000513e-01 2.098389000000000060e+00 2.124023000000000216e+00
5.859400000000000025e-02 1.313477000000000006e+00 5.566410000000000524e-01 2.095946999999999782e+00 2.104492000000000029e+00
5.859400000000000025e-02 1.313477000000000006e+00 5.566410000000000524e-01 2.098389000000000060e+00 2.104492000000000029e+00
5.859400000000000025e-02 1.313477000000000006e+00 5.566410000000000524e-01 2.095946999999999782e+00 2.094726999999999784e+00
5.859400000000000025e-02 1.313477000000000006e+00 5.566410000000000524e-01 2.095946999999999782e+00 2.094726999999999784e+00
5.859400000000000025e-02 1.313477000000000006e+00 5.566410000000000524e-01 2.095946999999999782e+00 2.104492000000000029e+00
5.859400000000000025e-02 1.313477000000000006e+00 5.578610000000000513e-01 2.095946999999999782e+00 2.098389000000000060e+00
5.859400000000000025e-02 1.313477000000000006e+00 5.566410000000000524e-01 2.094726999999999784e+00 2.125243999999999911e+00
5.859400000000000025e-02 1.313477000000000006e+00 5.566410000000000524e-01 2.095946999999999782e+00 2.104492000000000029e+00
5.859400000000000025e-02 1.309814000000000034e+00 5.566410000000000524e-01 2.095946999999999782e+00 2.094726999999999784e+00
5.859400000000000025e-02 1.313477000000000006e+00 5.566410000000000524e-01 2.097167999999999921e+00 2.117919999999999803e+00
5.737300000000000039e-02 1.313477000000000006e+00 5.566410000000000524e-01 2.095946999999999782e+00 2.119140999999999941e+00
5.859400000000000025e-02 1.313477000000000006e+00 5.566410000000000524e-01 2.095946999999999782e+00 2.115479000000000109e+00
5.859400000000000025e-02 1.313477000000000006e+00 5.566410000000000524e-01 2.095946999999999782e+00 2.094726999999999784e+00
5.859400000000000025e-02 1.313477000000000006e+00 5.566410000000000524e-01 2.094726999999999784e+00 2.119140999999999941e+00
5.737300000000000039e-02 1.313477000000000006e+00 5.566410000000000524e-01 2.094726999999999784e+00 2.145995999999999793e+00
5.859400000000000025e-02 1.313477000000000006e+00 5.566410000000000524e-01 2.097167999999999921e+00 2.163085999999999842e+00
5.859400000000000025e-02 1.313477000000000006e+00 5.578610000000000513e-01 2.098389000000000060e+00 2.133789000000000158e+00
5.859400000000000025e-02 1.308594000000000035e+00 5.566410000000000524e-01 2.095946999999999782e+00 2.106933999999999862e+00
5.859400000000000025e-02 1.308594000000000035e+00 5.566410000000000524e-01 2.095946999999999782e+00 2.109375000000000000e+00
5.859400000000000025e-02 1.313477000000000006e+00 5.578610000000000513e-01 2.095946999999999782e+00 2.114257999999999971e+00
5.859400000000000025e-02 1.307372999999999896e+00 5.566410000000000524e-01 2.095946999999999782e+00 2.124023000000000216e+00
5.859400000000000025e-02 1.313477000000000006e+00 5.566410000000000524e-01 2.095946999999999782e+00 2.105713000000000168e+00
5.859400000000000025e-02 1.308594000000000035e+00 5.566410000000000524e-01 2.095946999999999782e+00 2.094726999999999784e+00
5.859400000000000025e-02 1.313477000000000006e+00 5.554200000000000248e-01 2.094726999999999784e+00 2.124023000000000216e+00
5.859400000000000025e-02 1.308594000000000035e+00 5.554200000000000248e-01 2.097167999999999921e+00 2.143555000000000099e+00
5.859400000000000025e-02 1.313477000000000006e+00 5.566410000000000524e-01 2.095946999999999782e+00 2.116699000000000108e+00
5.859400000000000025e-02 1.313477000000000006e+00 5.566410000000000524e-01 2.095946999999999782e+00 2.114257999999999971e+00
5.859400000000000025e-02 1.308594000000000035e+00 5.566410000000000524e-01 2.094726999999999784e+00 2.125243999999999911e+00
5.859400000000000025e-02 1.313477000000000006e+00 5.566410000000000524e-01 2.097167999999999921e+00 2.137450999999999990e+00
5.859400000000000025e-02 1.313477000000000006e+00 5.566410000000000524e-01 2.094726999999999784e+00 2.147216999999999931e+00
5.859400000000000025e-02 1.313477000000000006e+00 5.566410000000000524e-01 2.095946999999999782e+00 2.128906000000000187e+00
5.859400000000000025e-02 1.308594000000000035e+00 5.566410000000000524e-01 2.094726999999999784e+00 2.144775000000000098e+00
5.859400000000000025e-02 1.308594000000000035e+00 5.578610000000000513e-01 2.094726999999999784e+00 2.147216999999999931e+00
5.859400000000000025e-02 1.308594000000000035e+00 5.578610000000000513e-01 2.095946999999999782e+00 2.133789000000000158e+00
5.859400000000000025e-02 1.313477000000000006e+00 5.615229999999999944e-01 2.094726999999999784e+00 2.133789000000000158e+00
5.859400000000000025e-02 1.313477000000000006e+00 5.615229999999999944e-01 2.095946999999999782e+00 2.117919999999999803e+00
5.859400000000000025e-02 1.313477000000000006e+00 5.664059999999999651e-01 2.104492000000000029e+00 2.137450999999999990e+00
5.859400000000000025e-02 1.314697000000000005e+00 5.688480000000000203e-01 2.097167999999999921e+00 2.153319999999999901e+00
5.859400000000000025e-02 1.317139000000000060e+00 5.725099999999999634e-01 2.098389000000000060e+00 2.128906000000000187e+00
5.859400000000000025e-02 1.323242000000000029e+00 5.761720000000000175e-01 2.105713000000000168e+00 2.124023000000000216e+00
5.859400000000000025e-02 1.323242000000000029e+00 5.810549999999999882e-01 2.104492000000000029e+00 2.135009999999999852e+00
5.981399999999999911e-02 1.324462999999999946e+00 5.847170000000000423e-01 2.109375000000000000e+00 2.145995999999999793e+00
5.859400000000000025e-02 1.328125000000000000e+00 5.908200000000000118e-01 2.106933999999999862e+00 2.164306999999999981e+00
5.859400000000000025e-02 1.335449000000000108e+00 5.920410000000000394e-01 2.105713000000000168e+00 2.133789000000000158e+00
5.859400000000000025e-02 1.335449000000000108e+00 5.920410000000000394e-01 2.105713000000000168e+00 2.133789000000000158e+00
5.981399999999999911e-02 1.336670000000000025e+00 6.005859999999999532e-01 2.106933999999999862e+00 2.143555000000000099e+00
5.981399999999999911e-02 1.342772999999999994e+00 6.054690000000000349e-01 2.109375000000000000e+00 2.153319999999999901e+00
5.981399999999999911e-02 1.346435999999999966e+00 6.115720000000000045e-01 2.114257999999999971e+00 2.163085999999999842e+00
5.981399999999999911e-02 1.352538999999999936e+00 6.201170000000000293e-01 2.115479000000000109e+00 2.133789000000000158e+00
5.981399999999999911e-02 1.352538999999999936e+00 6.201170000000000293e-01 2.115479000000000109e+00 2.133789000000000158e+00
5.981399999999999911e-02 1.356200999999999990e+00 6.262210000000000276e-01 2.124023000000000216e+00 2.153319999999999901e+00
6.103499999999999898e-02 1.363525000000000098e+00 6.347660000000000524e-01 2.124023000000000216e+00 2.163085999999999842e+00
6.103499999999999898e-02 1.363525000000000098e+00 6.347660000000000524e-01 2.124023000000000216e+00 2.163085999999999842e+00
5.981399999999999911e-02 1.372069999999999901e+00 6.408690000000000220e-01 2.124023000000000216e+00 2.172851999999999784e+00
6.103499999999999898e-02 1.373291000000000039e+00 6.506349999999999634e-01 2.133789000000000158e+00 2.174071999999999782e+00
6.103499999999999898e-02 1.383056999999999981e+00 6.591799999999999882e-01 2.133789000000000158e+00 2.169188999999999812e+00
6.103499999999999898e-02 1.391602000000000006e+00 6.689450000000000118e-01 2.133789000000000158e+00 2.182617000000000029e+00
6.225599999999999884e-02 1.401367000000000029e+00 6.738279999999999825e-01 2.143555000000000099e+00 2.182617000000000029e+00
6.225599999999999884e-02 1.406250000000000000e+00 6.799319999999999808e-01 2.143555000000000099e+00 2.192382999999999971e+00
6.225599999999999884e-02 1.414795000000000025e+00 6.884770000000000056e-01 2.147216999999999931e+00 2.163085999999999842e+00
6.347700000000000564e-02 1.422118999999999911e+00 6.982420000000000293e-01 2.158202999999999872e+00 2.172851999999999784e+00
6.347700000000000564e-02 1.431885000000000074e+00 7.043460000000000276e-01 2.163085999999999842e+00 2.186278999999999861e+00
6.347700000000000564e-02 1.441650000000000098e+00 7.141110000000000513e-01 2.163085999999999842e+00 2.202148000000000216e+00
6.347700000000000564e-02 1.450194999999999901e+00 7.238769999999999927e-01 2.172851999999999784e+00 2.202148000000000216e+00
6.469700000000000450e-02 1.473389000000000060e+00 7.470700000000000118e-01 2.182617000000000029e+00 2.185058999999999862e+00
6.469700000000000450e-02 1.483154000000000083e+00 7.531740000000000101e-01 2.186278999999999861e+00 2.192382999999999971e+00
6.469700000000000450e-02 1.499022999999999994e+00 7.629390000000000338e-01 2.193604000000000109e+00 2.172851999999999784e+00
6.469700000000000450e-02 1.508788999999999936e+00 7.702639999999999487e-01 2.202148000000000216e+00 2.202148000000000216e+00
6.469700000000000450e-02 1.518555000000000099e+00 7.763670000000000293e-01 2.205811000000000188e+00 2.183838000000000168e+00
6.591800000000000437e-02 1.528319999999999901e+00 7.824710000000000276e-01 2.213134999999999852e+00 2.172851999999999784e+00
6.591800000000000437e-02 1.538086000000000064e+00 7.873539999999999983e-01 2.215575999999999990e+00 2.176514000000000060e+00
6.713900000000000423e-02 1.561279000000000083e+00 8.007809999999999651e-01 2.231444999999999901e+00 2.235107000000000177e+00
6.713900000000000423e-02 1.577147999999999994e+00 8.068849999999999634e-01 2.241210999999999842e+00 2.250976999999999784e+00
6.713900000000000423e-02 1.586913999999999936e+00 8.117680000000000451e-01 2.250976999999999784e+00 2.250976999999999784e+00
6.713900000000000423e-02 1.596680000000000099e+00 8.166499999999999870e-01 2.253417999999999921e+00 2.254639000000000060e+00
6.835900000000000309e-02 1.611328000000000094e+00 8.203129999999999589e-01 2.260742000000000029e+00 2.260742000000000029e+00
6.835900000000000309e-02 1.617431999999999981e+00 8.251950000000000118e-01 2.270507999999999971e+00 2.260742000000000029e+00
6.958000000000000296e-02 1.628417999999999921e+00 8.288569999999999549e-01 2.271729000000000109e+00 2.241210999999999842e+00
6.958000000000000296e-02 1.639404000000000083e+00 8.349609999999999532e-01 2.280273000000000216e+00 2.250976999999999784e+00
6.958000000000000296e-02 1.655272999999999994e+00 8.447270000000000056e-01 2.290039000000000158e+00 2.261963000000000168e+00
6.958000000000000296e-02 1.665038999999999936e+00 8.459470000000000045e-01 2.293700999999999990e+00 2.244873000000000118e+00
6.958000000000000296e-02 1.674805000000000099e+00 8.544920000000000293e-01 2.301025000000000098e+00 2.241210999999999842e+00
6.958000000000000296e-02 1.694336000000000064e+00 8.557129999999999459e-01 2.309569999999999901e+00 2.265625000000000000e+00
7.080100000000000282e-02 1.696776999999999980e+00 8.605960000000000276e-01 2.319335999999999842e+00 2.291259999999999852e+00
7.080100000000000282e-02 1.713867000000000029e+00 8.654789999999999983e-01 2.329101999999999784e+00 2.291259999999999852e+00
7.080100000000000282e-02 1.723632999999999971e+00 8.703610000000000513e-01 2.330321999999999782e+00 2.270507999999999971e+00
7.080100000000000282e-02 1.733397999999999994e+00 8.752440000000000220e-01 2.338867000000000029e+00 2.290039000000000158e+00
7.202100000000000168e-02 1.754150000000000098e+00 8.850099999999999634e-01 2.352294999999999803e+00 2.299805000000000099e+00
7.202100000000000168e-02 1.767578000000000094e+00 8.935549999999999882e-01 2.363281000000000187e+00 2.301025000000000098e+00
7.324200000000000155e-02 1.777344000000000035e+00 8.959960000000000147e-01 2.368164000000000158e+00 2.310791000000000039e+00
7.324200000000000155e-02 1.791992000000000029e+00 9.033200000000000118e-01 2.377930000000000099e+00 2.319335999999999842e+00
7.324200000000000155e-02 1.801757999999999971e+00 9.069819999999999549e-01 2.380370999999999793e+00 2.332764000000000060e+00
7.324200000000000155e-02 1.812743999999999911e+00 9.130859999999999532e-01 2.387694999999999901e+00 2.338867000000000029e+00
7.324200000000000155e-02 1.823730000000000073e+00 9.179690000000000349e-01 2.397460999999999842e+00 2.340088000000000168e+00
7.446300000000000141e-02 1.832275000000000098e+00 9.228520000000000056e-01 2.407226999999999784e+00 2.338867000000000029e+00
7.446300000000000141e-02 1.850586000000000064e+00 9.240720000000000045e-01 2.410889000000000060e+00 2.321776999999999980e+00
7.446300000000000141e-02 1.860352000000000006e+00 9.289549999999999752e-01 2.418213000000000168e+00 2.320556999999999981e+00
7.446300000000000141e-02 1.872559000000000085e+00 9.326170000000000293e-01 2.431640999999999941e+00 2.332764000000000060e+00
7.446300000000000141e-02 1.879882999999999971e+00 9.326170000000000293e-01 2.436523000000000216e+00 2.358398000000000216e+00
7.446300000000000141e-02 1.890868999999999911e+00 9.338379999999999459e-01 2.441406000000000187e+00 2.368164000000000158e+00
7.446300000000000141e-02 1.899413999999999936e+00 9.338379999999999459e-01 2.446289000000000158e+00 2.377930000000000099e+00
7.446300000000000141e-02 1.910400000000000098e+00 9.362789999999999724e-01 2.456055000000000099e+00 2.379150000000000098e+00
7.446300000000000141e-02 1.910400000000000098e+00 9.362789999999999724e-01 2.456055000000000099e+00 2.379150000000000098e+00
7.568400000000000127e-02 1.918944999999999901e+00 9.362789999999999724e-01 2.459716999999999931e+00 2.358398000000000216e+00
7.568400000000000127e-02 1.928711000000000064e+00 9.387210000000000276e-01 2.467041000000000039e+00 2.340088000000000168e+00
7.568400000000000127e-02 1.938477000000000006e+00 9.423829999999999707e-01 2.475585999999999842e+00 2.358398000000000216e+00
7.568400000000000127e-02 1.948242000000000029e+00 9.423829999999999707e-01 2.476806999999999981e+00 2.348632999999999971e+00
7.568400000000000127e-02 1.958007999999999971e+00 9.423829999999999707e-01 2.485351999999999784e+00 2.370604999999999851e+00
7.568400000000000127e-02 1.967772999999999994e+00 9.436039999999999983e-01 2.489014000000000060e+00 2.377930000000000099e+00
7.690400000000000014e-02 1.972655999999999965e+00 9.436039999999999983e-01 2.496338000000000168e+00 2.359618999999999911e+00
7.690400000000000014e-02 1.981200999999999990e+00 9.472660000000000524e-01 2.504882999999999971e+00 2.377930000000000099e+00
7.690400000000000014e-02 1.988525000000000098e+00 9.460450000000000248e-01 2.506104000000000109e+00 2.370604999999999851e+00
7.690400000000000014e-02 1.997069999999999901e+00 9.460450000000000248e-01 2.514648000000000216e+00 2.407226999999999784e+00
7.568400000000000127e-02 2.008056999999999981e+00 9.460450000000000248e-01 2.524414000000000158e+00 2.416992000000000029e+00
7.690400000000000014e-02 2.016601999999999784e+00 9.460450000000000248e-01 2.524414000000000158e+00 2.426757999999999971e+00
7.690400000000000014e-02 2.016601999999999784e+00 9.460450000000000248e-01 2.528075999999999990e+00 2.407226999999999784e+00
7.690400000000000014e-02 2.026367000000000029e+00 9.436039999999999983e-01 2.534180000000000099e+00 2.416992000000000029e+00
7.568400000000000127e-02 2.031250000000000000e+00 9.423829999999999707e-01 2.536620999999999793e+00 2.427979000000000109e+00
7.690400000000000014e-02 2.036132999999999971e+00 9.387210000000000276e-01 2.543944999999999901e+00 2.426757999999999971e+00
7.690400000000000014e-02 2.041015999999999941e+00 9.350589999999999735e-01 2.545166000000000039e+00 2.407226999999999784e+00
7.690400000000000014e-02 2.045898000000000216e+00 9.326170000000000293e-01 2.553710999999999842e+00 2.418213000000000168e+00
7.690400000000000014e-02 2.047118999999999911e+00 9.240720000000000045e-01 2.554931999999999981e+00 2.407226999999999784e+00
7.690400000000000014e-02 2.055664000000000158e+00 9.179690000000000349e-01 2.554931999999999981e+00 2.387694999999999901e+00
7.690400000000000014e-02 2.055664000000000158e+00 9.143069999999999808e-01 2.557373000000000118e+00 2.390137000000000178e+00
7.690400000000000014e-02 2.055664000000000158e+00 9.045410000000000394e-01 2.563476999999999784e+00 2.427979000000000109e+00
7.690400000000000014e-02 2.060547000000000128e+00 8.996579999999999577e-01 2.563476999999999784e+00 2.441406000000000187e+00
7.568400000000000127e-02 2.058104999999999851e+00 8.935549999999999882e-01 2.565917999999999921e+00 2.457275000000000098e+00
7.568400000000000127e-02 2.056884999999999852e+00 8.862299999999999622e-01 2.573242000000000029e+00 2.448729999999999851e+00
7.568400000000000127e-02 2.059325999999999990e+00 8.837890000000000468e-01 2.567139000000000060e+00 2.436523000000000216e+00
7.446300000000000141e-02 2.056884999999999852e+00 8.703610000000000513e-01 2.573242000000000029e+00 2.468262000000000178e+00
7.446300000000000141e-02 2.058104999999999851e+00 8.654789999999999983e-01 2.573242000000000029e+00 2.475585999999999842e+00
7.446300000000000141e-02 2.055664000000000158e+00 8.642579999999999707e-01 2.578125000000000000e+00 2.459716999999999931e+00
7.446300000000000141e-02 2.055664000000000158e+00 8.642579999999999707e-01 2.578125000000000000e+00 2.459716999999999931e+00
7.324200000000000155e-02 2.056884999999999852e+00 8.593750000000000000e-01 2.578125000000000000e+00 2.464599999999999902e+00
7.324200000000000155e-02 2.056884999999999852e+00 8.593750000000000000e-01 2.578125000000000000e+00 2.464599999999999902e+00
7.446300000000000141e-02 2.055664000000000158e+00 8.557129999999999459e-01 2.575683999999999862e+00 2.485351999999999784e+00
7.446300000000000141e-02 2.055664000000000158e+00 8.544920000000000293e-01 2.578125000000000000e+00 2.465819999999999901e+00
7.324200000000000155e-02 2.055664000000000158e+00 8.508299999999999752e-01 2.579346000000000139e+00 2.436523000000000216e+00
7.324200000000000155e-02 2.055664000000000158e+00 8.508299999999999752e-01 2.578125000000000000e+00 2.446289000000000158e+00
7.324200000000000155e-02 2.055664000000000158e+00 8.508299999999999752e-01 2.583007999999999971e+00 2.457275000000000098e+00
7.324200000000000155e-02 2.055664000000000158e+00 8.544920000000000293e-01 2.583007999999999971e+00 2.452392999999999823e+00
7.324200000000000155e-02 2.055664000000000158e+00 8.557129999999999459e-01 2.583007999999999971e+00 2.468262000000000178e+00
7.324200000000000155e-02 2.055664000000000158e+00 8.642579999999999707e-01 2.583007999999999971e+00 2.475585999999999842e+00
7.324200000000000155e-02 2.055664000000000158e+00 8.703610000000000513e-01 2.583007999999999971e+00 2.475585999999999842e+00
7.324200000000000155e-02 2.059325999999999990e+00 8.801269999999999927e-01 2.584229000000000109e+00 2.446289000000000158e+00
7.324200000000000155e-02 2.065430000000000099e+00 8.935549999999999882e-01 2.592773000000000216e+00 2.448729999999999851e+00
7.324200000000000155e-02 2.066650000000000098e+00 9.045410000000000394e-01 2.592773000000000216e+00 2.469482000000000177e+00
7.324200000000000155e-02 2.075194999999999901e+00 9.228520000000000056e-01 2.593993999999999911e+00 2.447509999999999852e+00
7.446300000000000141e-02 2.077637000000000178e+00 9.338379999999999459e-01 2.602539000000000158e+00 2.456055000000000099e+00
7.446300000000000141e-02 2.084960999999999842e+00 9.436039999999999983e-01 2.602539000000000158e+00 2.467041000000000039e+00
7.446300000000000141e-02 2.094726999999999784e+00 9.558109999999999662e-01 2.612305000000000099e+00 2.475585999999999842e+00
7.446300000000000141e-02 2.097167999999999921e+00 9.667970000000000175e-01 2.612305000000000099e+00 2.475585999999999842e+00
7.568400000000000127e-02 2.104492000000000029e+00 9.814450000000000118e-01 2.615966999999999931e+00 2.456055000000000099e+00
7.568400000000000127e-02 2.114257999999999971e+00 9.924319999999999808e-01 2.622069999999999901e+00 2.465819999999999901e+00
7.690400000000000014e-02 2.124023000000000216e+00 1.004639000000000060e+00 2.622069999999999901e+00 2.485351999999999784e+00
7.690400000000000014e-02 2.133789000000000158e+00 1.020507999999999971e+00 2.631835999999999842e+00 2.495117000000000029e+00
7.690400000000000014e-02 2.143555000000000099e+00 1.030272999999999994e+00 2.641601999999999784e+00 2.495117000000000029e+00
7.690400000000000014e-02 2.153319999999999901e+00 1.040038999999999936e+00 2.642821999999999782e+00 2.468262000000000178e+00
7.812500000000000000e-02 2.163085999999999842e+00 1.044921999999999906e+00 2.651367000000000029e+00 2.495117000000000029e+00
7.690400000000000014e-02 2.172851999999999784e+00 1.053466999999999931e+00 2.656250000000000000e+00 2.506104000000000109e+00
7.812500000000000000e-02 2.182617000000000029e+00 1.059569999999999901e+00 2.661132999999999971e+00 2.504882999999999971e+00
7.812500000000000000e-02 2.192382999999999971e+00 1.069336000000000064e+00 2.670898000000000216e+00 2.506104000000000109e+00
7.812500000000000000e-02 2.202148000000000216e+00 1.072997999999999896e+00 2.670898000000000216e+00 2.514648000000000216e+00
7.934599999999999986e-02 2.211914000000000158e+00 1.079102000000000006e+00 2.680664000000000158e+00 2.517090000000000050e+00
7.934599999999999986e-02 2.221680000000000099e+00 1.082764000000000060e+00 2.690430000000000099e+00 2.536620999999999793e+00
7.934599999999999986e-02 2.226563000000000070e+00 1.088867000000000029e+00 2.691650000000000098e+00 2.515868999999999911e+00
8.056599999999999873e-02 2.235107000000000177e+00 1.092529000000000083e+00 2.700194999999999901e+00 2.517090000000000050e+00
8.056599999999999873e-02 2.244873000000000118e+00 1.098632999999999971e+00 2.703857000000000177e+00 2.514648000000000216e+00
8.056599999999999873e-02 2.254639000000000060e+00 1.108397999999999994e+00 2.709960999999999842e+00 2.524414000000000158e+00
8.300799999999999845e-02 2.265625000000000000e+00 1.110840000000000050e+00 2.720946999999999782e+00 2.506104000000000109e+00
8.178699999999999859e-02 2.275390999999999941e+00 1.118163999999999936e+00 2.729492000000000029e+00 2.524414000000000158e+00
8.178699999999999859e-02 2.275390999999999941e+00 1.118163999999999936e+00 2.729492000000000029e+00 2.524414000000000158e+00
8.300799999999999845e-02 2.285156000000000187e+00 1.120605000000000073e+00 2.730713000000000168e+00 2.514648000000000216e+00
8.300799999999999845e-02 2.302245999999999793e+00 1.132813000000000070e+00 2.749023000000000216e+00 2.546387000000000178e+00
8.422899999999999832e-02 2.310791000000000039e+00 1.138916000000000039e+00 2.750243999999999911e+00 2.547607000000000177e+00
8.422899999999999832e-02 2.320556999999999981e+00 1.142578000000000094e+00 2.758789000000000158e+00 2.563476999999999784e+00
8.422899999999999832e-02 2.329101999999999784e+00 1.147461000000000064e+00 2.768555000000000099e+00 2.573242000000000029e+00
8.422899999999999832e-02 2.343750000000000000e+00 1.147461000000000064e+00 2.769775000000000098e+00 2.543944999999999901e+00
8.544899999999999718e-02 2.348632999999999971e+00 1.148681999999999981e+00 2.778319999999999901e+00 2.563476999999999784e+00
8.544899999999999718e-02 2.358398000000000216e+00 1.148681999999999981e+00 2.780762000000000178e+00 2.583007999999999971e+00
8.544899999999999718e-02 2.363281000000000187e+00 1.147461000000000064e+00 2.788085999999999842e+00 2.584229000000000109e+00
8.544899999999999718e-02 2.368164000000000158e+00 1.147461000000000064e+00 2.797851999999999784e+00 2.585449000000000108e+00
8.544899999999999718e-02 2.379150000000000098e+00 1.138916000000000039e+00 2.801514000000000060e+00 2.583007999999999971e+00
8.544899999999999718e-02 2.377930000000000099e+00 1.137694999999999901e+00 2.807617000000000029e+00 2.586669999999999803e+00
8.544899999999999718e-02 2.377930000000000099e+00 1.137694999999999901e+00 2.807617000000000029e+00 2.586669999999999803e+00
8.544899999999999718e-02 2.387694999999999901e+00 1.131591999999999931e+00 2.808838000000000168e+00 2.583007999999999971e+00
8.666999999999999704e-02 2.387694999999999901e+00 1.127930000000000099e+00 2.811278999999999861e+00 2.563476999999999784e+00
8.544899999999999718e-02 2.391357000000000177e+00 1.124268000000000045e+00 2.817382999999999971e+00 2.585449000000000108e+00
8.544899999999999718e-02 2.397460999999999842e+00 1.118163999999999936e+00 2.819824000000000108e+00 2.612305000000000099e+00
8.544899999999999718e-02 2.397460999999999842e+00 1.113280999999999965e+00 2.821044999999999803e+00 2.584229000000000109e+00
8.544899999999999718e-02 2.398681999999999981e+00 1.109618999999999911e+00 2.827148000000000216e+00 2.596436000000000188e+00
8.544899999999999718e-02 2.403563999999999812e+00 1.108397999999999994e+00 2.832031000000000187e+00 2.614745999999999793e+00
8.544899999999999718e-02 2.407226999999999784e+00 1.099854000000000109e+00 2.836914000000000158e+00 2.635498000000000118e+00
8.544899999999999718e-02 2.401123000000000118e+00 1.098632999999999971e+00 2.838134999999999852e+00 2.604979999999999851e+00
8.544899999999999718e-02 2.407226999999999784e+00 1.094970999999999917e+00 2.838134999999999852e+00 2.602539000000000158e+00
8.544899999999999718e-02 2.407226999999999784e+00 1.093750000000000000e+00 2.846680000000000099e+00 2.613525000000000098e+00
8.422899999999999832e-02 2.408446999999999782e+00 1.088867000000000029e+00 2.846680000000000099e+00 2.622069999999999901e+00
8.544899999999999718e-02 2.409667999999999921e+00 1.088867000000000029e+00 2.846680000000000099e+00 2.623291000000000039e+00
8.544899999999999718e-02 2.409667999999999921e+00 1.088867000000000029e+00 2.849120999999999793e+00 2.631835999999999842e+00
8.544899999999999718e-02 2.409667999999999921e+00 1.088867000000000029e+00 2.847900000000000098e+00 2.602539000000000158e+00
8.544899999999999718e-02 2.416992000000000029e+00 1.088867000000000029e+00 2.856444999999999901e+00 2.612305000000000099e+00
8.544899999999999718e-02 2.416992000000000029e+00 1.091309000000000085e+00 2.858887000000000178e+00 2.631835999999999842e+00
8.422899999999999832e-02 2.416992000000000029e+00 1.093750000000000000e+00 2.857666000000000039e+00 2.598876999999999882e+00
8.422899999999999832e-02 2.416992000000000029e+00 1.098632999999999971e+00 2.857666000000000039e+00 2.602539000000000158e+00
8.422899999999999832e-02 2.416992000000000029e+00 1.099854000000000109e+00 2.866210999999999842e+00 2.622069999999999901e+00
8.422899999999999832e-02 2.426757999999999971e+00 1.103515999999999941e+00 2.866210999999999842e+00 2.634276999999999980e+00
8.422899999999999832e-02 2.426757999999999971e+00 1.109618999999999911e+00 2.875976999999999784e+00 2.651367000000000029e+00
8.422899999999999832e-02 2.426757999999999971e+00 1.109618999999999911e+00 2.875976999999999784e+00 2.650145999999999891e+00
8.422899999999999832e-02 2.426757999999999971e+00 1.118163999999999936e+00 2.875976999999999784e+00 2.662354000000000109e+00
8.544899999999999718e-02 2.436523000000000216e+00 1.127930000000000099e+00 2.878417999999999921e+00 2.652588000000000168e+00
8.544899999999999718e-02 2.438965000000000050e+00 1.138916000000000039e+00 2.879639000000000060e+00 2.623291000000000039e+00
8.544899999999999718e-02 2.441406000000000187e+00 1.157227000000000006e+00 2.885742000000000029e+00 2.633056999999999981e+00
8.666999999999999704e-02 2.446289000000000158e+00 1.176757999999999971e+00 2.895507999999999971e+00 2.641601999999999784e+00
8.666999999999999704e-02 2.457275000000000098e+00 1.197510000000000074e+00 2.895507999999999971e+00 2.661132999999999971e+00
8.789099999999999691e-02 2.459716999999999931e+00 1.229247999999999896e+00 2.896729000000000109e+00 2.633056999999999981e+00
8.789099999999999691e-02 2.475585999999999842e+00 1.268310999999999966e+00 2.905273000000000216e+00 2.651367000000000029e+00
8.911099999999999577e-02 2.495117000000000029e+00 1.313477000000000006e+00 2.917479999999999851e+00 2.662354000000000109e+00
9.155299999999999550e-02 2.508544999999999803e+00 1.362305000000000099e+00 2.924805000000000099e+00 2.670898000000000216e+00
9.277299999999999436e-02 2.534180000000000099e+00 1.411132999999999971e+00 2.935791000000000039e+00 2.653808999999999862e+00
9.399399999999999422e-02 2.553710999999999842e+00 1.459961000000000064e+00 2.954101999999999784e+00 2.690430000000000099e+00
9.643599999999999395e-02 2.585449000000000108e+00 1.500243999999999911e+00 2.965088000000000168e+00 2.675781000000000187e+00
9.887700000000000655e-02 2.603759999999999852e+00 1.533203000000000094e+00 2.983398000000000216e+00 2.714843999999999813e+00
1.000980000000000064e-01 2.631835999999999842e+00 1.558837999999999946e+00 2.995604999999999851e+00 2.739257999999999971e+00
1.025390000000000051e-01 2.661132999999999971e+00 1.577147999999999994e+00 3.006591999999999931e+00 2.709960999999999842e+00
1.037600000000000050e-01 2.680664000000000158e+00 1.596680000000000099e+00 3.027343999999999813e+00 2.723389000000000060e+00
1.049800000000000039e-01 2.703857000000000177e+00 1.616211000000000064e+00 3.041992000000000029e+00 2.753906000000000187e+00
1.074220000000000036e-01 2.729492000000000029e+00 1.635742000000000029e+00 3.055419999999999803e+00 2.749023000000000216e+00
1.086430000000000035e-01 2.751465000000000050e+00 1.649170000000000025e+00 3.074950999999999990e+00 2.739257999999999971e+00
1.110840000000000022e-01 2.778319999999999901e+00 1.665038999999999936e+00 3.090819999999999901e+00 2.758789000000000158e+00
1.123050000000000020e-01 2.797851999999999784e+00 1.674805000000000099e+00 3.103026999999999980e+00 2.779541000000000039e+00
1.147460000000000008e-01 2.817382999999999971e+00 1.684569999999999901e+00 3.120117000000000029e+00 2.790526999999999980e+00
1.159670000000000006e-01 2.849120999999999793e+00 1.688231999999999955e+00 3.149414000000000158e+00 2.827148000000000216e+00
1.171880000000000005e-01 2.866210999999999842e+00 1.694336000000000064e+00 3.160400000000000098e+00 2.807617000000000029e+00
1.184079999999999994e-01 2.885742000000000029e+00 1.694336000000000064e+00 3.178710999999999842e+00 2.821044999999999803e+00
1.184079999999999994e-01 2.895507999999999971e+00 1.695556999999999981e+00 3.188476999999999784e+00 2.846680000000000099e+00
1.208499999999999991e-01 2.908936000000000188e+00 1.694336000000000064e+00 3.198242000000000029e+00 2.856444999999999901e+00
1.220699999999999980e-01 2.917479999999999851e+00 1.689453000000000094e+00 3.208007999999999971e+00 2.856444999999999901e+00
1.220699999999999980e-01 2.927245999999999793e+00 1.685791000000000039e+00 3.217773000000000216e+00 2.871093999999999813e+00
1.220699999999999980e-01 2.934569999999999901e+00 1.684569999999999901e+00 3.227539000000000158e+00 2.885742000000000029e+00
1.232909999999999978e-01 2.944335999999999842e+00 1.674805000000000099e+00 3.237305000000000099e+00 2.886963000000000168e+00
1.232909999999999978e-01 2.954101999999999784e+00 1.660155999999999965e+00 3.240966999999999931e+00 2.857666000000000039e+00
1.232909999999999978e-01 2.954101999999999784e+00 1.645507999999999971e+00 3.249512000000000178e+00 2.867431999999999981e+00
1.232909999999999978e-01 2.957764000000000060e+00 1.629639000000000060e+00 3.256835999999999842e+00 2.885742000000000029e+00
1.232909999999999978e-01 2.957764000000000060e+00 1.616211000000000064e+00 3.266601999999999784e+00 2.895507999999999971e+00
1.232909999999999978e-01 2.957764000000000060e+00 1.616211000000000064e+00 3.266601999999999784e+00 2.895507999999999971e+00
1.232909999999999978e-01 2.963867000000000029e+00 1.606444999999999901e+00 3.269042999999999921e+00 2.905273000000000216e+00
1.232909999999999978e-01 2.963867000000000029e+00 1.588135000000000074e+00 3.276367000000000029e+00 2.907715000000000050e+00
1.232909999999999978e-01 2.963867000000000029e+00 1.578368999999999911e+00 3.277588000000000168e+00 2.897949000000000108e+00
1.232909999999999978e-01 2.963867000000000029e+00 1.568604000000000109e+00 3.281250000000000000e+00 2.915039000000000158e+00
1.220699999999999980e-01 2.963867000000000029e+00 1.562500000000000000e+00 3.286132999999999971e+00 2.915039000000000158e+00
1.220699999999999980e-01 2.957764000000000060e+00 1.557617000000000029e+00 3.286132999999999971e+00 2.915039000000000158e+00
1.220699999999999980e-01 2.955321999999999782e+00 1.547852000000000006e+00 3.286132999999999971e+00 2.915039000000000158e+00
1.232909999999999978e-01 2.954101999999999784e+00 1.539306999999999981e+00 3.288574000000000108e+00 2.924805000000000099e+00
1.220699999999999980e-01 2.954101999999999784e+00 1.538086000000000064e+00 3.291015999999999941e+00 2.916259999999999852e+00
1.220699999999999980e-01 2.954101999999999784e+00 1.529541000000000039e+00 3.297118999999999911e+00 2.895507999999999971e+00
1.220699999999999980e-01 2.949218999999999813e+00 1.528319999999999901e+00 3.295898000000000216e+00 2.905273000000000216e+00
1.220699999999999980e-01 2.945556999999999981e+00 1.528319999999999901e+00 3.295898000000000216e+00 2.919922000000000128e+00
1.208499999999999991e-01 2.944335999999999842e+00 1.522216999999999931e+00 3.295898000000000216e+00 2.937012000000000178e+00
1.208499999999999991e-01 2.939452999999999872e+00 1.519775000000000098e+00 3.297118999999999911e+00 2.916259999999999852e+00
1.196289999999999992e-01 2.938232000000000177e+00 1.518555000000000099e+00 3.300781000000000187e+00 2.915039000000000158e+00
1.208499999999999991e-01 2.934569999999999901e+00 1.510010000000000074e+00 3.305664000000000158e+00 2.924805000000000099e+00
1.196289999999999992e-01 2.934569999999999901e+00 1.508788999999999936e+00 3.305664000000000158e+00 2.924805000000000099e+00
1.196289999999999992e-01 2.934569999999999901e+00 1.499022999999999994e+00 3.305664000000000158e+00 2.927245999999999793e+00
1.196289999999999992e-01 2.927245999999999793e+00 1.489257999999999971e+00 3.305664000000000158e+00 2.937012000000000178e+00
1.171880000000000005e-01 2.924805000000000099e+00 1.470947000000000005e+00 3.305664000000000158e+00 2.935791000000000039e+00
1.171880000000000005e-01 2.915039000000000158e+00 1.459961000000000064e+00 3.305664000000000158e+00 2.924805000000000099e+00
1.171880000000000005e-01 2.915039000000000158e+00 1.444091999999999931e+00 3.305664000000000158e+00 2.928466999999999931e+00
1.159670000000000006e-01 2.906493999999999911e+00 1.433105000000000073e+00 3.298340000000000050e+00 2.934569999999999901e+00
1.159670000000000006e-01 2.897949000000000108e+00 1.420897999999999994e+00 3.295898000000000216e+00 2.928466999999999931e+00
1.147460000000000008e-01 2.896729000000000109e+00 1.406250000000000000e+00 3.295898000000000216e+00 2.934569999999999901e+00
1.147460000000000008e-01 2.895507999999999971e+00 1.391602000000000006e+00 3.289794999999999803e+00 2.905273000000000216e+00
1.135250000000000009e-01 2.885742000000000029e+00 1.375731999999999955e+00 3.286132999999999971e+00 2.905273000000000216e+00
1.123050000000000020e-01 2.875976999999999784e+00 1.362305000000000099e+00 3.286132999999999971e+00 2.911376999999999882e+00
1.123050000000000020e-01 2.871093999999999813e+00 1.352538999999999936e+00 3.286132999999999971e+00 2.924805000000000099e+00
1.110840000000000022e-01 2.866210999999999842e+00 1.333007999999999971e+00 3.281250000000000000e+00 2.916259999999999852e+00
1.098630000000000023e-01 2.856444999999999901e+00 1.317139000000000060e+00 3.276367000000000029e+00 2.918700999999999990e+00
1.098630000000000023e-01 2.846680000000000099e+00 1.308594000000000035e+00 3.270264000000000060e+00 2.891846000000000139e+00
1.086430000000000035e-01 2.838134999999999852e+00 1.295166000000000039e+00 3.269042999999999921e+00 2.906493999999999911e+00
1.086430000000000035e-01 2.829590000000000050e+00 1.287841999999999931e+00 3.266601999999999784e+00 2.905273000000000216e+00
1.074220000000000036e-01 2.828368999999999911e+00 1.280518000000000045e+00 3.259276999999999980e+00 2.906493999999999911e+00
1.062010000000000037e-01 2.807617000000000029e+00 1.270752000000000104e+00 3.249512000000000178e+00 2.899169999999999803e+00
1.049800000000000039e-01 2.801514000000000060e+00 1.265868999999999911e+00 3.240966999999999931e+00 2.885742000000000029e+00
1.049800000000000039e-01 2.797851999999999784e+00 1.264647999999999994e+00 3.247069999999999901e+00 2.875976999999999784e+00
1.049800000000000039e-01 2.797851999999999784e+00 1.264647999999999994e+00 3.247069999999999901e+00 2.875976999999999784e+00
1.037600000000000050e-01 2.781982000000000177e+00 1.259765999999999941e+00 3.238525000000000098e+00 2.857666000000000039e+00
1.037600000000000050e-01 2.779541000000000039e+00 1.256104000000000109e+00 3.237305000000000099e+00 2.869873000000000118e+00
1.025390000000000051e-01 2.778319999999999901e+00 1.254882999999999971e+00 3.228759999999999852e+00 2.857666000000000039e+00
1.025390000000000051e-01 2.768555000000000099e+00 1.250000000000000000e+00 3.228759999999999852e+00 2.836914000000000158e+00
1.025390000000000051e-01 2.761229999999999851e+00 1.246337999999999946e+00 3.227539000000000158e+00 2.858887000000000178e+00
1.025390000000000051e-01 2.752686000000000188e+00 1.245117000000000029e+00 3.217773000000000216e+00 2.878417999999999921e+00
1.000980000000000064e-01 2.749023000000000216e+00 1.239014000000000060e+00 3.217773000000000216e+00 2.895507999999999971e+00
1.000980000000000064e-01 2.740479000000000109e+00 1.236572000000000005e+00 3.217773000000000216e+00 2.885742000000000029e+00
1.000980000000000064e-01 2.739257999999999971e+00 1.237792999999999921e+00 3.208007999999999971e+00 2.875976999999999784e+00
9.887700000000000655e-02 2.734375000000000000e+00 1.239014000000000060e+00 3.210449000000000108e+00 2.875976999999999784e+00
9.887700000000000655e-02 2.724609000000000059e+00 1.245117000000000029e+00 3.208007999999999971e+00 2.867431999999999981e+00
9.887700000000000655e-02 2.720946999999999782e+00 1.245117000000000029e+00 3.199463000000000168e+00 2.839354999999999851e+00
9.765600000000000669e-02 2.719726999999999784e+00 1.246337999999999946e+00 3.198242000000000029e+00 2.860107000000000177e+00
9.765600000000000669e-02 2.711181999999999981e+00 1.247559000000000085e+00 3.189696999999999782e+00 2.840575999999999990e+00
9.765600000000000669e-02 2.711181999999999981e+00 1.247559000000000085e+00 3.189696999999999782e+00 2.840575999999999990e+00
9.643599999999999395e-02 2.709960999999999842e+00 1.250000000000000000e+00 3.190917999999999921e+00 2.856444999999999901e+00
9.765600000000000669e-02 2.701416000000000039e+00 1.250000000000000000e+00 3.188476999999999784e+00 2.856444999999999901e+00
9.765600000000000669e-02 2.700194999999999901e+00 1.254882999999999971e+00 3.188476999999999784e+00 2.856444999999999901e+00
9.765600000000000669e-02 2.694091999999999931e+00 1.254882999999999971e+00 3.178710999999999842e+00 2.856444999999999901e+00
9.643599999999999395e-02 2.692870999999999793e+00 1.254882999999999971e+00 3.181151999999999980e+00 2.856444999999999901e+00
9.643599999999999395e-02 2.690430000000000099e+00 1.254882999999999971e+00 3.178710999999999842e+00 2.850341999999999931e+00
9.643599999999999395e-02 2.690430000000000099e+00 1.254882999999999971e+00 3.171387000000000178e+00 2.856444999999999901e+00
9.643599999999999395e-02 2.681884999999999852e+00 1.254882999999999971e+00 3.171387000000000178e+00 2.850341999999999931e+00
9.521499999999999408e-02 2.680664000000000158e+00 1.254882999999999971e+00 3.168944999999999901e+00 2.856444999999999901e+00
9.399399999999999422e-02 2.680664000000000158e+00 1.250000000000000000e+00 3.168944999999999901e+00 2.849120999999999793e+00
9.399399999999999422e-02 2.672118999999999911e+00 1.248779000000000083e+00 3.168944999999999901e+00 2.857666000000000039e+00
9.521499999999999408e-02 2.670898000000000216e+00 1.245117000000000029e+00 3.160400000000000098e+00 2.818604000000000109e+00
9.399399999999999422e-02 2.662354000000000109e+00 1.245117000000000029e+00 3.159180000000000099e+00 2.827148000000000216e+00
9.399399999999999422e-02 2.661132999999999971e+00 1.235352000000000006e+00 3.159180000000000099e+00 2.836914000000000158e+00
9.277299999999999436e-02 2.655028999999999861e+00 1.226806999999999981e+00 3.159180000000000099e+00 2.838134999999999852e+00
9.399399999999999422e-02 2.651367000000000029e+00 1.225586000000000064e+00 3.151854999999999851e+00 2.836914000000000158e+00
9.399399999999999422e-02 2.651367000000000029e+00 1.215819999999999901e+00 3.149414000000000158e+00 2.829590000000000050e+00
9.277299999999999436e-02 2.642821999999999782e+00 1.206055000000000099e+00 3.149414000000000158e+00 2.846680000000000099e+00
9.277299999999999436e-02 2.635498000000000118e+00 1.197510000000000074e+00 3.139648000000000216e+00 2.836914000000000158e+00
9.277299999999999436e-02 2.631835999999999842e+00 1.186522999999999994e+00 3.139648000000000216e+00 2.832031000000000187e+00
9.277299999999999436e-02 2.625732000000000177e+00 1.179199000000000108e+00 3.133544999999999803e+00 2.817382999999999971e+00
9.155299999999999550e-02 2.622069999999999901e+00 1.171875000000000000e+00 3.129882999999999971e+00 2.811278999999999861e+00
9.277299999999999436e-02 2.615966999999999931e+00 1.166992000000000029e+00 3.139648000000000216e+00 2.827148000000000216e+00
9.033199999999999563e-02 2.612305000000000099e+00 1.162109000000000059e+00 3.129882999999999971e+00 2.818604000000000109e+00
8.911099999999999577e-02 2.602539000000000158e+00 1.159667999999999921e+00 3.120117000000000029e+00 2.827148000000000216e+00
8.911099999999999577e-02 2.593993999999999911e+00 1.160889000000000060e+00 3.112792999999999921e+00 2.827148000000000216e+00
8.911099999999999577e-02 2.592773000000000216e+00 1.166992000000000029e+00 3.110351999999999784e+00 2.817382999999999971e+00
8.911099999999999577e-02 2.585449000000000108e+00 1.171875000000000000e+00 3.110351999999999784e+00 2.808838000000000168e+00
8.911099999999999577e-02 2.583007999999999971e+00 1.176757999999999971e+00 3.110351999999999784e+00 2.807617000000000029e+00
8.911099999999999577e-02 2.583007999999999971e+00 1.186522999999999994e+00 3.103026999999999980e+00 2.808838000000000168e+00
8.911099999999999577e-02 2.583007999999999971e+00 1.187743999999999911e+00 3.103026999999999980e+00 2.810058999999999862e+00
8.911099999999999577e-02 2.578125000000000000e+00 1.197510000000000074e+00 3.094482000000000177e+00 2.788085999999999842e+00
8.911099999999999577e-02 2.578125000000000000e+00 1.197510000000000074e+00 3.094482000000000177e+00 2.788085999999999842e+00
8.911099999999999577e-02 2.578125000000000000e+00 1.206055000000000099e+00 3.100585999999999842e+00 2.788085999999999842e+00
8.789099999999999691e-02 2.573242000000000029e+00 1.206055000000000099e+00 3.093262000000000178e+00 2.797851999999999784e+00
8.911099999999999577e-02 2.573242000000000029e+00 1.209716999999999931e+00 3.092041000000000039e+00 2.778319999999999901e+00
8.911099999999999577e-02 2.574463000000000168e+00 1.215819999999999901e+00 3.090819999999999901e+00 2.780762000000000178e+00
8.789099999999999691e-02 2.573242000000000029e+00 1.219481999999999955e+00 3.090819999999999901e+00 2.807617000000000029e+00
8.911099999999999577e-02 2.575683999999999862e+00 1.226806999999999981e+00 3.090819999999999901e+00 2.799071999999999782e+00
8.911099999999999577e-02 2.573242000000000029e+00 1.230469000000000035e+00 3.089599999999999902e+00 2.770995999999999793e+00
8.789099999999999691e-02 2.573242000000000029e+00 1.236572000000000005e+00 3.090819999999999901e+00 2.791748000000000118e+00
8.911099999999999577e-02 2.573242000000000029e+00 1.245117000000000029e+00 3.084716999999999931e+00 2.779541000000000039e+00
8.911099999999999577e-02 2.574463000000000168e+00 1.246337999999999946e+00 3.087158000000000069e+00 2.753906000000000187e+00
8.911099999999999577e-02 2.575683999999999862e+00 1.254882999999999971e+00 3.084716999999999931e+00 2.761229999999999851e+00
8.911099999999999577e-02 2.578125000000000000e+00 1.254882999999999971e+00 3.090819999999999901e+00 2.780762000000000178e+00
8.911099999999999577e-02 2.583007999999999971e+00 1.264647999999999994e+00 3.090819999999999901e+00 2.799071999999999782e+00
8.789099999999999691e-02 2.583007999999999971e+00 1.265868999999999911e+00 3.090819999999999901e+00 2.797851999999999784e+00
8.911099999999999577e-02 2.583007999999999971e+00 1.269530999999999965e+00 3.090819999999999901e+00 2.797851999999999784e+00
8.911099999999999577e-02 2.585449000000000108e+00 1.275635000000000074e+00 3.090819999999999901e+00 2.797851999999999784e+00
9.033199999999999563e-02 2.592773000000000216e+00 1.285400000000000098e+00 3.090819999999999901e+00 2.799071999999999782e+00
8.911099999999999577e-02 2.592773000000000216e+00 1.303711000000000064e+00 3.090819999999999901e+00 2.797851999999999784e+00
9.155299999999999550e-02 2.602539000000000158e+00 1.323242000000000029e+00 3.100585999999999842e+00 2.797851999999999784e+00
9.155299999999999550e-02 2.603759999999999852e+00 1.342772999999999994e+00 3.093262000000000178e+00 2.800292999999999921e+00
9.155299999999999550e-02 2.612305000000000099e+00 1.363525000000000098e+00 3.100585999999999842e+00 2.817382999999999971e+00
9.277299999999999436e-02 2.622069999999999901e+00 1.391602000000000006e+00 3.100585999999999842e+00 2.808838000000000168e+00
9.277299999999999436e-02 2.625732000000000177e+00 1.411132999999999971e+00 3.105468999999999813e+00 2.807617000000000029e+00
9.399399999999999422e-02 2.642821999999999782e+00 1.430663999999999936e+00 3.110351999999999784e+00 2.808838000000000168e+00
9.399399999999999422e-02 2.651367000000000029e+00 1.444091999999999931e+00 3.112792999999999921e+00 2.811278999999999861e+00
9.643599999999999395e-02 2.661132999999999971e+00 1.459961000000000064e+00 3.120117000000000029e+00 2.821044999999999803e+00
9.643599999999999395e-02 2.670898000000000216e+00 1.479492000000000029e+00 3.129882999999999971e+00 2.827148000000000216e+00
9.765600000000000669e-02 2.680664000000000158e+00 1.489257999999999971e+00 3.129882999999999971e+00 2.821044999999999803e+00
9.887700000000000655e-02 2.691650000000000098e+00 1.499022999999999994e+00 3.139648000000000216e+00 2.832031000000000187e+00
9.887700000000000655e-02 2.709960999999999842e+00 1.505127000000000104e+00 3.139648000000000216e+00 2.846680000000000099e+00
9.887700000000000655e-02 2.709960999999999842e+00 1.508788999999999936e+00 3.149414000000000158e+00 2.841797000000000128e+00
1.013180000000000053e-01 2.729492000000000029e+00 1.500243999999999911e+00 3.159180000000000099e+00 2.833251999999999882e+00
1.013180000000000053e-01 2.739257999999999971e+00 1.495360999999999940e+00 3.159180000000000099e+00 2.850341999999999931e+00
1.025390000000000051e-01 2.741699000000000108e+00 1.484375000000000000e+00 3.168944999999999901e+00 2.850341999999999931e+00
1.025390000000000051e-01 2.749023000000000216e+00 1.474609000000000059e+00 3.168944999999999901e+00 2.856444999999999901e+00
1.025390000000000051e-01 2.749023000000000216e+00 1.461181999999999981e+00 3.168944999999999901e+00 2.856444999999999901e+00
1.025390000000000051e-01 2.752686000000000188e+00 1.451416000000000039e+00 3.172607000000000177e+00 2.829590000000000050e+00
1.025390000000000051e-01 2.758789000000000158e+00 1.440430000000000099e+00 3.178710999999999842e+00 2.846680000000000099e+00
1.025390000000000051e-01 2.758789000000000158e+00 1.440430000000000099e+00 3.178710999999999842e+00 2.851563000000000070e+00
1.025390000000000051e-01 2.763672000000000128e+00 1.433105000000000073e+00 3.178710999999999842e+00 2.866210999999999842e+00
1.025390000000000051e-01 2.761229999999999851e+00 1.434325999999999990e+00 3.178710999999999842e+00 2.866210999999999842e+00
1.025390000000000051e-01 2.762450999999999990e+00 1.440430000000000099e+00 3.179931999999999981e+00 2.836914000000000158e+00
1.037600000000000050e-01 2.768555000000000099e+00 1.444091999999999931e+00 3.188476999999999784e+00 2.846680000000000099e+00
1.037600000000000050e-01 2.768555000000000099e+00 1.451416000000000039e+00 3.187256000000000089e+00 2.829590000000000050e+00
1.037600000000000050e-01 2.772216999999999931e+00 1.461181999999999981e+00 3.188476999999999784e+00 2.856444999999999901e+00
1.037600000000000050e-01 2.778319999999999901e+00 1.470947000000000005e+00 3.189696999999999782e+00 2.838134999999999852e+00
1.037600000000000050e-01 2.781982000000000177e+00 1.479492000000000029e+00 3.198242000000000029e+00 2.840575999999999990e+00
1.049800000000000039e-01 2.789306999999999981e+00 1.484375000000000000e+00 3.198242000000000029e+00 2.866210999999999842e+00
1.049800000000000039e-01 2.789306999999999981e+00 1.489257999999999971e+00 3.203125000000000000e+00 2.866210999999999842e+00
1.049800000000000039e-01 2.792968999999999813e+00 1.489257999999999971e+00 3.208007999999999971e+00 2.869873000000000118e+00
1.062010000000000037e-01 2.797851999999999784e+00 1.490479000000000109e+00 3.217773000000000216e+00 2.878417999999999921e+00
1.062010000000000037e-01 2.797851999999999784e+00 1.489257999999999971e+00 3.209229000000000109e+00 2.857666000000000039e+00
1.062010000000000037e-01 2.801514000000000060e+00 1.489257999999999971e+00 3.208007999999999971e+00 2.857666000000000039e+00
1.062010000000000037e-01 2.807617000000000029e+00 1.489257999999999971e+00 3.217773000000000216e+00 2.866210999999999842e+00
1.062010000000000037e-01 2.807617000000000029e+00 1.489257999999999971e+00 3.217773000000000216e+00 2.871093999999999813e+00
1.074220000000000036e-01 2.808838000000000168e+00 1.489257999999999971e+00 3.217773000000000216e+00 2.885742000000000029e+00
1.062010000000000037e-01 2.812500000000000000e+00 1.489257999999999971e+00 3.218993999999999911e+00 2.856444999999999901e+00
1.062010000000000037e-01 2.819824000000000108e+00 1.489257999999999971e+00 3.220215000000000050e+00 2.866210999999999842e+00
1.074220000000000036e-01 2.817382999999999971e+00 1.489257999999999971e+00 3.227539000000000158e+00 2.875976999999999784e+00
1.074220000000000036e-01 2.817382999999999971e+00 1.490479000000000109e+00 3.227539000000000158e+00 2.885742000000000029e+00
1.074220000000000036e-01 2.819824000000000108e+00 1.495360999999999940e+00 3.228759999999999852e+00 2.860107000000000177e+00
1.074220000000000036e-01 2.832031000000000187e+00 1.502685999999999966e+00 3.228759999999999852e+00 2.856444999999999901e+00
1.074220000000000036e-01 2.827148000000000216e+00 1.512450999999999990e+00 3.231200999999999990e+00 2.846680000000000099e+00
1.086430000000000035e-01 2.830811000000000188e+00 1.523438000000000070e+00 3.237305000000000099e+00 2.860107000000000177e+00
1.086430000000000035e-01 2.838134999999999852e+00 1.538086000000000064e+00 3.237305000000000099e+00 2.886963000000000168e+00
1.086430000000000035e-01 2.840575999999999990e+00 1.549072000000000005e+00 3.238525000000000098e+00 2.867431999999999981e+00
1.098630000000000023e-01 2.847900000000000098e+00 1.562500000000000000e+00 3.247069999999999901e+00 2.867431999999999981e+00
1.098630000000000023e-01 2.856444999999999901e+00 1.577147999999999994e+00 3.247069999999999901e+00 2.878417999999999921e+00
1.110840000000000022e-01 2.866210999999999842e+00 1.586913999999999936e+00 3.250732000000000177e+00 2.875976999999999784e+00
1.110840000000000022e-01 2.875976999999999784e+00 1.591796999999999906e+00 3.256835999999999842e+00 2.885742000000000029e+00
1.123050000000000020e-01 2.875976999999999784e+00 1.596680000000000099e+00 3.266601999999999784e+00 2.895507999999999971e+00
1.123050000000000020e-01 2.879639000000000060e+00 1.596680000000000099e+00 3.266601999999999784e+00 2.910156000000000187e+00
1.123050000000000020e-01 2.885742000000000029e+00 1.597900000000000098e+00 3.266601999999999784e+00 2.924805000000000099e+00
1.135250000000000009e-01 2.886963000000000168e+00 1.586913999999999936e+00 3.267821999999999782e+00 2.886963000000000168e+00
1.135250000000000009e-01 2.890625000000000000e+00 1.577147999999999994e+00 3.269042999999999921e+00 2.895507999999999971e+00
1.123050000000000020e-01 2.895507999999999971e+00 1.567382999999999971e+00 3.276367000000000029e+00 2.905273000000000216e+00
1.135250000000000009e-01 2.895507999999999971e+00 1.557617000000000029e+00 3.276367000000000029e+00 2.910156000000000187e+00
1.135250000000000009e-01 2.891846000000000139e+00 1.539306999999999981e+00 3.276367000000000029e+00 2.924805000000000099e+00
1.135250000000000009e-01 2.895507999999999971e+00 1.528319999999999901e+00 3.276367000000000029e+00 2.918700999999999990e+00
1.123050000000000020e-01 2.890625000000000000e+00 1.518555000000000099e+00 3.276367000000000029e+00 2.926025000000000098e+00
1.123050000000000020e-01 2.886963000000000168e+00 1.503905999999999965e+00 3.276367000000000029e+00 2.917479999999999851e+00
1.123050000000000020e-01 2.885742000000000029e+00 1.492920000000000025e+00 3.281250000000000000e+00 2.928466999999999931e+00
1.123050000000000020e-01 2.885742000000000029e+00 1.484375000000000000e+00 3.276367000000000029e+00 2.934569999999999901e+00
1.123050000000000020e-01 2.879639000000000060e+00 1.480712999999999946e+00 3.276367000000000029e+00 2.927245999999999793e+00
1.110840000000000022e-01 2.877196999999999782e+00 1.479492000000000029e+00 3.277588000000000168e+00 2.907715000000000050e+00
1.110840000000000022e-01 2.875976999999999784e+00 1.472167999999999921e+00 3.276367000000000029e+00 2.918700999999999990e+00
