5.371100000000000180e-02 1.295166000000000039e+00 5.517579999999999707e-01 2.081299000000000010e+00 2.115479000000000109e+00
5.371100000000000180e-02 1.296386999999999956e+00 5.517579999999999707e-01 2.084960999999999842e+00 2.124023000000000216e+00
5.371100000000000180e-02 1.295166000000000039e+00 5.517579999999999707e-01 2.084960999999999842e+00 2.133789000000000158e+00
5.371100000000000180e-02 1.295166000000000039e+00 5.517579999999999707e-01 2.084960999999999842e+00 2.138672000000000128e+00
5.371100000000000180e-02 1.295166000000000039e+00 5.517579999999999707e-01 2.084960999999999842e+00 2.153319999999999901e+00
5.371100000000000180e-02 1.295166000000000039e+00 5.517579999999999707e-01 2.084960999999999842e+00 2.143555000000000099e+00
5.371100000000000180e-02 1.295166000000000039e+00 5.517579999999999707e-01 2.084960999999999842e+00 2.143555000000000099e+00
5.371100000000000180e-02 1.296386999999999956e+00 5.517579999999999707e-01 2.084960999999999842e+00 2.143555000000000099e+00
5.371100000000000180e-02 1.295166000000000039e+00 5.517579999999999707e-01 2.084960999999999842e+00 2.143555000000000099e+00
5.371100000000000180e-02 1.295166000000000039e+00 5.517579999999999707e-01 2.086181999999999981e+00 2.114257999999999971e+00
5.371100000000000180e-02 1.295166000000000039e+00 5.517579999999999707e-01 2.084960999999999842e+00 2.124023000000000216e+00
5.371100000000000180e-02 1.295166000000000039e+00 5.517579999999999707e-01 2.084960999999999842e+00 2.133789000000000158e+00
5.371100000000000180e-02 1.295166000000000039e+00 5.517579999999999707e-01 2.084960999999999842e+00 2.137450999999999990e+00
5.371100000000000180e-02 1.298828000000000094e+00 5.517579999999999707e-01 2.084960999999999842e+00 2.145995999999999793e+00
5.371100000000000180e-02 1.296386999999999956e+00 5.517579999999999707e-01 2.086181999999999981e+00 2.133789000000000158e+00
5.371100000000000180e-02 1.295166000000000039e+00 5.517579999999999707e-01 2.084960999999999842e+00 2.133789000000000158e+00
5.371100000000000180e-02 1.296386999999999956e+00 5.517579999999999707e-01 2.086181999999999981e+00 2.114257999999999971e+00
5.371100000000000180e-02 1.295166000000000039e+00 5.517579999999999707e-01 2.084960999999999842e+00 2.124023000000000216e+00
5.371100000000000180e-02 1.296386999999999956e+00 5.517579999999999707e-01 2.084960999999999842e+00 2.132568000000000019e+00
5.371100000000000180e-02 1.297606999999999955e+00 5.517579999999999707e-01 2.084960999999999842e+00 2.153319999999999901e+00
5.371100000000000180e-02 1.297606999999999955e+00 5.517579999999999707e-01 2.084960999999999842e+00 2.144775000000000098e+00
5.371100000000000180e-02 1.296386999999999956e+00 5.517579999999999707e-01 2.084960999999999842e+00 2.143555000000000099e+00
5.371100000000000180e-02 1.297606999999999955e+00 5.517579999999999707e-01 2.086181999999999981e+00 2.114257999999999971e+00
5.371100000000000180e-02 1.295166000000000039e+00 5.517579999999999707e-01 2.084960999999999842e+00 2.124023000000000216e+00
5.371100000000000180e-02 1.297606999999999955e+00 5.517579999999999707e-01 2.084960999999999842e+00 2.133789000000000158e+00
5.371100000000000180e-02 1.297606999999999955e+00 5.517579999999999707e-01 2.084960999999999842e+00 2.143555000000000099e+00
5.371100000000000180e-02 1.298828000000000094e+00 5.517579999999999707e-01 2.088623000000000118e+00 2.116699000000000108e+00
5.371100000000000180e-02 1.298828000000000094e+00 5.517579999999999707e-01 2.086181999999999981e+00 2.105713000000000168e+00
5.371100000000000180e-02 1.297606999999999955e+00 5.517579999999999707e-01 2.084960999999999842e+00 2.115479000000000109e+00
5.371100000000000180e-02 1.297606999999999955e+00 5.517579999999999707e-01 2.084960999999999842e+00 2.124023000000000216e+00
5.371100000000000180e-02 1.297606999999999955e+00 5.517579999999999707e-01 2.086181999999999981e+00 2.114257999999999971e+00
5.371100000000000180e-02 1.297606999999999955e+00 5.517579999999999707e-01 2.084960999999999842e+00 2.124023000000000216e+00
5.371100000000000180e-02 1.297606999999999955e+00 5.517579999999999707e-01 2.087401999999999980e+00 2.135009999999999852e+00
5.371100000000000180e-02 1.296386999999999956e+00 5.517579999999999707e-01 2.086181999999999981e+00 2.109375000000000000e+00
5.371100000000000180e-02 1.297606999999999955e+00 5.517579999999999707e-01 2.084960999999999842e+00 2.133789000000000158e+00
5.371100000000000180e-02 1.303711000000000064e+00 5.517579999999999707e-01 2.086181999999999981e+00 2.114257999999999971e+00
5.371100000000000180e-02 1.300049000000000010e+00 5.517579999999999707e-01 2.089843999999999813e+00 2.124023000000000216e+00
5.371100000000000180e-02 1.303711000000000064e+00 5.517579999999999707e-01 2.084960999999999842e+00 2.135009999999999852e+00
5.371100000000000180e-02 1.297606999999999955e+00 5.517579999999999707e-01 2.086181999999999981e+00 2.105713000000000168e+00
5.371100000000000180e-02 1.297606999999999955e+00 5.517579999999999707e-01 2.086181999999999981e+00 2.094726999999999784e+00
5.371100000000000180e-02 1.298828000000000094e+00 5.517579999999999707e-01 2.084960999999999842e+00 2.114257999999999971e+00
5.371100000000000180e-02 1.298828000000000094e+00 5.517579999999999707e-01 2.087401999999999980e+00 2.133789000000000158e+00
5.371100000000000180e-02 1.298828000000000094e+00 5.517579999999999707e-01 2.084960999999999842e+00 2.133789000000000158e+00
5.371100000000000180e-02 1.298828000000000094e+00 5.517579999999999707e-01 2.086181999999999981e+00 2.114257999999999971e+00
5.371100000000000180e-02 1.303711000000000064e+00 5.517579999999999707e-01 2.086181999999999981e+00 2.094726999999999784e+00
5.371100000000000180e-02 1.303711000000000064e+00 5.517579999999999707e-01 2.088623000000000118e+00 2.094726999999999784e+00
5.371100000000000180e-02 1.303711000000000064e+00 5.529789999999999983e-01 2.086181999999999981e+00 2.087401999999999980e+00
5.371100000000000180e-02 1.303711000000000064e+00 5.517579999999999707e-01 2.087401999999999980e+00 2.124023000000000216e+00
5.371100000000000180e-02 1.303711000000000064e+00 5.517579999999999707e-01 2.086181999999999981e+00 2.104492000000000029e+00
5.371100000000000180e-02 1.300049000000000010e+00 5.529789999999999983e-01 2.094726999999999784e+00 2.124023000000000216e+00
5.371100000000000180e-02 1.300049000000000010e+00 5.529789999999999983e-01 2.088623000000000118e+00 2.114257999999999971e+00
5.371100000000000180e-02 1.298828000000000094e+00 5.517579999999999707e-01 2.086181999999999981e+00 2.094726999999999784e+00
5.371100000000000180e-02 1.300049000000000010e+00 5.529789999999999983e-01 2.094726999999999784e+00 2.115479000000000109e+00
5.371100000000000180e-02 1.303711000000000064e+00 5.529789999999999983e-01 2.088623000000000118e+00 2.104492000000000029e+00
5.371100000000000180e-02 1.303711000000000064e+00 5.517579999999999707e-01 2.094726999999999784e+00 2.115479000000000109e+00
5.371100000000000180e-02 1.303711000000000064e+00 5.517579999999999707e-01 2.087401999999999980e+00 2.125243999999999911e+00
5.371100000000000180e-02 1.303711000000000064e+00 5.529789999999999983e-01 2.086181999999999981e+00 2.105713000000000168e+00
5.371100000000000180e-02 1.303711000000000064e+00 5.529789999999999983e-01 2.094726999999999784e+00 2.117919999999999803e+00
5.371100000000000180e-02 1.303711000000000064e+00 5.529789999999999983e-01 2.094726999999999784e+00 2.143555000000000099e+00
5.371100000000000180e-02 1.303711000000000064e+00 5.529789999999999983e-01 2.094726999999999784e+00 2.143555000000000099e+00
5.371100000000000180e-02 1.303711000000000064e+00 5.529789999999999983e-01 2.094726999999999784e+00 2.148438000000000070e+00
5.371100000000000180e-02 1.303711000000000064e+00 5.529789999999999983e-01 2.094726999999999784e+00 2.156982000000000177e+00
5.371100000000000180e-02 1.304931999999999981e+00 5.529789999999999983e-01 2.094726999999999784e+00 2.163085999999999842e+00
5.371100000000000180e-02 1.303711000000000064e+00 5.529789999999999983e-01 2.094726999999999784e+00 2.163085999999999842e+00
5.371100000000000180e-02 1.303711000000000064e+00 5.529789999999999983e-01 2.094726999999999784e+00 2.153319999999999901e+00
5.371100000000000180e-02 1.303711000000000064e+00 5.529789999999999983e-01 2.094726999999999784e+00 2.153319999999999901e+00
5.371100000000000180e-02 1.303711000000000064e+00 5.529789999999999983e-01 2.094726999999999784e+00 2.153319999999999901e+00
5.371100000000000180e-02 1.303711000000000064e+00 5.541989999999999972e-01 2.094726999999999784e+00 2.144775000000000098e+00
5.371100000000000180e-02 1.303711000000000064e+00 5.529789999999999983e-01 2.094726999999999784e+00 2.148438000000000070e+00
5.371100000000000180e-02 1.303711000000000064e+00 5.541989999999999972e-01 2.094726999999999784e+00 2.155762000000000178e+00
5.371100000000000180e-02 1.304931999999999981e+00 5.529789999999999983e-01 2.094726999999999784e+00 2.163085999999999842e+00
5.371100000000000180e-02 1.303711000000000064e+00 5.529789999999999983e-01 2.094726999999999784e+00 2.163085999999999842e+00
5.371100000000000180e-02 1.303711000000000064e+00 5.529789999999999983e-01 2.094726999999999784e+00 2.155762000000000178e+00
5.371100000000000180e-02 1.304931999999999981e+00 5.529789999999999983e-01 2.089843999999999813e+00 2.163085999999999842e+00
5.371100000000000180e-02 1.303711000000000064e+00 5.529789999999999983e-01 2.094726999999999784e+00 2.156982000000000177e+00
5.371100000000000180e-02 1.304931999999999981e+00 5.529789999999999983e-01 2.094726999999999784e+00 2.163085999999999842e+00
5.371100000000000180e-02 1.303711000000000064e+00 5.529789999999999983e-01 2.088623000000000118e+00 2.128906000000000187e+00
5.371100000000000180e-02 1.303711000000000064e+00 5.529789999999999983e-01 2.094726999999999784e+00 2.147216999999999931e+00
5.371100000000000180e-02 1.303711000000000064e+00 5.529789999999999983e-01 2.094726999999999784e+00 2.156982000000000177e+00
5.493200000000000166e-02 1.304931999999999981e+00 5.529789999999999983e-01 2.094726999999999784e+00 2.163085999999999842e+00
5.371100000000000180e-02 1.303711000000000064e+00 5.529789999999999983e-01 2.094726999999999784e+00 2.154541000000000039e+00
5.371100000000000180e-02 1.303711000000000064e+00 5.529789999999999983e-01 2.094726999999999784e+00 2.153319999999999901e+00
5.493200000000000166e-02 1.303711000000000064e+00 5.529789999999999983e-01 2.088623000000000118e+00 2.125243999999999911e+00
5.371100000000000180e-02 1.303711000000000064e+00 5.541989999999999972e-01 2.094726999999999784e+00 2.125243999999999911e+00
5.493200000000000166e-02 1.303711000000000064e+00 5.529789999999999983e-01 2.094726999999999784e+00 2.137450999999999990e+00
5.371100000000000180e-02 1.303711000000000064e+00 5.529789999999999983e-01 2.094726999999999784e+00 2.153319999999999901e+00
5.371100000000000180e-02 1.304931999999999981e+00 5.529789999999999983e-01 2.094726999999999784e+00 2.153319999999999901e+00
5.371100000000000180e-02 1.303711000000000064e+00 5.529789999999999983e-01 2.094726999999999784e+00 2.153319999999999901e+00
5.371100000000000180e-02 1.304931999999999981e+00 5.529789999999999983e-01 2.094726999999999784e+00 2.154541000000000039e+00
5.371100000000000180e-02 1.303711000000000064e+00 5.529789999999999983e-01 2.094726999999999784e+00 2.153319999999999901e+00
5.371100000000000180e-02 1.304931999999999981e+00 5.529789999999999983e-01 2.094726999999999784e+00 2.153319999999999901e+00
5.371100000000000180e-02 1.304931999999999981e+00 5.529789999999999983e-01 2.094726999999999784e+00 2.153319999999999901e+00
5.371100000000000180e-02 1.304931999999999981e+00 5.541989999999999972e-01 2.094726999999999784e+00 2.147216999999999931e+00
5.493200000000000166e-02 1.304931999999999981e+00 5.566410000000000524e-01 2.094726999999999784e+00 2.153319999999999901e+00
5.371100000000000180e-02 1.306151999999999980e+00 5.578610000000000513e-01 2.094726999999999784e+00 2.153319999999999901e+00
5.371100000000000180e-02 1.308594000000000035e+00 5.615229999999999944e-01 2.094726999999999784e+00 2.153319999999999901e+00
5.371100000000000180e-02 1.309814000000000034e+00 5.627440000000000220e-01 2.094726999999999784e+00 2.156982000000000177e+00
5.493200000000000166e-02 1.313477000000000006e+00 5.664059999999999651e-01 2.095946999999999782e+00 2.128906000000000187e+00
5.371100000000000180e-02 1.314697000000000005e+00 5.712890000000000468e-01 2.095946999999999782e+00 2.124023000000000216e+00
5.371100000000000180e-02 1.317139000000000060e+00 5.773930000000000451e-01 2.097167999999999921e+00 2.135009999999999852e+00
5.493200000000000166e-02 1.323242000000000029e+00 5.834960000000000147e-01 2.104492000000000029e+00 2.144775000000000098e+00
5.371100000000000180e-02 1.324462999999999946e+00 5.908200000000000118e-01 2.104492000000000029e+00 2.143555000000000099e+00
5.493200000000000166e-02 1.333007999999999971e+00 6.005859999999999532e-01 2.104492000000000029e+00 2.153319999999999901e+00
5.493200000000000166e-02 1.334229000000000109e+00 6.115720000000000045e-01 2.114257999999999971e+00 2.158202999999999872e+00
5.493200000000000166e-02 1.342772999999999994e+00 6.213379999999999459e-01 2.114257999999999971e+00 2.174071999999999782e+00
5.493200000000000166e-02 1.352538999999999936e+00 6.323239999999999972e-01 2.114257999999999971e+00 2.163085999999999842e+00
5.615200000000000052e-02 1.362305000000000099e+00 6.457519999999999927e-01 2.124023000000000216e+00 2.169188999999999812e+00
5.615200000000000052e-02 1.372069999999999901e+00 6.689450000000000118e-01 2.124023000000000216e+00 2.175292999999999921e+00
5.737300000000000039e-02 1.383056999999999981e+00 6.945799999999999752e-01 2.133789000000000158e+00 2.192382999999999971e+00
5.859400000000000025e-02 1.401367000000000029e+00 7.287599999999999634e-01 2.143555000000000099e+00 2.183838000000000168e+00
5.981399999999999911e-02 1.420897999999999994e+00 7.763670000000000293e-01 2.153319999999999901e+00 2.183838000000000168e+00
6.103499999999999898e-02 1.446533000000000069e+00 8.264160000000000394e-01 2.163085999999999842e+00 2.192382999999999971e+00
6.103499999999999898e-02 1.480712999999999946e+00 8.935549999999999882e-01 2.182617000000000029e+00 2.202148000000000216e+00
6.469700000000000450e-02 1.519775000000000098e+00 9.728999999999999870e-01 2.202148000000000216e+00 2.215575999999999990e+00
6.713900000000000423e-02 1.572265999999999941e+00 1.069336000000000064e+00 2.231444999999999901e+00 2.235107000000000177e+00
6.958000000000000296e-02 1.629639000000000060e+00 1.171875000000000000e+00 2.263183999999999862e+00 2.261963000000000168e+00
7.324200000000000155e-02 1.704102000000000006e+00 1.281738000000000044e+00 2.299805000000000099e+00 2.270507999999999971e+00
7.568400000000000127e-02 1.782227000000000006e+00 1.381836000000000064e+00 2.338867000000000029e+00 2.292479999999999851e+00
7.934599999999999986e-02 1.870117000000000029e+00 1.470947000000000005e+00 2.387694999999999901e+00 2.330321999999999782e+00
8.422899999999999832e-02 1.958007999999999971e+00 1.557617000000000029e+00 2.427979000000000109e+00 2.324218999999999813e+00
8.789099999999999691e-02 2.045898000000000216e+00 1.627197000000000005e+00 2.476806999999999981e+00 2.348632999999999971e+00
9.277299999999999436e-02 2.143555000000000099e+00 1.699219000000000035e+00 2.534180000000000099e+00 2.388916000000000039e+00
9.643599999999999395e-02 2.232666000000000039e+00 1.762694999999999901e+00 2.583007999999999971e+00 2.426757999999999971e+00
1.013180000000000053e-01 2.329101999999999784e+00 1.817627000000000104e+00 2.641601999999999784e+00 2.470702999999999872e+00
1.049800000000000039e-01 2.410889000000000060e+00 1.860352000000000006e+00 2.692870999999999793e+00 2.524414000000000158e+00
1.098630000000000023e-01 2.495117000000000029e+00 1.894530999999999965e+00 2.749023000000000216e+00 2.543944999999999901e+00
1.135250000000000009e-01 2.573242000000000029e+00 1.918944999999999901e+00 2.797851999999999784e+00 2.573242000000000029e+00
1.184079999999999994e-01 2.645264000000000060e+00 1.938477000000000006e+00 2.846680000000000099e+00 2.604979999999999851e+00
1.208499999999999991e-01 2.709960999999999842e+00 1.948242000000000029e+00 2.895507999999999971e+00 2.645264000000000060e+00
1.245119999999999977e-01 2.769775000000000098e+00 1.958007999999999971e+00 2.938232000000000177e+00 2.651367000000000029e+00
1.269530000000000103e-01 2.827148000000000216e+00 1.958007999999999971e+00 2.977294999999999803e+00 2.651367000000000029e+00
1.306150000000000089e-01 2.871093999999999813e+00 1.960449000000000108e+00 3.022460999999999842e+00 2.695313000000000070e+00
1.330570000000000086e-01 2.915039000000000158e+00 1.962890999999999941e+00 3.055419999999999803e+00 2.719726999999999784e+00
1.342770000000000075e-01 2.949218999999999813e+00 1.958007999999999971e+00 3.092041000000000039e+00 2.720946999999999782e+00
1.367190000000000072e-01 2.983398000000000216e+00 1.953125000000000000e+00 3.125000000000000000e+00 2.758789000000000158e+00
1.379390000000000061e-01 3.004150000000000098e+00 1.948242000000000029e+00 3.153075999999999990e+00 2.768555000000000099e+00
1.391600000000000059e-01 3.026123000000000118e+00 1.938477000000000006e+00 3.178710999999999842e+00 2.799071999999999782e+00
1.416020000000000056e-01 3.051757999999999971e+00 1.928711000000000064e+00 3.204346000000000139e+00 2.797851999999999784e+00
1.416020000000000056e-01 3.071289000000000158e+00 1.912841999999999931e+00 3.227539000000000158e+00 2.836914000000000158e+00
1.416020000000000056e-01 3.082275000000000098e+00 1.900635000000000074e+00 3.247069999999999901e+00 2.866210999999999842e+00
1.428220000000000045e-01 3.092041000000000039e+00 1.889647999999999994e+00 3.267821999999999782e+00 2.850341999999999931e+00
1.428220000000000045e-01 3.101806999999999981e+00 1.873779000000000083e+00 3.288574000000000108e+00 2.886963000000000168e+00
1.440430000000000044e-01 3.109131000000000089e+00 1.861572000000000005e+00 3.299561000000000188e+00 2.875976999999999784e+00
1.428220000000000045e-01 3.120117000000000029e+00 1.850586000000000064e+00 3.315430000000000099e+00 2.895507999999999971e+00
1.440430000000000044e-01 3.120117000000000029e+00 1.840819999999999901e+00 3.327637000000000178e+00 2.919922000000000128e+00
1.440430000000000044e-01 3.123778999999999861e+00 1.821288999999999936e+00 3.347167999999999921e+00 2.944335999999999842e+00
1.428220000000000045e-01 3.129882999999999971e+00 1.811522999999999994e+00 3.348389000000000060e+00 2.915039000000000158e+00
1.440430000000000044e-01 3.129882999999999971e+00 1.801757999999999971e+00 3.364257999999999971e+00 2.928466999999999931e+00
1.428220000000000045e-01 3.129882999999999971e+00 1.783447000000000005e+00 3.366699000000000108e+00 2.957764000000000060e+00
1.428220000000000045e-01 3.129882999999999971e+00 1.771239999999999926e+00 3.374023000000000216e+00 2.973632999999999971e+00
1.428220000000000045e-01 3.123778999999999861e+00 1.762694999999999901e+00 3.383789000000000158e+00 2.973632999999999971e+00
1.428220000000000045e-01 3.125000000000000000e+00 1.752930000000000099e+00 3.387450999999999990e+00 2.954101999999999784e+00
1.416020000000000056e-01 3.129882999999999971e+00 1.744385000000000074e+00 3.393555000000000099e+00 2.963867000000000029e+00
1.416020000000000056e-01 3.129882999999999971e+00 1.733397999999999994e+00 3.397216999999999931e+00 2.945556999999999981e+00
1.416020000000000056e-01 3.121338000000000168e+00 1.723632999999999971e+00 3.403319999999999901e+00 2.954101999999999784e+00
1.416020000000000056e-01 3.120117000000000029e+00 1.718750000000000000e+00 3.406982000000000177e+00 2.945556999999999981e+00
1.403810000000000058e-01 3.115234000000000059e+00 1.713867000000000029e+00 3.413085999999999842e+00 2.957764000000000060e+00
1.416020000000000056e-01 3.111571999999999782e+00 1.707764000000000060e+00 3.414306999999999981e+00 2.963867000000000029e+00
1.391600000000000059e-01 3.111571999999999782e+00 1.704102000000000006e+00 3.417968999999999813e+00 2.973632999999999971e+00
1.391600000000000059e-01 3.110351999999999784e+00 1.694336000000000064e+00 3.422851999999999784e+00 2.984618999999999911e+00
1.391600000000000059e-01 3.101806999999999981e+00 1.694336000000000064e+00 3.422851999999999784e+00 2.993164000000000158e+00
1.379390000000000061e-01 3.105468999999999813e+00 1.685791000000000039e+00 3.422851999999999784e+00 2.996825999999999990e+00
1.379390000000000061e-01 3.100585999999999842e+00 1.684569999999999901e+00 3.422851999999999784e+00 3.004150000000000098e+00
1.367190000000000072e-01 3.094482000000000177e+00 1.684569999999999901e+00 3.422851999999999784e+00 2.996825999999999990e+00
1.367190000000000072e-01 3.090819999999999901e+00 1.674805000000000099e+00 3.424071999999999782e+00 2.983398000000000216e+00
1.367190000000000072e-01 3.090819999999999901e+00 1.674805000000000099e+00 3.424071999999999782e+00 2.983398000000000216e+00
1.367190000000000072e-01 3.090819999999999901e+00 1.665038999999999936e+00 3.422851999999999784e+00 2.988281000000000187e+00
1.367190000000000072e-01 3.084716999999999931e+00 1.649170000000000025e+00 3.424071999999999782e+00 2.983398000000000216e+00
1.354980000000000073e-01 3.081055000000000099e+00 1.629639000000000060e+00 3.422851999999999784e+00 2.993164000000000158e+00
1.354980000000000073e-01 3.072509999999999852e+00 1.616211000000000064e+00 3.416748000000000118e+00 2.973632999999999971e+00
1.330570000000000086e-01 3.071289000000000158e+00 1.596680000000000099e+00 3.422851999999999784e+00 2.979735999999999940e+00
1.330570000000000086e-01 3.063965000000000050e+00 1.577147999999999994e+00 3.416748000000000118e+00 2.974854000000000109e+00
1.318360000000000087e-01 3.055419999999999803e+00 1.557617000000000029e+00 3.422851999999999784e+00 2.974854000000000109e+00
1.318360000000000087e-01 3.051757999999999971e+00 1.538086000000000064e+00 3.422851999999999784e+00 2.983398000000000216e+00
1.293950000000000100e-01 3.041992000000000029e+00 1.518555000000000099e+00 3.413085999999999842e+00 2.993164000000000158e+00
1.281740000000000101e-01 3.032226999999999784e+00 1.495360999999999940e+00 3.406982000000000177e+00 2.967528999999999861e+00
1.281740000000000101e-01 3.022460999999999842e+00 1.479492000000000029e+00 3.403319999999999901e+00 2.983398000000000216e+00
1.269530000000000103e-01 3.012694999999999901e+00 1.459961000000000064e+00 3.403319999999999901e+00 2.983398000000000216e+00
1.257320000000000104e-01 3.005370999999999793e+00 1.442871000000000015e+00 3.395995999999999793e+00 2.985840000000000050e+00
1.245119999999999977e-01 2.996825999999999990e+00 1.427002000000000104e+00 3.393555000000000099e+00 3.002930000000000099e+00
1.232909999999999978e-01 2.995604999999999851e+00 1.411132999999999971e+00 3.387450999999999990e+00 2.963867000000000029e+00
1.220699999999999980e-01 2.977294999999999803e+00 1.395264000000000060e+00 3.383789000000000158e+00 2.968750000000000000e+00
1.220699999999999980e-01 2.973632999999999971e+00 1.381836000000000064e+00 3.383789000000000158e+00 2.984618999999999911e+00
1.196289999999999992e-01 2.963867000000000029e+00 1.365966999999999931e+00 3.374023000000000216e+00 2.977294999999999803e+00
1.196289999999999992e-01 2.951659999999999950e+00 1.352538999999999936e+00 3.367919999999999803e+00 2.954101999999999784e+00
1.171880000000000005e-01 2.938232000000000177e+00 1.334229000000000109e+00 3.364257999999999971e+00 2.956542999999999921e+00
1.171880000000000005e-01 2.934569999999999901e+00 1.323242000000000029e+00 3.364257999999999971e+00 2.973632999999999971e+00
1.159670000000000006e-01 2.924805000000000099e+00 1.306151999999999980e+00 3.354492000000000029e+00 2.963867000000000029e+00
1.147460000000000008e-01 2.907715000000000050e+00 1.293944999999999901e+00 3.344726999999999784e+00 2.957764000000000060e+00
1.147460000000000008e-01 2.899169999999999803e+00 1.278075999999999990e+00 3.344726999999999784e+00 2.967528999999999861e+00
1.123050000000000020e-01 2.875976999999999784e+00 1.256104000000000109e+00 3.334960999999999842e+00 2.974854000000000109e+00
1.110840000000000022e-01 2.867431999999999981e+00 1.250000000000000000e+00 3.325194999999999901e+00 2.946776999999999980e+00
1.110840000000000022e-01 2.861327999999999872e+00 1.245117000000000029e+00 3.317870999999999793e+00 2.956542999999999921e+00
1.086430000000000035e-01 2.847900000000000098e+00 1.235352000000000006e+00 3.315430000000000099e+00 2.955321999999999782e+00
1.086430000000000035e-01 2.840575999999999990e+00 1.235352000000000006e+00 3.308104999999999851e+00 2.944335999999999842e+00
1.074220000000000036e-01 2.836914000000000158e+00 1.235352000000000006e+00 3.305664000000000158e+00 2.934569999999999901e+00
1.062010000000000037e-01 2.827148000000000216e+00 1.231689000000000034e+00 3.297118999999999911e+00 2.905273000000000216e+00
1.062010000000000037e-01 2.817382999999999971e+00 1.235352000000000006e+00 3.287354000000000109e+00 2.879639000000000060e+00
1.049800000000000039e-01 2.807617000000000029e+00 1.235352000000000006e+00 3.286132999999999971e+00 2.899169999999999803e+00
1.049800000000000039e-01 2.801514000000000060e+00 1.241454999999999975e+00 3.281250000000000000e+00 2.924805000000000099e+00
1.037600000000000050e-01 2.797851999999999784e+00 1.250000000000000000e+00 3.277588000000000168e+00 2.890625000000000000e+00
1.037600000000000050e-01 2.797851999999999784e+00 1.250000000000000000e+00 3.277588000000000168e+00 2.890625000000000000e+00
1.037600000000000050e-01 2.789306999999999981e+00 1.250000000000000000e+00 3.276367000000000029e+00 2.910156000000000187e+00
1.025390000000000051e-01 2.788085999999999842e+00 1.254882999999999971e+00 3.267821999999999782e+00 2.895507999999999971e+00
1.025390000000000051e-01 2.778319999999999901e+00 1.256104000000000109e+00 3.271484000000000059e+00 2.896729000000000109e+00
1.025390000000000051e-01 2.769775000000000098e+00 1.258545000000000025e+00 3.261718999999999813e+00 2.899169999999999803e+00
1.013180000000000053e-01 2.768555000000000099e+00 1.264647999999999994e+00 3.256835999999999842e+00 2.906493999999999911e+00
1.013180000000000053e-01 2.761229999999999851e+00 1.269530999999999965e+00 3.249512000000000178e+00 2.896729000000000109e+00
1.013180000000000053e-01 2.758789000000000158e+00 1.275635000000000074e+00 3.247069999999999901e+00 2.895507999999999971e+00
1.000980000000000064e-01 2.758789000000000158e+00 1.284180000000000099e+00 3.247069999999999901e+00 2.895507999999999971e+00
1.000980000000000064e-01 2.752686000000000188e+00 1.289063000000000070e+00 3.240966999999999931e+00 2.866210999999999842e+00
1.000980000000000064e-01 2.750243999999999911e+00 1.293944999999999901e+00 3.239745999999999793e+00 2.875976999999999784e+00
1.000980000000000064e-01 2.749023000000000216e+00 1.297606999999999955e+00 3.237305000000000099e+00 2.885742000000000029e+00
9.887700000000000655e-02 2.749023000000000216e+00 1.296386999999999956e+00 3.237305000000000099e+00 2.885742000000000029e+00
9.887700000000000655e-02 2.739257999999999971e+00 1.298828000000000094e+00 3.228759999999999852e+00 2.856444999999999901e+00
9.887700000000000655e-02 2.739257999999999971e+00 1.295166000000000039e+00 3.227539000000000158e+00 2.866210999999999842e+00
9.887700000000000655e-02 2.739257999999999971e+00 1.295166000000000039e+00 3.227539000000000158e+00 2.875976999999999784e+00
9.765600000000000669e-02 2.730713000000000168e+00 1.285400000000000098e+00 3.222656000000000187e+00 2.877196999999999782e+00
9.765600000000000669e-02 2.729492000000000029e+00 1.284180000000000099e+00 3.218993999999999911e+00 2.846680000000000099e+00
9.765600000000000669e-02 2.723389000000000060e+00 1.274413999999999936e+00 3.217773000000000216e+00 2.856444999999999901e+00
9.643599999999999395e-02 2.719726999999999784e+00 1.265868999999999911e+00 3.210449000000000108e+00 2.869873000000000118e+00
9.643599999999999395e-02 2.714843999999999813e+00 1.254882999999999971e+00 3.210449000000000108e+00 2.875976999999999784e+00
9.643599999999999395e-02 2.711181999999999981e+00 1.246337999999999946e+00 3.208007999999999971e+00 2.875976999999999784e+00
9.521499999999999408e-02 2.701416000000000039e+00 1.236572000000000005e+00 3.208007999999999971e+00 2.869873000000000118e+00
9.521499999999999408e-02 2.700194999999999901e+00 1.226806999999999981e+00 3.192139000000000060e+00 2.856444999999999901e+00
9.399399999999999422e-02 2.692870999999999793e+00 1.217041000000000039e+00 3.198242000000000029e+00 2.856444999999999901e+00
9.399399999999999422e-02 2.684325999999999990e+00 1.209716999999999931e+00 3.189696999999999782e+00 2.830811000000000188e+00
9.399399999999999422e-02 2.683104999999999851e+00 1.202393000000000045e+00 3.188476999999999784e+00 2.847900000000000098e+00
9.399399999999999422e-02 2.680664000000000158e+00 1.196288999999999936e+00 3.188476999999999784e+00 2.846680000000000099e+00
9.277299999999999436e-02 2.670898000000000216e+00 1.186522999999999994e+00 3.178710999999999842e+00 2.847900000000000098e+00
9.277299999999999436e-02 2.662354000000000109e+00 1.177979000000000109e+00 3.178710999999999842e+00 2.847900000000000098e+00
9.277299999999999436e-02 2.656250000000000000e+00 1.171875000000000000e+00 3.168944999999999901e+00 2.840575999999999990e+00
9.155299999999999550e-02 2.651367000000000029e+00 1.166992000000000029e+00 3.173827999999999872e+00 2.850341999999999931e+00
9.155299999999999550e-02 2.641601999999999784e+00 1.157227000000000006e+00 3.168944999999999901e+00 2.856444999999999901e+00
9.033199999999999563e-02 2.635498000000000118e+00 1.152344000000000035e+00 3.159180000000000099e+00 2.847900000000000098e+00
9.033199999999999563e-02 2.631835999999999842e+00 1.147461000000000064e+00 3.153075999999999990e+00 2.817382999999999971e+00
8.911099999999999577e-02 2.622069999999999901e+00 1.141356999999999955e+00 3.149414000000000158e+00 2.818604000000000109e+00
8.911099999999999577e-02 2.612305000000000099e+00 1.137694999999999901e+00 3.154297000000000128e+00 2.827148000000000216e+00
8.911099999999999577e-02 2.612305000000000099e+00 1.130371000000000015e+00 3.140868999999999911e+00 2.799071999999999782e+00
8.789099999999999691e-02 2.602539000000000158e+00 1.127930000000000099e+00 3.139648000000000216e+00 2.807617000000000029e+00
8.789099999999999691e-02 2.597656000000000187e+00 1.121825999999999990e+00 3.131104000000000109e+00 2.790526999999999980e+00
8.666999999999999704e-02 2.592773000000000216e+00 1.119385000000000074e+00 3.129882999999999971e+00 2.817382999999999971e+00
8.666999999999999704e-02 2.583007999999999971e+00 1.114502000000000104e+00 3.129882999999999971e+00 2.817382999999999971e+00
8.544899999999999718e-02 2.583007999999999971e+00 1.112060999999999966e+00 3.120117000000000029e+00 2.819824000000000108e+00
8.544899999999999718e-02 2.573242000000000029e+00 1.109618999999999911e+00 3.120117000000000029e+00 2.836914000000000158e+00
8.544899999999999718e-02 2.565917999999999921e+00 1.108397999999999994e+00 3.112792999999999921e+00 2.821044999999999803e+00
8.544899999999999718e-02 2.564696999999999782e+00 1.108397999999999994e+00 3.110351999999999784e+00 2.818604000000000109e+00
8.422899999999999832e-02 2.554931999999999981e+00 1.108397999999999994e+00 3.110351999999999784e+00 2.807617000000000029e+00
8.422899999999999832e-02 2.553710999999999842e+00 1.109618999999999911e+00 3.100585999999999842e+00 2.808838000000000168e+00
8.422899999999999832e-02 2.546387000000000178e+00 1.113280999999999965e+00 3.100585999999999842e+00 2.799071999999999782e+00
8.422899999999999832e-02 2.543944999999999901e+00 1.118163999999999936e+00 3.094482000000000177e+00 2.778319999999999901e+00
8.422899999999999832e-02 2.543944999999999901e+00 1.121825999999999990e+00 3.090819999999999901e+00 2.781982000000000177e+00
8.422899999999999832e-02 2.537841999999999931e+00 1.127930000000000099e+00 3.090819999999999901e+00 2.797851999999999784e+00
8.300799999999999845e-02 2.535400000000000098e+00 1.131591999999999931e+00 3.090819999999999901e+00 2.797851999999999784e+00
8.300799999999999845e-02 2.534180000000000099e+00 1.137694999999999901e+00 3.084716999999999931e+00 2.773438000000000070e+00
8.300799999999999845e-02 2.534180000000000099e+00 1.141356999999999955e+00 3.081055000000000099e+00 2.790526999999999980e+00
8.300799999999999845e-02 2.534180000000000099e+00 1.148681999999999981e+00 3.081055000000000099e+00 2.808838000000000168e+00
8.300799999999999845e-02 2.528075999999999990e+00 1.148681999999999981e+00 3.081055000000000099e+00 2.797851999999999784e+00
8.300799999999999845e-02 2.528075999999999990e+00 1.157227000000000006e+00 3.076172000000000128e+00 2.789306999999999981e+00
8.300799999999999845e-02 2.525634999999999852e+00 1.158447000000000005e+00 3.071289000000000158e+00 2.788085999999999842e+00
8.300799999999999845e-02 2.524414000000000158e+00 1.158447000000000005e+00 3.071289000000000158e+00 2.788085999999999842e+00
8.300799999999999845e-02 2.524414000000000158e+00 1.158447000000000005e+00 3.071289000000000158e+00 2.788085999999999842e+00
8.300799999999999845e-02 2.524414000000000158e+00 1.160889000000000060e+00 3.071289000000000158e+00 2.789306999999999981e+00
8.300799999999999845e-02 2.524414000000000158e+00 1.160889000000000060e+00 3.071289000000000158e+00 2.781982000000000177e+00
8.300799999999999845e-02 2.520751999999999882e+00 1.166992000000000029e+00 3.071289000000000158e+00 2.788085999999999842e+00
8.300799999999999845e-02 2.524414000000000158e+00 1.166992000000000029e+00 3.061523000000000216e+00 2.788085999999999842e+00
8.300799999999999845e-02 2.524414000000000158e+00 1.166992000000000029e+00 3.066406000000000187e+00 2.781982000000000177e+00
8.300799999999999845e-02 2.519531000000000187e+00 1.166992000000000029e+00 3.061523000000000216e+00 2.792968999999999813e+00
8.300799999999999845e-02 2.519531000000000187e+00 1.166992000000000029e+00 3.061523000000000216e+00 2.797851999999999784e+00
8.300799999999999845e-02 2.514648000000000216e+00 1.166992000000000029e+00 3.055419999999999803e+00 2.769775000000000098e+00
8.300799999999999845e-02 2.514648000000000216e+00 1.166992000000000029e+00 3.061523000000000216e+00 2.760009999999999852e+00
8.300799999999999845e-02 2.515868999999999911e+00 1.166992000000000029e+00 3.054199000000000108e+00 2.768555000000000099e+00
8.300799999999999845e-02 2.515868999999999911e+00 1.166992000000000029e+00 3.051757999999999971e+00 2.769775000000000098e+00
8.300799999999999845e-02 2.514648000000000216e+00 1.166992000000000029e+00 3.051757999999999971e+00 2.768555000000000099e+00
8.300799999999999845e-02 2.514648000000000216e+00 1.166992000000000029e+00 3.051757999999999971e+00 2.768555000000000099e+00
8.300799999999999845e-02 2.514648000000000216e+00 1.166992000000000029e+00 3.056640999999999941e+00 2.770995999999999793e+00
8.300799999999999845e-02 2.514648000000000216e+00 1.166992000000000029e+00 3.044433999999999862e+00 2.788085999999999842e+00
8.300799999999999845e-02 2.514648000000000216e+00 1.168212999999999946e+00 3.051757999999999971e+00 2.778319999999999901e+00
8.300799999999999845e-02 2.514648000000000216e+00 1.171875000000000000e+00 3.046875000000000000e+00 2.770995999999999793e+00
8.300799999999999845e-02 2.514648000000000216e+00 1.171875000000000000e+00 3.044433999999999862e+00 2.788085999999999842e+00
8.300799999999999845e-02 2.514648000000000216e+00 1.171875000000000000e+00 3.043213000000000168e+00 2.751465000000000050e+00
8.300799999999999845e-02 2.514648000000000216e+00 1.168212999999999946e+00 3.043213000000000168e+00 2.742919999999999803e+00
8.300799999999999845e-02 2.508544999999999803e+00 1.171875000000000000e+00 3.046875000000000000e+00 2.758789000000000158e+00
8.300799999999999845e-02 2.507324000000000108e+00 1.166992000000000029e+00 3.041992000000000029e+00 2.762450999999999990e+00
8.300799999999999845e-02 2.506104000000000109e+00 1.162109000000000059e+00 3.041992000000000029e+00 2.778319999999999901e+00
8.178699999999999859e-02 2.508544999999999803e+00 1.160889000000000060e+00 3.041992000000000029e+00 2.772216999999999931e+00
8.300799999999999845e-02 2.506104000000000109e+00 1.158447000000000005e+00 3.041992000000000029e+00 2.783202999999999872e+00
8.300799999999999845e-02 2.504882999999999971e+00 1.157227000000000006e+00 3.034667999999999921e+00 2.781982000000000177e+00
8.300799999999999845e-02 2.504882999999999971e+00 1.152344000000000035e+00 3.041992000000000029e+00 2.778319999999999901e+00
8.178699999999999859e-02 2.507324000000000108e+00 1.148681999999999981e+00 3.032226999999999784e+00 2.772216999999999931e+00
8.178699999999999859e-02 2.504882999999999971e+00 1.147461000000000064e+00 3.032226999999999784e+00 2.772216999999999931e+00
8.178699999999999859e-02 2.498778999999999861e+00 1.138916000000000039e+00 3.033446999999999782e+00 2.758789000000000158e+00
8.300799999999999845e-02 2.496338000000000168e+00 1.137694999999999901e+00 3.032226999999999784e+00 2.749023000000000216e+00
8.178699999999999859e-02 2.495117000000000029e+00 1.137694999999999901e+00 3.032226999999999784e+00 2.758789000000000158e+00
8.056599999999999873e-02 2.495117000000000029e+00 1.131591999999999931e+00 3.032226999999999784e+00 2.758789000000000158e+00
8.056599999999999873e-02 2.491455000000000197e+00 1.129150000000000098e+00 3.023681999999999981e+00 2.739257999999999971e+00
8.056599999999999873e-02 2.487792999999999921e+00 1.129150000000000098e+00 3.022460999999999842e+00 2.739257999999999971e+00
8.056599999999999873e-02 2.486571999999999782e+00 1.129150000000000098e+00 3.023681999999999981e+00 2.729492000000000029e+00
8.056599999999999873e-02 2.486571999999999782e+00 1.127930000000000099e+00 3.022460999999999842e+00 2.739257999999999971e+00
8.056599999999999873e-02 2.485351999999999784e+00 1.127930000000000099e+00 3.016357000000000177e+00 2.719726999999999784e+00
8.056599999999999873e-02 2.485351999999999784e+00 1.127930000000000099e+00 3.022460999999999842e+00 2.730713000000000168e+00
8.056599999999999873e-02 2.485351999999999784e+00 1.124268000000000045e+00 3.015137000000000178e+00 2.739257999999999971e+00
8.056599999999999873e-02 2.478026999999999980e+00 1.124268000000000045e+00 3.012694999999999901e+00 2.742919999999999803e+00
8.056599999999999873e-02 2.478026999999999980e+00 1.124268000000000045e+00 3.012694999999999901e+00 2.758789000000000158e+00
7.934599999999999986e-02 2.476806999999999981e+00 1.124268000000000045e+00 3.012694999999999901e+00 2.753906000000000187e+00
8.056599999999999873e-02 2.475585999999999842e+00 1.121825999999999990e+00 3.012694999999999901e+00 2.768555000000000099e+00
8.056599999999999873e-02 2.475585999999999842e+00 1.124268000000000045e+00 3.015137000000000178e+00 2.758789000000000158e+00
7.934599999999999986e-02 2.469482000000000177e+00 1.124268000000000045e+00 3.012694999999999901e+00 2.753906000000000187e+00
7.934599999999999986e-02 2.470702999999999872e+00 1.123046999999999906e+00 3.004150000000000098e+00 2.739257999999999971e+00
7.934599999999999986e-02 2.469482000000000177e+00 1.123046999999999906e+00 3.006591999999999931e+00 2.712401999999999980e+00
8.056599999999999873e-02 2.467041000000000039e+00 1.121825999999999990e+00 3.006591999999999931e+00 2.719726999999999784e+00
7.934599999999999986e-02 2.465819999999999901e+00 1.119385000000000074e+00 3.004150000000000098e+00 2.701416000000000039e+00
7.934599999999999986e-02 2.465819999999999901e+00 1.119385000000000074e+00 3.002930000000000099e+00 2.719726999999999784e+00
7.934599999999999986e-02 2.465819999999999901e+00 1.118163999999999936e+00 3.002930000000000099e+00 2.730713000000000168e+00
7.934599999999999986e-02 2.460938000000000070e+00 1.114502000000000104e+00 3.002930000000000099e+00 2.734375000000000000e+00
7.934599999999999986e-02 2.459716999999999931e+00 1.109618999999999911e+00 2.996825999999999990e+00 2.733153999999999861e+00
7.934599999999999986e-02 2.457275000000000098e+00 1.108397999999999994e+00 3.002930000000000099e+00 2.736816000000000138e+00
7.934599999999999986e-02 2.456055000000000099e+00 1.108397999999999994e+00 2.993164000000000158e+00 2.753906000000000187e+00
7.934599999999999986e-02 2.456055000000000099e+00 1.102295000000000025e+00 2.993164000000000158e+00 2.760009999999999852e+00
7.934599999999999986e-02 2.449950999999999990e+00 1.098632999999999971e+00 2.993164000000000158e+00 2.741699000000000108e+00
7.812500000000000000e-02 2.447509999999999852e+00 1.098632999999999971e+00 2.993164000000000158e+00 2.729492000000000029e+00
7.934599999999999986e-02 2.446289000000000158e+00 1.093750000000000000e+00 2.983398000000000216e+00 2.734375000000000000e+00
7.934599999999999986e-02 2.446289000000000158e+00 1.092529000000000083e+00 2.983398000000000216e+00 2.751465000000000050e+00
7.812500000000000000e-02 2.446289000000000158e+00 1.090087999999999946e+00 2.984618999999999911e+00 2.729492000000000029e+00
7.812500000000000000e-02 2.441406000000000187e+00 1.090087999999999946e+00 2.983398000000000216e+00 2.729492000000000029e+00
7.812500000000000000e-02 2.436523000000000216e+00 1.088867000000000029e+00 2.977294999999999803e+00 2.709960999999999842e+00
7.812500000000000000e-02 2.441406000000000187e+00 1.088867000000000029e+00 2.988281000000000187e+00 2.711181999999999981e+00
7.812500000000000000e-02 2.436523000000000216e+00 1.088867000000000029e+00 2.974854000000000109e+00 2.692870999999999793e+00
7.934599999999999986e-02 2.436523000000000216e+00 1.088867000000000029e+00 2.973632999999999971e+00 2.719726999999999784e+00
7.812500000000000000e-02 2.430419999999999803e+00 1.082764000000000060e+00 2.973632999999999971e+00 2.722167999999999921e+00
7.812500000000000000e-02 2.426757999999999971e+00 1.080322000000000005e+00 2.973632999999999971e+00 2.739257999999999971e+00
7.690400000000000014e-02 2.426757999999999971e+00 1.079102000000000006e+00 2.973632999999999971e+00 2.729492000000000029e+00
7.690400000000000014e-02 2.426757999999999971e+00 1.079102000000000006e+00 2.973632999999999971e+00 2.729492000000000029e+00
7.812500000000000000e-02 2.426757999999999971e+00 1.079102000000000006e+00 2.971191000000000138e+00 2.723389000000000060e+00
7.812500000000000000e-02 2.418213000000000168e+00 1.070556999999999981e+00 2.965088000000000168e+00 2.712401999999999980e+00
7.690400000000000014e-02 2.416992000000000029e+00 1.072997999999999896e+00 2.968750000000000000e+00 2.723389000000000060e+00
7.690400000000000014e-02 2.416992000000000029e+00 1.083984000000000059e+00 2.963867000000000029e+00 2.730713000000000168e+00
7.690400000000000014e-02 2.421875000000000000e+00 1.108397999999999994e+00 2.963867000000000029e+00 2.723389000000000060e+00
7.812500000000000000e-02 2.427979000000000109e+00 1.157227000000000006e+00 2.963867000000000029e+00 2.729492000000000029e+00
7.934599999999999986e-02 2.437743999999999911e+00 1.212158000000000069e+00 2.968750000000000000e+00 2.729492000000000029e+00
8.056599999999999873e-02 2.456055000000000099e+00 1.275635000000000074e+00 2.973632999999999971e+00 2.729492000000000029e+00
8.178699999999999859e-02 2.475585999999999842e+00 1.336670000000000025e+00 2.983398000000000216e+00 2.739257999999999971e+00
8.300799999999999845e-02 2.498778999999999861e+00 1.395264000000000060e+00 2.993164000000000158e+00 2.739257999999999971e+00
8.544899999999999718e-02 2.518311000000000188e+00 1.440430000000000099e+00 3.002930000000000099e+00 2.741699000000000108e+00
8.911099999999999577e-02 2.565917999999999921e+00 1.499022999999999994e+00 3.022460999999999842e+00 2.758789000000000158e+00
9.033199999999999563e-02 2.587890999999999941e+00 1.523438000000000070e+00 3.032226999999999784e+00 2.758789000000000158e+00
9.277299999999999436e-02 2.612305000000000099e+00 1.557617000000000029e+00 3.046875000000000000e+00 2.768555000000000099e+00
9.521499999999999408e-02 2.636718999999999813e+00 1.593018000000000045e+00 3.051757999999999971e+00 2.778319999999999901e+00
9.765600000000000669e-02 2.661132999999999971e+00 1.638184000000000085e+00 3.071289000000000158e+00 2.788085999999999842e+00
9.887700000000000655e-02 2.690430000000000099e+00 1.688231999999999955e+00 3.079833999999999961e+00 2.772216999999999931e+00
1.025390000000000051e-01 2.722167999999999921e+00 1.743163999999999936e+00 3.100585999999999842e+00 2.797851999999999784e+00
1.049800000000000039e-01 2.758789000000000158e+00 1.791992000000000029e+00 3.121338000000000168e+00 2.788085999999999842e+00
1.086430000000000035e-01 2.788085999999999842e+00 1.832275000000000098e+00 3.139648000000000216e+00 2.807617000000000029e+00
1.110840000000000022e-01 2.821044999999999803e+00 1.870117000000000029e+00 3.153075999999999990e+00 2.807617000000000029e+00
1.135250000000000009e-01 2.856444999999999901e+00 1.890868999999999911e+00 3.172607000000000177e+00 2.807617000000000029e+00
1.159670000000000006e-01 2.885742000000000029e+00 1.910400000000000098e+00 3.189696999999999782e+00 2.808838000000000168e+00
1.184079999999999994e-01 2.916259999999999852e+00 1.928711000000000064e+00 3.209229000000000109e+00 2.817382999999999971e+00
1.220699999999999980e-01 2.937012000000000178e+00 1.939697000000000005e+00 3.232422000000000128e+00 2.850341999999999931e+00
1.232909999999999978e-01 2.963867000000000029e+00 1.953125000000000000e+00 3.247069999999999901e+00 2.885742000000000029e+00
1.257320000000000104e-01 2.984618999999999911e+00 1.958007999999999971e+00 3.266601999999999784e+00 2.899169999999999803e+00
1.293950000000000100e-01 3.022460999999999842e+00 1.948242000000000029e+00 3.295898000000000216e+00 2.934569999999999901e+00
1.318360000000000087e-01 3.041992000000000029e+00 1.948242000000000029e+00 3.315430000000000099e+00 2.934569999999999901e+00
1.318360000000000087e-01 3.051757999999999971e+00 1.938477000000000006e+00 3.317870999999999793e+00 2.944335999999999842e+00
1.330570000000000086e-01 3.062743999999999911e+00 1.928711000000000064e+00 3.334960999999999842e+00 2.949218999999999813e+00
1.342770000000000075e-01 3.074950999999999990e+00 1.922606999999999955e+00 3.344726999999999784e+00 2.973632999999999971e+00
1.354980000000000073e-01 3.081055000000000099e+00 1.912841999999999931e+00 3.354492000000000029e+00 2.973632999999999971e+00
1.354980000000000073e-01 3.095702999999999872e+00 1.903075999999999990e+00 3.361816000000000138e+00 2.976074000000000108e+00
1.367190000000000072e-01 3.090819999999999901e+00 1.899413999999999936e+00 3.374023000000000216e+00 2.993164000000000158e+00
1.367190000000000072e-01 3.100585999999999842e+00 1.889647999999999994e+00 3.383789000000000158e+00 2.984618999999999911e+00
1.379390000000000061e-01 3.100585999999999842e+00 1.879882999999999971e+00 3.387450999999999990e+00 2.963867000000000029e+00
1.367190000000000072e-01 3.110351999999999784e+00 1.864014000000000060e+00 3.393555000000000099e+00 2.977294999999999803e+00
1.379390000000000061e-01 3.110351999999999784e+00 1.851806999999999981e+00 3.403319999999999901e+00 3.002930000000000099e+00
1.379390000000000061e-01 3.110351999999999784e+00 1.840819999999999901e+00 3.403319999999999901e+00 3.002930000000000099e+00
1.379390000000000061e-01 3.110351999999999784e+00 1.831055000000000099e+00 3.406982000000000177e+00 2.983398000000000216e+00
1.367190000000000072e-01 3.111571999999999782e+00 1.826171999999999906e+00 3.413085999999999842e+00 2.988281000000000187e+00
1.367190000000000072e-01 3.110351999999999784e+00 1.811522999999999994e+00 3.414306999999999981e+00 3.002930000000000099e+00
1.367190000000000072e-01 3.110351999999999784e+00 1.801757999999999971e+00 3.422851999999999784e+00 2.994384999999999852e+00
1.367190000000000072e-01 3.110351999999999784e+00 1.785889000000000060e+00 3.422851999999999784e+00 3.007813000000000070e+00
1.367190000000000072e-01 3.101806999999999981e+00 1.772461000000000064e+00 3.422851999999999784e+00 3.023681999999999981e+00
1.367190000000000072e-01 3.100585999999999842e+00 1.755371000000000015e+00 3.424071999999999782e+00 2.993164000000000158e+00
1.367190000000000072e-01 3.101806999999999981e+00 1.738280999999999965e+00 3.422851999999999784e+00 3.002930000000000099e+00
1.367190000000000072e-01 3.101806999999999981e+00 1.738280999999999965e+00 3.422851999999999784e+00 3.002930000000000099e+00
1.354980000000000073e-01 3.090819999999999901e+00 1.723632999999999971e+00 3.422851999999999784e+00 3.004150000000000098e+00
1.354980000000000073e-01 3.084716999999999931e+00 1.704102000000000006e+00 3.425292999999999921e+00 3.012694999999999901e+00
1.342770000000000075e-01 3.081055000000000099e+00 1.689453000000000094e+00 3.427734000000000059e+00 3.013916000000000039e+00
1.330570000000000086e-01 3.074950999999999990e+00 1.674805000000000099e+00 3.424071999999999782e+00 2.993164000000000158e+00
1.330570000000000086e-01 3.071289000000000158e+00 1.665038999999999936e+00 3.424071999999999782e+00 2.973632999999999971e+00
1.330570000000000086e-01 3.061523000000000216e+00 1.646729000000000109e+00 3.427734000000000059e+00 2.993164000000000158e+00
1.318360000000000087e-01 3.055419999999999803e+00 1.628417999999999921e+00 3.422851999999999784e+00 3.007813000000000070e+00
1.293950000000000100e-01 3.051757999999999971e+00 1.612549000000000010e+00 3.422851999999999784e+00 3.022460999999999842e+00
1.293950000000000100e-01 3.044433999999999862e+00 1.596680000000000099e+00 3.422851999999999784e+00 3.012694999999999901e+00
1.281740000000000101e-01 3.034667999999999921e+00 1.577147999999999994e+00 3.413085999999999842e+00 3.012694999999999901e+00
1.281740000000000101e-01 3.032226999999999784e+00 1.557617000000000029e+00 3.413085999999999842e+00 3.015137000000000178e+00
1.257320000000000104e-01 3.022460999999999842e+00 1.539306999999999981e+00 3.404541000000000039e+00 3.002930000000000099e+00
1.232909999999999978e-01 3.005370999999999793e+00 1.503905999999999965e+00 3.403319999999999901e+00 2.983398000000000216e+00
1.232909999999999978e-01 2.996825999999999990e+00 1.489257999999999971e+00 3.403319999999999901e+00 2.988281000000000187e+00
1.220699999999999980e-01 2.993164000000000158e+00 1.470947000000000005e+00 3.395995999999999793e+00 3.012694999999999901e+00
1.220699999999999980e-01 2.983398000000000216e+00 1.456299000000000010e+00 3.388672000000000128e+00 3.002930000000000099e+00
1.208499999999999991e-01 2.973632999999999971e+00 1.440430000000000099e+00 3.383789000000000158e+00 2.993164000000000158e+00
1.184079999999999994e-01 2.963867000000000029e+00 1.430663999999999936e+00 3.383789000000000158e+00 2.993164000000000158e+00
1.184079999999999994e-01 2.957764000000000060e+00 1.412354000000000109e+00 3.374023000000000216e+00 2.993164000000000158e+00
1.171880000000000005e-01 2.945556999999999981e+00 1.396484000000000059e+00 3.374023000000000216e+00 2.983398000000000216e+00
1.159670000000000006e-01 2.934569999999999901e+00 1.383056999999999981e+00 3.369140999999999941e+00 2.987061000000000188e+00
1.147460000000000008e-01 2.924805000000000099e+00 1.372069999999999901e+00 3.364257999999999971e+00 2.988281000000000187e+00
1.147460000000000008e-01 2.916259999999999852e+00 1.358643000000000045e+00 3.354492000000000029e+00 2.995604999999999851e+00
1.123050000000000020e-01 2.906493999999999911e+00 1.346435999999999966e+00 3.348389000000000060e+00 2.973632999999999971e+00
1.135250000000000009e-01 2.896729000000000109e+00 1.342772999999999994e+00 3.344726999999999784e+00 2.963867000000000029e+00
1.123050000000000020e-01 2.895507999999999971e+00 1.334229000000000109e+00 3.338623000000000118e+00 2.944335999999999842e+00
1.098630000000000023e-01 2.885742000000000029e+00 1.328125000000000000e+00 3.334960999999999842e+00 2.938232000000000177e+00
1.086430000000000035e-01 2.867431999999999981e+00 1.323242000000000029e+00 3.319091999999999931e+00 2.917479999999999851e+00
1.086430000000000035e-01 2.858887000000000178e+00 1.323242000000000029e+00 3.319091999999999931e+00 2.917479999999999851e+00
1.074220000000000036e-01 2.846680000000000099e+00 1.323242000000000029e+00 3.315430000000000099e+00 2.935791000000000039e+00
1.074220000000000036e-01 2.847900000000000098e+00 1.323242000000000029e+00 3.309325999999999990e+00 2.915039000000000158e+00
1.062010000000000037e-01 2.838134999999999852e+00 1.324462999999999946e+00 3.305664000000000158e+00 2.924805000000000099e+00
1.049800000000000039e-01 2.836914000000000158e+00 1.326904000000000083e+00 3.305664000000000158e+00 2.934569999999999901e+00
1.062010000000000037e-01 2.828368999999999911e+00 1.328125000000000000e+00 3.297118999999999911e+00 2.910156000000000187e+00
1.037600000000000050e-01 2.821044999999999803e+00 1.333007999999999971e+00 3.295898000000000216e+00 2.928466999999999931e+00
1.037600000000000050e-01 2.817382999999999971e+00 1.333007999999999971e+00 3.288574000000000108e+00 2.935791000000000039e+00
1.037600000000000050e-01 2.811278999999999861e+00 1.328125000000000000e+00 3.286132999999999971e+00 2.927245999999999793e+00
1.037600000000000050e-01 2.807617000000000029e+00 1.324462999999999946e+00 3.277588000000000168e+00 2.918700999999999990e+00
1.025390000000000051e-01 2.801514000000000060e+00 1.323242000000000029e+00 3.277588000000000168e+00 2.899169999999999803e+00
1.025390000000000051e-01 2.797851999999999784e+00 1.315917999999999921e+00 3.276367000000000029e+00 2.916259999999999852e+00
1.025390000000000051e-01 2.790526999999999980e+00 1.313477000000000006e+00 3.269042999999999921e+00 2.908936000000000188e+00
1.013180000000000053e-01 2.785645000000000149e+00 1.303711000000000064e+00 3.266601999999999784e+00 2.924805000000000099e+00
1.013180000000000053e-01 2.778319999999999901e+00 1.295166000000000039e+00 3.266601999999999784e+00 2.919922000000000128e+00
1.000980000000000064e-01 2.772216999999999931e+00 1.286621000000000015e+00 3.258056999999999981e+00 2.899169999999999803e+00
