5.737300000000000039e-02 1.391602000000000006e+00 5.847170000000000423e-01 2.186278999999999861e+00 2.182617000000000029e+00
5.737300000000000039e-02 1.392822000000000005e+00 5.834960000000000147e-01 2.192382999999999971e+00 2.194824000000000108e+00
5.737300000000000039e-02 1.391602000000000006e+00 5.834960000000000147e-01 2.192382999999999971e+00 2.214354999999999851e+00
5.737300000000000039e-02 1.391602000000000006e+00 5.847170000000000423e-01 2.186278999999999861e+00 2.207031000000000187e+00
5.737300000000000039e-02 1.392822000000000005e+00 5.847170000000000423e-01 2.186278999999999861e+00 2.192382999999999971e+00
5.737300000000000039e-02 1.391602000000000006e+00 5.834960000000000147e-01 2.192382999999999971e+00 2.202148000000000216e+00
5.737300000000000039e-02 1.391602000000000006e+00 5.822749999999999870e-01 2.192382999999999971e+00 2.211914000000000158e+00
5.737300000000000039e-02 1.391602000000000006e+00 5.822749999999999870e-01 2.186278999999999861e+00 2.174071999999999782e+00
5.737300000000000039e-02 1.392822000000000005e+00 5.834960000000000147e-01 2.192382999999999971e+00 2.183838000000000168e+00
5.737300000000000039e-02 1.394042999999999921e+00 5.834960000000000147e-01 2.186278999999999861e+00 2.172851999999999784e+00
5.737300000000000039e-02 1.391602000000000006e+00 5.834960000000000147e-01 2.187500000000000000e+00 2.185058999999999862e+00
5.737300000000000039e-02 1.391602000000000006e+00 5.822749999999999870e-01 2.186278999999999861e+00 2.193604000000000109e+00
5.737300000000000039e-02 1.391602000000000006e+00 5.847170000000000423e-01 2.186278999999999861e+00 2.172851999999999784e+00
5.737300000000000039e-02 1.394042999999999921e+00 5.847170000000000423e-01 2.186278999999999861e+00 2.164306999999999981e+00
5.615200000000000052e-02 1.391602000000000006e+00 5.822749999999999870e-01 2.187500000000000000e+00 2.182617000000000029e+00
5.737300000000000039e-02 1.392822000000000005e+00 5.834960000000000147e-01 2.188721000000000139e+00 2.172851999999999784e+00
5.737300000000000039e-02 1.391602000000000006e+00 5.834960000000000147e-01 2.192382999999999971e+00 2.188721000000000139e+00
5.737300000000000039e-02 1.391602000000000006e+00 5.834960000000000147e-01 2.186278999999999861e+00 2.183838000000000168e+00
5.615200000000000052e-02 1.391602000000000006e+00 5.822749999999999870e-01 2.186278999999999861e+00 2.172851999999999784e+00
5.737300000000000039e-02 1.391602000000000006e+00 5.834960000000000147e-01 2.186278999999999861e+00 2.163085999999999842e+00
5.737300000000000039e-02 1.392822000000000005e+00 5.822749999999999870e-01 2.186278999999999861e+00 2.163085999999999842e+00
5.737300000000000039e-02 1.392822000000000005e+00 5.822749999999999870e-01 2.186278999999999861e+00 2.163085999999999842e+00
5.737300000000000039e-02 1.391602000000000006e+00 5.822749999999999870e-01 2.186278999999999861e+00 2.163085999999999842e+00
5.737300000000000039e-02 1.391602000000000006e+00 5.822749999999999870e-01 2.186278999999999861e+00 2.155762000000000178e+00
5.737300000000000039e-02 1.391602000000000006e+00 5.822749999999999870e-01 2.182617000000000029e+00 2.192382999999999971e+00
5.737300000000000039e-02 1.392822000000000005e+00 5.834960000000000147e-01 2.185058999999999862e+00 2.202148000000000216e+00
5.737300000000000039e-02 1.391602000000000006e+00 5.834960000000000147e-01 2.186278999999999861e+00 2.182617000000000029e+00
5.737300000000000039e-02 1.392822000000000005e+00 5.822749999999999870e-01 2.186278999999999861e+00 2.174071999999999782e+00
5.737300000000000039e-02 1.391602000000000006e+00 5.822749999999999870e-01 2.186278999999999861e+00 2.156982000000000177e+00
5.737300000000000039e-02 1.391602000000000006e+00 5.822749999999999870e-01 2.183838000000000168e+00 2.163085999999999842e+00
5.737300000000000039e-02 1.391602000000000006e+00 5.822749999999999870e-01 2.186278999999999861e+00 2.164306999999999981e+00
5.737300000000000039e-02 1.391602000000000006e+00 5.822749999999999870e-01 2.186278999999999861e+00 2.163085999999999842e+00
5.737300000000000039e-02 1.392822000000000005e+00 5.822749999999999870e-01 2.186278999999999861e+00 2.163085999999999842e+00
5.737300000000000039e-02 1.391602000000000006e+00 5.822749999999999870e-01 2.192382999999999971e+00 2.182617000000000029e+00
5.737300000000000039e-02 1.391602000000000006e+00 5.822749999999999870e-01 2.186278999999999861e+00 2.182617000000000029e+00
5.737300000000000039e-02 1.391602000000000006e+00 5.822749999999999870e-01 2.186278999999999861e+00 2.166748000000000118e+00
5.737300000000000039e-02 1.391602000000000006e+00 5.822749999999999870e-01 2.185058999999999862e+00 2.193604000000000109e+00
5.737300000000000039e-02 1.391602000000000006e+00 5.834960000000000147e-01 2.185058999999999862e+00 2.202148000000000216e+00
5.737300000000000039e-02 1.391602000000000006e+00 5.822749999999999870e-01 2.185058999999999862e+00 2.211914000000000158e+00
5.859400000000000025e-02 1.394042999999999921e+00 5.822749999999999870e-01 2.185058999999999862e+00 2.213134999999999852e+00
5.737300000000000039e-02 1.391602000000000006e+00 5.822749999999999870e-01 2.186278999999999861e+00 2.182617000000000029e+00
5.737300000000000039e-02 1.391602000000000006e+00 5.822749999999999870e-01 2.186278999999999861e+00 2.172851999999999784e+00
5.737300000000000039e-02 1.391602000000000006e+00 5.822749999999999870e-01 2.185058999999999862e+00 2.193604000000000109e+00
5.737300000000000039e-02 1.391602000000000006e+00 5.822749999999999870e-01 2.183838000000000168e+00 2.172851999999999784e+00
5.737300000000000039e-02 1.391602000000000006e+00 5.822749999999999870e-01 2.185058999999999862e+00 2.194824000000000108e+00
5.737300000000000039e-02 1.391602000000000006e+00 5.822749999999999870e-01 2.185058999999999862e+00 2.214354999999999851e+00
5.737300000000000039e-02 1.391602000000000006e+00 5.822749999999999870e-01 2.186278999999999861e+00 2.202148000000000216e+00
5.737300000000000039e-02 1.391602000000000006e+00 5.822749999999999870e-01 2.183838000000000168e+00 2.172851999999999784e+00
5.737300000000000039e-02 1.391602000000000006e+00 5.822749999999999870e-01 2.185058999999999862e+00 2.193604000000000109e+00
5.737300000000000039e-02 1.391602000000000006e+00 5.822749999999999870e-01 2.185058999999999862e+00 2.202148000000000216e+00
5.737300000000000039e-02 1.391602000000000006e+00 5.822749999999999870e-01 2.183838000000000168e+00 2.182617000000000029e+00
5.737300000000000039e-02 1.391602000000000006e+00 5.822749999999999870e-01 2.183838000000000168e+00 2.172851999999999784e+00
5.737300000000000039e-02 1.391602000000000006e+00 5.822749999999999870e-01 2.183838000000000168e+00 2.163085999999999842e+00
5.737300000000000039e-02 1.390381000000000089e+00 5.822749999999999870e-01 2.182617000000000029e+00 2.183838000000000168e+00
5.737300000000000039e-02 1.391602000000000006e+00 5.822749999999999870e-01 2.182617000000000029e+00 2.193604000000000109e+00
5.737300000000000039e-02 1.391602000000000006e+00 5.822749999999999870e-01 2.183838000000000168e+00 2.174071999999999782e+00
5.737300000000000039e-02 1.391602000000000006e+00 5.822749999999999870e-01 2.182617000000000029e+00 2.186278999999999861e+00
5.615200000000000052e-02 1.391602000000000006e+00 5.822749999999999870e-01 2.185058999999999862e+00 2.211914000000000158e+00
5.737300000000000039e-02 1.391602000000000006e+00 5.822749999999999870e-01 2.183838000000000168e+00 2.182617000000000029e+00
5.737300000000000039e-02 1.391602000000000006e+00 5.822749999999999870e-01 2.183838000000000168e+00 2.172851999999999784e+00
5.737300000000000039e-02 1.391602000000000006e+00 5.822749999999999870e-01 2.182617000000000029e+00 2.186278999999999861e+00
5.737300000000000039e-02 1.391602000000000006e+00 5.822749999999999870e-01 2.182617000000000029e+00 2.211914000000000158e+00
5.737300000000000039e-02 1.391602000000000006e+00 5.810549999999999882e-01 2.183838000000000168e+00 2.182617000000000029e+00
5.737300000000000039e-02 1.391602000000000006e+00 5.810549999999999882e-01 2.182617000000000029e+00 2.192382999999999971e+00
5.737300000000000039e-02 1.391602000000000006e+00 5.810549999999999882e-01 2.182617000000000029e+00 2.202148000000000216e+00
5.737300000000000039e-02 1.387939000000000034e+00 5.822749999999999870e-01 2.182617000000000029e+00 2.211914000000000158e+00
5.737300000000000039e-02 1.391602000000000006e+00 5.810549999999999882e-01 2.182617000000000029e+00 2.211914000000000158e+00
5.615200000000000052e-02 1.391602000000000006e+00 5.810549999999999882e-01 2.182617000000000029e+00 2.211914000000000158e+00
5.737300000000000039e-02 1.387939000000000034e+00 5.810549999999999882e-01 2.182617000000000029e+00 2.207031000000000187e+00
5.737300000000000039e-02 1.386719000000000035e+00 5.810549999999999882e-01 2.182617000000000029e+00 2.221680000000000099e+00
5.737300000000000039e-02 1.391602000000000006e+00 5.847170000000000423e-01 2.182617000000000029e+00 2.221680000000000099e+00
5.737300000000000039e-02 1.391602000000000006e+00 5.871579999999999577e-01 2.182617000000000029e+00 2.215575999999999990e+00
5.737300000000000039e-02 1.392822000000000005e+00 5.932619999999999560e-01 2.185058999999999862e+00 2.221680000000000099e+00
5.737300000000000039e-02 1.401367000000000029e+00 6.018069999999999808e-01 2.185058999999999862e+00 2.221680000000000099e+00
5.737300000000000039e-02 1.406250000000000000e+00 6.164549999999999752e-01 2.186278999999999861e+00 2.193604000000000109e+00
5.859400000000000025e-02 1.414795000000000025e+00 6.408690000000000220e-01 2.192382999999999971e+00 2.196044999999999803e+00
5.859400000000000025e-02 1.430663999999999936e+00 6.799319999999999808e-01 2.203368999999999911e+00 2.193604000000000109e+00
5.981399999999999911e-02 1.450194999999999901e+00 7.409670000000000423e-01 2.211914000000000158e+00 2.211914000000000158e+00
6.225599999999999884e-02 1.484375000000000000e+00 8.251950000000000118e-01 2.231444999999999901e+00 2.225341999999999931e+00
6.347700000000000564e-02 1.530761999999999956e+00 9.277339999999999476e-01 2.252196999999999782e+00 2.224120999999999793e+00
6.591800000000000437e-02 1.590575999999999990e+00 1.049805000000000099e+00 2.280273000000000216e+00 2.260742000000000029e+00
7.080100000000000282e-02 1.665038999999999936e+00 1.168212999999999946e+00 2.313232000000000177e+00 2.260742000000000029e+00
7.446300000000000141e-02 1.748046999999999906e+00 1.285400000000000098e+00 2.358398000000000216e+00 2.290039000000000158e+00
7.812500000000000000e-02 1.833496000000000015e+00 1.391602000000000006e+00 2.398681999999999981e+00 2.301025000000000098e+00
8.178699999999999859e-02 1.928711000000000064e+00 1.484375000000000000e+00 2.446289000000000158e+00 2.332764000000000060e+00
8.666999999999999704e-02 2.026367000000000029e+00 1.557617000000000029e+00 2.496338000000000168e+00 2.363281000000000187e+00
9.033199999999999563e-02 2.124023000000000216e+00 1.619872999999999896e+00 2.545166000000000039e+00 2.387694999999999901e+00
9.521499999999999408e-02 2.213134999999999852e+00 1.674805000000000099e+00 2.602539000000000158e+00 2.427979000000000109e+00
9.887700000000000655e-02 2.303466999999999931e+00 1.718750000000000000e+00 2.645264000000000060e+00 2.441406000000000187e+00
1.025390000000000051e-01 2.388916000000000039e+00 1.762694999999999901e+00 2.700194999999999901e+00 2.496338000000000168e+00
1.074220000000000036e-01 2.475585999999999842e+00 1.801757999999999971e+00 2.749023000000000216e+00 2.534180000000000099e+00
1.110840000000000022e-01 2.553710999999999842e+00 1.834716999999999931e+00 2.797851999999999784e+00 2.575683999999999862e+00
1.147460000000000008e-01 2.623291000000000039e+00 1.871337999999999946e+00 2.840575999999999990e+00 2.592773000000000216e+00
1.184079999999999994e-01 2.691650000000000098e+00 1.904296999999999906e+00 2.890625000000000000e+00 2.622069999999999901e+00
1.220699999999999980e-01 2.758789000000000158e+00 1.938477000000000006e+00 2.935791000000000039e+00 2.631835999999999842e+00
1.257320000000000104e-01 2.819824000000000108e+00 1.968993999999999911e+00 2.983398000000000216e+00 2.680664000000000158e+00
1.293950000000000100e-01 2.878417999999999921e+00 2.000732000000000177e+00 3.022460999999999842e+00 2.719726999999999784e+00
1.330570000000000086e-01 2.930908000000000069e+00 2.027588000000000168e+00 3.071289000000000158e+00 2.749023000000000216e+00
1.367190000000000072e-01 2.987061000000000188e+00 2.048340000000000050e+00 3.110351999999999784e+00 2.778319999999999901e+00
1.403810000000000058e-01 3.022460999999999842e+00 2.065430000000000099e+00 3.149414000000000158e+00 2.807617000000000029e+00
1.428220000000000045e-01 3.061523000000000216e+00 2.075194999999999901e+00 3.188476999999999784e+00 2.827148000000000216e+00
1.464840000000000031e-01 3.093262000000000178e+00 2.084960999999999842e+00 3.217773000000000216e+00 2.847900000000000098e+00
1.477050000000000030e-01 3.123778999999999861e+00 2.084960999999999842e+00 3.249512000000000178e+00 2.868651999999999980e+00
1.513670000000000015e-01 3.149414000000000158e+00 2.084960999999999842e+00 3.281250000000000000e+00 2.897949000000000108e+00
1.525880000000000014e-01 3.173827999999999872e+00 2.084960999999999842e+00 3.306884999999999852e+00 2.899169999999999803e+00
1.538090000000000013e-01 3.188476999999999784e+00 2.075194999999999901e+00 3.328857000000000177e+00 2.895507999999999971e+00
1.550290000000000001e-01 3.206786999999999832e+00 2.067870999999999793e+00 3.355713000000000168e+00 2.896729000000000109e+00
1.562500000000000000e-01 3.211669999999999803e+00 2.056884999999999852e+00 3.374023000000000216e+00 2.934569999999999901e+00
1.574709999999999999e-01 3.222656000000000187e+00 2.047118999999999911e+00 3.393555000000000099e+00 2.963867000000000029e+00
1.574709999999999999e-01 3.231200999999999990e+00 2.037354000000000109e+00 3.404541000000000039e+00 2.954101999999999784e+00
1.586909999999999987e-01 3.237305000000000099e+00 2.026367000000000029e+00 3.422851999999999784e+00 2.973632999999999971e+00
1.586909999999999987e-01 3.247069999999999901e+00 2.016601999999999784e+00 3.435058999999999862e+00 2.993164000000000158e+00
1.586909999999999987e-01 3.247069999999999901e+00 2.016601999999999784e+00 3.435058999999999862e+00 2.993164000000000158e+00
1.586909999999999987e-01 3.247069999999999901e+00 2.006835999999999842e+00 3.452148000000000216e+00 3.002930000000000099e+00
1.586909999999999987e-01 3.249512000000000178e+00 1.997069999999999901e+00 3.461914000000000158e+00 3.012694999999999901e+00
1.599119999999999986e-01 3.256835999999999842e+00 1.987305000000000099e+00 3.471680000000000099e+00 3.023681999999999981e+00
1.599119999999999986e-01 3.248291000000000039e+00 1.977538999999999936e+00 3.475341999999999931e+00 3.002930000000000099e+00
1.599119999999999986e-01 3.247069999999999901e+00 1.967772999999999994e+00 3.483887000000000178e+00 3.013916000000000039e+00
1.586909999999999987e-01 3.248291000000000039e+00 1.959229000000000109e+00 3.491210999999999842e+00 3.035889000000000060e+00
1.586909999999999987e-01 3.247069999999999901e+00 1.958007999999999971e+00 3.500976999999999784e+00 3.051757999999999971e+00
1.599119999999999986e-01 3.247069999999999901e+00 1.948242000000000029e+00 3.503417999999999921e+00 3.051757999999999971e+00
1.586909999999999987e-01 3.247069999999999901e+00 1.939697000000000005e+00 3.510742000000000029e+00 3.062743999999999911e+00
1.586909999999999987e-01 3.247069999999999901e+00 1.933594000000000035e+00 3.520507999999999971e+00 3.051757999999999971e+00
1.586909999999999987e-01 3.238525000000000098e+00 1.928711000000000064e+00 3.520507999999999971e+00 3.055419999999999803e+00
1.574709999999999999e-01 3.239745999999999793e+00 1.918944999999999901e+00 3.520507999999999971e+00 3.071289000000000158e+00
1.574709999999999999e-01 3.237305000000000099e+00 1.911621000000000015e+00 3.521729000000000109e+00 3.041992000000000029e+00
1.586909999999999987e-01 3.237305000000000099e+00 1.909180000000000099e+00 3.524169999999999803e+00 3.026123000000000118e+00
1.574709999999999999e-01 3.237305000000000099e+00 1.904296999999999906e+00 3.530273000000000216e+00 3.051757999999999971e+00
1.574709999999999999e-01 3.228759999999999852e+00 1.899413999999999936e+00 3.530273000000000216e+00 3.063965000000000050e+00
1.574709999999999999e-01 3.227539000000000158e+00 1.899413999999999936e+00 3.530273000000000216e+00 3.083495999999999793e+00
1.574709999999999999e-01 3.227539000000000158e+00 1.890868999999999911e+00 3.535156000000000187e+00 3.090819999999999901e+00
1.574709999999999999e-01 3.220215000000000050e+00 1.889647999999999994e+00 3.531493999999999911e+00 3.055419999999999803e+00
1.562500000000000000e-01 3.217773000000000216e+00 1.879882999999999971e+00 3.535156000000000187e+00 3.071289000000000158e+00
1.562500000000000000e-01 3.210449000000000108e+00 1.862792999999999921e+00 3.540039000000000158e+00 3.090819999999999901e+00
1.538090000000000013e-01 3.208007999999999971e+00 1.860352000000000006e+00 3.535156000000000187e+00 3.081055000000000099e+00
1.538090000000000013e-01 3.208007999999999971e+00 1.851806999999999981e+00 3.533936000000000188e+00 3.063965000000000050e+00
1.538090000000000013e-01 3.208007999999999971e+00 1.850586000000000064e+00 3.531493999999999911e+00 3.046875000000000000e+00
1.538090000000000013e-01 3.198242000000000029e+00 1.840819999999999901e+00 3.535156000000000187e+00 3.071289000000000158e+00
1.538090000000000013e-01 3.198242000000000029e+00 1.835938000000000070e+00 3.531493999999999911e+00 3.051757999999999971e+00
1.525880000000000014e-01 3.199463000000000168e+00 1.832275000000000098e+00 3.530273000000000216e+00 3.065186000000000188e+00
1.525880000000000014e-01 3.188476999999999784e+00 1.826171999999999906e+00 3.530273000000000216e+00 3.072509999999999852e+00
1.513670000000000015e-01 3.188476999999999784e+00 1.821288999999999936e+00 3.530273000000000216e+00 3.071289000000000158e+00
1.513670000000000015e-01 3.182373000000000118e+00 1.811522999999999994e+00 3.524169999999999803e+00 3.051757999999999971e+00
1.501460000000000017e-01 3.178710999999999842e+00 1.801757999999999971e+00 3.530273000000000216e+00 3.055419999999999803e+00
1.501460000000000017e-01 3.178710999999999842e+00 1.791992000000000029e+00 3.522949000000000108e+00 3.072509999999999852e+00
1.489260000000000028e-01 3.172607000000000177e+00 1.791992000000000029e+00 3.524169999999999803e+00 3.041992000000000029e+00
1.489260000000000028e-01 3.168944999999999901e+00 1.791992000000000029e+00 3.520507999999999971e+00 3.054199000000000108e+00
1.477050000000000030e-01 3.162841999999999931e+00 1.791992000000000029e+00 3.521729000000000109e+00 3.046875000000000000e+00
1.477050000000000030e-01 3.153075999999999990e+00 1.791992000000000029e+00 3.520507999999999971e+00 3.071289000000000158e+00
1.477050000000000030e-01 3.159180000000000099e+00 1.791992000000000029e+00 3.522949000000000108e+00 3.071289000000000158e+00
1.464840000000000031e-01 3.159180000000000099e+00 1.783447000000000005e+00 3.521729000000000109e+00 3.041992000000000029e+00
1.464840000000000031e-01 3.150634999999999852e+00 1.782227000000000006e+00 3.520507999999999971e+00 3.051757999999999971e+00
1.452640000000000042e-01 3.149414000000000158e+00 1.773681999999999981e+00 3.515625000000000000e+00 3.061523000000000216e+00
1.452640000000000042e-01 3.149414000000000158e+00 1.772461000000000064e+00 3.510742000000000029e+00 3.063965000000000050e+00
1.452640000000000042e-01 3.140868999999999911e+00 1.772461000000000064e+00 3.510742000000000029e+00 3.081055000000000099e+00
1.440430000000000044e-01 3.139648000000000216e+00 1.762694999999999901e+00 3.510742000000000029e+00 3.071289000000000158e+00
1.440430000000000044e-01 3.139648000000000216e+00 1.752930000000000099e+00 3.510742000000000029e+00 3.071289000000000158e+00
1.428220000000000045e-01 3.129882999999999971e+00 1.734618999999999911e+00 3.500976999999999784e+00 3.071289000000000158e+00
1.416020000000000056e-01 3.129882999999999971e+00 1.715087999999999946e+00 3.504639000000000060e+00 3.046875000000000000e+00
1.416020000000000056e-01 3.120117000000000029e+00 1.694336000000000064e+00 3.500976999999999784e+00 3.055419999999999803e+00
1.403810000000000058e-01 3.111571999999999782e+00 1.674805000000000099e+00 3.491210999999999842e+00 3.063965000000000050e+00
1.391600000000000059e-01 3.110351999999999784e+00 1.650390999999999941e+00 3.496093999999999813e+00 3.071289000000000158e+00
1.379390000000000061e-01 3.100585999999999842e+00 1.629639000000000060e+00 3.483887000000000178e+00 3.063965000000000050e+00
1.367190000000000072e-01 3.092041000000000039e+00 1.617431999999999981e+00 3.482666000000000039e+00 3.045653999999999861e+00
1.354980000000000073e-01 3.085938000000000070e+00 1.616211000000000064e+00 3.481444999999999901e+00 3.046875000000000000e+00
1.342770000000000075e-01 3.081055000000000099e+00 1.606444999999999901e+00 3.476563000000000070e+00 3.066406000000000187e+00
1.330570000000000086e-01 3.071289000000000158e+00 1.607666000000000039e+00 3.471680000000000099e+00 3.071289000000000158e+00
1.330570000000000086e-01 3.067626999999999882e+00 1.610106999999999955e+00 3.471680000000000099e+00 3.061523000000000216e+00
1.330570000000000086e-01 3.061523000000000216e+00 1.616211000000000064e+00 3.465575999999999990e+00 3.022460999999999842e+00
1.318360000000000087e-01 3.061523000000000216e+00 1.619872999999999896e+00 3.461914000000000158e+00 3.032226999999999784e+00
1.318360000000000087e-01 3.051757999999999971e+00 1.625977000000000006e+00 3.461914000000000158e+00 3.032226999999999784e+00
1.306150000000000089e-01 3.051757999999999971e+00 1.635742000000000029e+00 3.457031000000000187e+00 3.032226999999999784e+00
1.318360000000000087e-01 3.051757999999999971e+00 1.640625000000000000e+00 3.454590000000000050e+00 3.035889000000000060e+00
1.306150000000000089e-01 3.046875000000000000e+00 1.649170000000000025e+00 3.452148000000000216e+00 3.044433999999999862e+00
1.293950000000000100e-01 3.046875000000000000e+00 1.655272999999999994e+00 3.452148000000000216e+00 3.051757999999999971e+00
1.293950000000000100e-01 3.041992000000000029e+00 1.665038999999999936e+00 3.444824000000000108e+00 3.046875000000000000e+00
1.281740000000000101e-01 3.041992000000000029e+00 1.666260000000000074e+00 3.443604000000000109e+00 3.022460999999999842e+00
1.281740000000000101e-01 3.041992000000000029e+00 1.674805000000000099e+00 3.443604000000000109e+00 2.993164000000000158e+00
1.281740000000000101e-01 3.041992000000000029e+00 1.673583999999999961e+00 3.442382999999999971e+00 3.017577999999999872e+00
1.281740000000000101e-01 3.044433999999999862e+00 1.674805000000000099e+00 3.443604000000000109e+00 3.005370999999999793e+00
1.281740000000000101e-01 3.041992000000000029e+00 1.674805000000000099e+00 3.436278999999999861e+00 3.002930000000000099e+00
1.281740000000000101e-01 3.034667999999999921e+00 1.665038999999999936e+00 3.433838000000000168e+00 2.977294999999999803e+00
1.281740000000000101e-01 3.033446999999999782e+00 1.656493999999999911e+00 3.433838000000000168e+00 2.983398000000000216e+00
1.269530000000000103e-01 3.034667999999999921e+00 1.646729000000000109e+00 3.426514000000000060e+00 2.976074000000000108e+00
1.269530000000000103e-01 3.032226999999999784e+00 1.636962999999999946e+00 3.432617000000000029e+00 3.005370999999999793e+00
1.257320000000000104e-01 3.023681999999999981e+00 1.627197000000000005e+00 3.432617000000000029e+00 3.027343999999999813e+00
1.257320000000000104e-01 3.022460999999999842e+00 1.625977000000000006e+00 3.424071999999999782e+00 3.006591999999999931e+00
1.257320000000000104e-01 3.015137000000000178e+00 1.617431999999999981e+00 3.425292999999999921e+00 3.022460999999999842e+00
1.245119999999999977e-01 3.012694999999999901e+00 1.616211000000000064e+00 3.422851999999999784e+00 3.013916000000000039e+00
1.245119999999999977e-01 3.012694999999999901e+00 1.611328000000000094e+00 3.425292999999999921e+00 3.012694999999999901e+00
1.232909999999999978e-01 3.012694999999999901e+00 1.606444999999999901e+00 3.419188999999999812e+00 2.983398000000000216e+00
1.232909999999999978e-01 3.002930000000000099e+00 1.600341999999999931e+00 3.413085999999999842e+00 2.994384999999999852e+00
1.232909999999999978e-01 3.002930000000000099e+00 1.591796999999999906e+00 3.413085999999999842e+00 2.996825999999999990e+00
1.220699999999999980e-01 2.996825999999999990e+00 1.586913999999999936e+00 3.413085999999999842e+00 3.012694999999999901e+00
1.220699999999999980e-01 2.994384999999999852e+00 1.578368999999999911e+00 3.405762000000000178e+00 3.012694999999999901e+00
1.220699999999999980e-01 2.993164000000000158e+00 1.577147999999999994e+00 3.403319999999999901e+00 3.004150000000000098e+00
1.220699999999999980e-01 2.985840000000000050e+00 1.572265999999999941e+00 3.404541000000000039e+00 2.973632999999999971e+00
1.208499999999999991e-01 2.983398000000000216e+00 1.568604000000000109e+00 3.403319999999999901e+00 2.984618999999999911e+00
1.196289999999999992e-01 2.983398000000000216e+00 1.567382999999999971e+00 3.395995999999999793e+00 2.993164000000000158e+00
1.196289999999999992e-01 2.974854000000000109e+00 1.567382999999999971e+00 3.394775000000000098e+00 2.973632999999999971e+00
1.196289999999999992e-01 2.973632999999999971e+00 1.567382999999999971e+00 3.393555000000000099e+00 2.974854000000000109e+00
1.184079999999999994e-01 2.973632999999999971e+00 1.567382999999999971e+00 3.393555000000000099e+00 2.983398000000000216e+00
1.184079999999999994e-01 2.968750000000000000e+00 1.567382999999999971e+00 3.393555000000000099e+00 2.985840000000000050e+00
1.184079999999999994e-01 2.968750000000000000e+00 1.567382999999999971e+00 3.383789000000000158e+00 3.002930000000000099e+00
1.184079999999999994e-01 2.968750000000000000e+00 1.577147999999999994e+00 3.387450999999999990e+00 2.973632999999999971e+00
1.171880000000000005e-01 2.963867000000000029e+00 1.577147999999999994e+00 3.383789000000000158e+00 2.973632999999999971e+00
1.171880000000000005e-01 2.957764000000000060e+00 1.580810999999999966e+00 3.383789000000000158e+00 2.984618999999999911e+00
1.171880000000000005e-01 2.957764000000000060e+00 1.588135000000000074e+00 3.383789000000000158e+00 2.988281000000000187e+00
1.159670000000000006e-01 2.963867000000000029e+00 1.590575999999999990e+00 3.374023000000000216e+00 3.002930000000000099e+00
1.171880000000000005e-01 2.956542999999999921e+00 1.596680000000000099e+00 3.383789000000000158e+00 2.993164000000000158e+00
1.171880000000000005e-01 2.956542999999999921e+00 1.606444999999999901e+00 3.383789000000000158e+00 2.988281000000000187e+00
1.171880000000000005e-01 2.957764000000000060e+00 1.606444999999999901e+00 3.375243999999999911e+00 2.974854000000000109e+00
1.171880000000000005e-01 2.955321999999999782e+00 1.607666000000000039e+00 3.374023000000000216e+00 2.976074000000000108e+00
1.159670000000000006e-01 2.955321999999999782e+00 1.606444999999999901e+00 3.374023000000000216e+00 2.993164000000000158e+00
1.171880000000000005e-01 2.955321999999999782e+00 1.606444999999999901e+00 3.374023000000000216e+00 2.984618999999999911e+00
1.171880000000000005e-01 2.956542999999999921e+00 1.599121000000000015e+00 3.374023000000000216e+00 2.983398000000000216e+00
1.171880000000000005e-01 2.954101999999999784e+00 1.596680000000000099e+00 3.367919999999999803e+00 2.963867000000000029e+00
1.159670000000000006e-01 2.954101999999999784e+00 1.586913999999999936e+00 3.367919999999999803e+00 2.944335999999999842e+00
1.159670000000000006e-01 2.954101999999999784e+00 1.577147999999999994e+00 3.366699000000000108e+00 2.955321999999999782e+00
1.159670000000000006e-01 2.954101999999999784e+00 1.567382999999999971e+00 3.364257999999999971e+00 2.963867000000000029e+00
1.147460000000000008e-01 2.945556999999999981e+00 1.552734000000000059e+00 3.364257999999999971e+00 2.973632999999999971e+00
1.147460000000000008e-01 2.947998000000000118e+00 1.539306999999999981e+00 3.364257999999999971e+00 2.973632999999999971e+00
1.135250000000000009e-01 2.937012000000000178e+00 1.530761999999999956e+00 3.360596000000000139e+00 2.954101999999999784e+00
1.135250000000000009e-01 2.934569999999999901e+00 1.513671999999999906e+00 3.364257999999999971e+00 2.955321999999999782e+00
1.135250000000000009e-01 2.926025000000000098e+00 1.499022999999999994e+00 3.354492000000000029e+00 2.957764000000000060e+00
1.123050000000000020e-01 2.924805000000000099e+00 1.489257999999999971e+00 3.354492000000000029e+00 2.973632999999999971e+00
1.123050000000000020e-01 2.916259999999999852e+00 1.469727000000000006e+00 3.345946999999999782e+00 2.945556999999999981e+00
1.110840000000000022e-01 2.915039000000000158e+00 1.453856999999999955e+00 3.344726999999999784e+00 2.954101999999999784e+00
1.110840000000000022e-01 2.906493999999999911e+00 1.440430000000000099e+00 3.344726999999999784e+00 2.956542999999999921e+00
1.098630000000000023e-01 2.897949000000000108e+00 1.430663999999999936e+00 3.337401999999999980e+00 2.973632999999999971e+00
1.086430000000000035e-01 2.895507999999999971e+00 1.420897999999999994e+00 3.334960999999999842e+00 2.963867000000000029e+00
1.074220000000000036e-01 2.886963000000000168e+00 1.406250000000000000e+00 3.327637000000000178e+00 2.956542999999999921e+00
1.074220000000000036e-01 2.885742000000000029e+00 1.392822000000000005e+00 3.325194999999999901e+00 2.967528999999999861e+00
1.074220000000000036e-01 2.874756000000000089e+00 1.381836000000000064e+00 3.325194999999999901e+00 2.963867000000000029e+00
1.062010000000000037e-01 2.867431999999999981e+00 1.374511999999999956e+00 3.317870999999999793e+00 2.957764000000000060e+00
1.049800000000000039e-01 2.858887000000000178e+00 1.365966999999999931e+00 3.315430000000000099e+00 2.963867000000000029e+00
1.049800000000000039e-01 2.856444999999999901e+00 1.362305000000000099e+00 3.309325999999999990e+00 2.928466999999999931e+00
1.049800000000000039e-01 2.847900000000000098e+00 1.356200999999999990e+00 3.306884999999999852e+00 2.918700999999999990e+00
1.037600000000000050e-01 2.846680000000000099e+00 1.352538999999999936e+00 3.305664000000000158e+00 2.928466999999999931e+00
1.037600000000000050e-01 2.836914000000000158e+00 1.352538999999999936e+00 3.295898000000000216e+00 2.944335999999999842e+00
1.025390000000000051e-01 2.836914000000000158e+00 1.352538999999999936e+00 3.295898000000000216e+00 2.935791000000000039e+00
1.025390000000000051e-01 2.827148000000000216e+00 1.352538999999999936e+00 3.295898000000000216e+00 2.928466999999999931e+00
1.025390000000000051e-01 2.827148000000000216e+00 1.352538999999999936e+00 3.286132999999999971e+00 2.937012000000000178e+00
1.025390000000000051e-01 2.817382999999999971e+00 1.353760000000000074e+00 3.286132999999999971e+00 2.946776999999999980e+00
1.013180000000000053e-01 2.817382999999999971e+00 1.357421999999999906e+00 3.283691000000000138e+00 2.946776999999999980e+00
1.000980000000000064e-01 2.810058999999999862e+00 1.362305000000000099e+00 3.276367000000000029e+00 2.946776999999999980e+00
1.000980000000000064e-01 2.807617000000000029e+00 1.362305000000000099e+00 3.277588000000000168e+00 2.924805000000000099e+00
1.000980000000000064e-01 2.801514000000000060e+00 1.363525000000000098e+00 3.270264000000000060e+00 2.897949000000000108e+00
1.000980000000000064e-01 2.802734000000000059e+00 1.365966999999999931e+00 3.267821999999999782e+00 2.895507999999999971e+00
1.000980000000000064e-01 2.797851999999999784e+00 1.372069999999999901e+00 3.267821999999999782e+00 2.877196999999999782e+00
9.887700000000000655e-02 2.797851999999999784e+00 1.372069999999999901e+00 3.266601999999999784e+00 2.895507999999999971e+00
9.887700000000000655e-02 2.792968999999999813e+00 1.373291000000000039e+00 3.266601999999999784e+00 2.905273000000000216e+00
9.887700000000000655e-02 2.789306999999999981e+00 1.381836000000000064e+00 3.261718999999999813e+00 2.906493999999999911e+00
9.887700000000000655e-02 2.788085999999999842e+00 1.385497999999999896e+00 3.256835999999999842e+00 2.915039000000000158e+00
9.887700000000000655e-02 2.788085999999999842e+00 1.391602000000000006e+00 3.256835999999999842e+00 2.915039000000000158e+00
9.887700000000000655e-02 2.788085999999999842e+00 1.391602000000000006e+00 3.250732000000000177e+00 2.885742000000000029e+00
9.887700000000000655e-02 2.788085999999999842e+00 1.394042999999999921e+00 3.250732000000000177e+00 2.871093999999999813e+00
9.887700000000000655e-02 2.781982000000000177e+00 1.401367000000000029e+00 3.248291000000000039e+00 2.869873000000000118e+00
9.887700000000000655e-02 2.781982000000000177e+00 1.401367000000000029e+00 3.249512000000000178e+00 2.895507999999999971e+00
9.887700000000000655e-02 2.779541000000000039e+00 1.406250000000000000e+00 3.247069999999999901e+00 2.896729000000000109e+00
9.887700000000000655e-02 2.779541000000000039e+00 1.406250000000000000e+00 3.247069999999999901e+00 2.897949000000000108e+00
9.887700000000000655e-02 2.778319999999999901e+00 1.411132999999999971e+00 3.240966999999999931e+00 2.895507999999999971e+00
9.887700000000000655e-02 2.778319999999999901e+00 1.411132999999999971e+00 3.240966999999999931e+00 2.871093999999999813e+00
9.765600000000000669e-02 2.779541000000000039e+00 1.411132999999999971e+00 3.247069999999999901e+00 2.890625000000000000e+00
9.765600000000000669e-02 2.778319999999999901e+00 1.411132999999999971e+00 3.239745999999999793e+00 2.906493999999999911e+00
9.765600000000000669e-02 2.778319999999999901e+00 1.406250000000000000e+00 3.240966999999999931e+00 2.877196999999999782e+00
9.887700000000000655e-02 2.778319999999999901e+00 1.405029000000000083e+00 3.237305000000000099e+00 2.885742000000000029e+00
9.765600000000000669e-02 2.778319999999999901e+00 1.401367000000000029e+00 3.237305000000000099e+00 2.886963000000000168e+00
9.765600000000000669e-02 2.770995999999999793e+00 1.396484000000000059e+00 3.237305000000000099e+00 2.895507999999999971e+00
9.765600000000000669e-02 2.772216999999999931e+00 1.391602000000000006e+00 3.237305000000000099e+00 2.895507999999999971e+00
9.765600000000000669e-02 2.769775000000000098e+00 1.387939000000000034e+00 3.237305000000000099e+00 2.899169999999999803e+00
9.765600000000000669e-02 2.768555000000000099e+00 1.384276999999999980e+00 3.228759999999999852e+00 2.885742000000000029e+00
9.765600000000000669e-02 2.768555000000000099e+00 1.381836000000000064e+00 3.227539000000000158e+00 2.879639000000000060e+00
9.643599999999999395e-02 2.768555000000000099e+00 1.381836000000000064e+00 3.227539000000000158e+00 2.896729000000000109e+00
9.765600000000000669e-02 2.763672000000000128e+00 1.381836000000000064e+00 3.227539000000000158e+00 2.891846000000000139e+00
9.765600000000000669e-02 2.768555000000000099e+00 1.381836000000000064e+00 3.227539000000000158e+00 2.899169999999999803e+00
9.643599999999999395e-02 2.760009999999999852e+00 1.383056999999999981e+00 3.227539000000000158e+00 2.906493999999999911e+00
9.643599999999999395e-02 2.760009999999999852e+00 1.386719000000000035e+00 3.222656000000000187e+00 2.895507999999999971e+00
9.643599999999999395e-02 2.760009999999999852e+00 1.391602000000000006e+00 3.223876999999999882e+00 2.875976999999999784e+00
9.643599999999999395e-02 2.760009999999999852e+00 1.391602000000000006e+00 3.223876999999999882e+00 2.875976999999999784e+00
9.643599999999999395e-02 2.761229999999999851e+00 1.396484000000000059e+00 3.220215000000000050e+00 2.875976999999999784e+00
9.765600000000000669e-02 2.758789000000000158e+00 1.401367000000000029e+00 3.217773000000000216e+00 2.878417999999999921e+00
9.643599999999999395e-02 2.760009999999999852e+00 1.411132999999999971e+00 3.222656000000000187e+00 2.895507999999999971e+00
9.765600000000000669e-02 2.763672000000000128e+00 1.414795000000000025e+00 3.218993999999999911e+00 2.875976999999999784e+00
9.765600000000000669e-02 2.761229999999999851e+00 1.420897999999999994e+00 3.218993999999999911e+00 2.856444999999999901e+00
9.765600000000000669e-02 2.762450999999999990e+00 1.423340000000000050e+00 3.217773000000000216e+00 2.866210999999999842e+00
9.765600000000000669e-02 2.768555000000000099e+00 1.425780999999999965e+00 3.220215000000000050e+00 2.875976999999999784e+00
9.887700000000000655e-02 2.768555000000000099e+00 1.434325999999999990e+00 3.227539000000000158e+00 2.890625000000000000e+00
9.887700000000000655e-02 2.769775000000000098e+00 1.474609000000000059e+00 3.217773000000000216e+00 2.895507999999999971e+00
9.887700000000000655e-02 2.769775000000000098e+00 1.474609000000000059e+00 3.217773000000000216e+00 2.895507999999999971e+00
1.000980000000000064e-01 2.779541000000000039e+00 1.547852000000000006e+00 3.221436000000000188e+00 2.875976999999999784e+00
1.025390000000000051e-01 2.797851999999999784e+00 1.646729000000000109e+00 3.228759999999999852e+00 2.856444999999999901e+00
1.049800000000000039e-01 2.821044999999999803e+00 1.752930000000000099e+00 3.247069999999999901e+00 2.875976999999999784e+00
1.086430000000000035e-01 2.856444999999999901e+00 1.850586000000000064e+00 3.249512000000000178e+00 2.897949000000000108e+00
1.123050000000000020e-01 2.895507999999999971e+00 1.938477000000000006e+00 3.266601999999999784e+00 2.918700999999999990e+00
1.159670000000000006e-01 2.934569999999999901e+00 2.006835999999999842e+00 3.282471000000000139e+00 2.915039000000000158e+00
1.196289999999999992e-01 2.973632999999999971e+00 2.065430000000000099e+00 3.305664000000000158e+00 2.924805000000000099e+00
1.232909999999999978e-01 3.006591999999999931e+00 2.110596000000000139e+00 3.317870999999999793e+00 2.944335999999999842e+00
1.281740000000000101e-01 3.050536999999999832e+00 2.153319999999999901e+00 3.334960999999999842e+00 2.954101999999999784e+00
1.318360000000000087e-01 3.074950999999999990e+00 2.182617000000000029e+00 3.359375000000000000e+00 2.965088000000000168e+00
1.354980000000000073e-01 3.110351999999999784e+00 2.202148000000000216e+00 3.374023000000000216e+00 2.977294999999999803e+00
1.391600000000000059e-01 3.139648000000000216e+00 2.221680000000000099e+00 3.393555000000000099e+00 3.002930000000000099e+00
1.428220000000000045e-01 3.162841999999999931e+00 2.231444999999999901e+00 3.404541000000000039e+00 2.984618999999999911e+00
1.452640000000000042e-01 3.188476999999999784e+00 2.241210999999999842e+00 3.426514000000000060e+00 2.977294999999999803e+00
1.489260000000000028e-01 3.208007999999999971e+00 2.250976999999999784e+00 3.442382999999999971e+00 3.007813000000000070e+00
1.513670000000000015e-01 3.227539000000000158e+00 2.265625000000000000e+00 3.461914000000000158e+00 3.044433999999999862e+00
1.538090000000000013e-01 3.247069999999999901e+00 2.271729000000000109e+00 3.471680000000000099e+00 3.061523000000000216e+00
1.562500000000000000e-01 3.259276999999999980e+00 2.280273000000000216e+00 3.481444999999999901e+00 3.061523000000000216e+00
1.574709999999999999e-01 3.278808999999999862e+00 2.291259999999999852e+00 3.500976999999999784e+00 3.071289000000000158e+00
1.611329999999999985e-01 3.289794999999999803e+00 2.296142999999999823e+00 3.510742000000000029e+00 3.081055000000000099e+00
1.623539999999999983e-01 3.305664000000000158e+00 2.303466999999999931e+00 3.524169999999999803e+00 3.071289000000000158e+00
1.635739999999999972e-01 3.315430000000000099e+00 2.310791000000000039e+00 3.532715000000000050e+00 3.081055000000000099e+00
1.684569999999999956e-01 3.326416000000000039e+00 2.320556999999999981e+00 3.559569999999999901e+00 3.100585999999999842e+00
1.708979999999999944e-01 3.336181999999999981e+00 2.324218999999999813e+00 3.569335999999999842e+00 3.110351999999999784e+00
1.721189999999999942e-01 3.345946999999999782e+00 2.329101999999999784e+00 3.579101999999999784e+00 3.115234000000000059e+00
1.745609999999999939e-01 3.354492000000000029e+00 2.329101999999999784e+00 3.582764000000000060e+00 3.112792999999999921e+00
1.745609999999999939e-01 3.359375000000000000e+00 2.329101999999999784e+00 3.598632999999999971e+00 3.125000000000000000e+00
1.770019999999999927e-01 3.364257999999999971e+00 2.319335999999999842e+00 3.599854000000000109e+00 3.129882999999999971e+00
1.770019999999999927e-01 3.364257999999999971e+00 2.309569999999999901e+00 3.602294999999999803e+00 3.110351999999999784e+00
1.782229999999999925e-01 3.365479000000000109e+00 2.301025000000000098e+00 3.618164000000000158e+00 3.125000000000000000e+00
1.806639999999999913e-01 3.378906000000000187e+00 2.282715000000000050e+00 3.627930000000000099e+00 3.159180000000000099e+00
1.806639999999999913e-01 3.374023000000000216e+00 2.270507999999999971e+00 3.627930000000000099e+00 3.161620999999999793e+00
1.806639999999999913e-01 3.374023000000000216e+00 2.260742000000000029e+00 3.627930000000000099e+00 3.171387000000000178e+00
1.818849999999999911e-01 3.374023000000000216e+00 2.246093999999999813e+00 3.632813000000000070e+00 3.170166000000000039e+00
1.818849999999999911e-01 3.375243999999999911e+00 2.232666000000000039e+00 3.637694999999999901e+00 3.168944999999999901e+00
1.818849999999999911e-01 3.374023000000000216e+00 2.222900000000000098e+00 3.637694999999999901e+00 3.168944999999999901e+00
1.818849999999999911e-01 3.367919999999999803e+00 2.211914000000000158e+00 3.637694999999999901e+00 3.159180000000000099e+00
1.818849999999999911e-01 3.364257999999999971e+00 2.202148000000000216e+00 3.637694999999999901e+00 3.159180000000000099e+00
1.806639999999999913e-01 3.369140999999999941e+00 2.183838000000000168e+00 3.641357000000000177e+00 3.149414000000000158e+00
1.806639999999999913e-01 3.364257999999999971e+00 2.174071999999999782e+00 3.638916000000000039e+00 3.129882999999999971e+00
1.806639999999999913e-01 3.364257999999999971e+00 2.163085999999999842e+00 3.647460999999999842e+00 3.139648000000000216e+00
1.806639999999999913e-01 3.356933999999999862e+00 2.145995999999999793e+00 3.638916000000000039e+00 3.132324000000000108e+00
1.806639999999999913e-01 3.354492000000000029e+00 2.133789000000000158e+00 3.640137000000000178e+00 3.150634999999999852e+00
1.794429999999999914e-01 3.345946999999999782e+00 2.115479000000000109e+00 3.641357000000000177e+00 3.139648000000000216e+00
1.782229999999999925e-01 3.344726999999999784e+00 2.104492000000000029e+00 3.637694999999999901e+00 3.139648000000000216e+00
1.770019999999999927e-01 3.344726999999999784e+00 2.091063999999999812e+00 3.637694999999999901e+00 3.159180000000000099e+00
1.757809999999999928e-01 3.334960999999999842e+00 2.056884999999999852e+00 3.637694999999999901e+00 3.168944999999999901e+00
1.757809999999999928e-01 3.327637000000000178e+00 2.045898000000000216e+00 3.631591999999999931e+00 3.140868999999999911e+00
1.745609999999999939e-01 3.325194999999999901e+00 2.027588000000000168e+00 3.629150000000000098e+00 3.129882999999999971e+00
1.733399999999999941e-01 3.319091999999999931e+00 2.016601999999999784e+00 3.629150000000000098e+00 3.120117000000000029e+00
1.733399999999999941e-01 3.319091999999999931e+00 2.016601999999999784e+00 3.629150000000000098e+00 3.120117000000000029e+00
1.733399999999999941e-01 3.316650000000000098e+00 2.006835999999999842e+00 3.627930000000000099e+00 3.129882999999999971e+00
1.721189999999999942e-01 3.306884999999999852e+00 1.987305000000000099e+00 3.627930000000000099e+00 3.140868999999999911e+00
1.721189999999999942e-01 3.305664000000000158e+00 1.978760000000000074e+00 3.621825999999999990e+00 3.129882999999999971e+00
1.708979999999999944e-01 3.298340000000000050e+00 1.967772999999999994e+00 3.618164000000000158e+00 3.126221000000000139e+00
1.696779999999999955e-01 3.295898000000000216e+00 1.958007999999999971e+00 3.618164000000000158e+00 3.149414000000000158e+00
1.672359999999999958e-01 3.286132999999999971e+00 1.939697000000000005e+00 3.618164000000000158e+00 3.149414000000000158e+00
1.672359999999999958e-01 3.281250000000000000e+00 1.928711000000000064e+00 3.610840000000000050e+00 3.149414000000000158e+00
1.660159999999999969e-01 3.281250000000000000e+00 1.909180000000000099e+00 3.608398000000000216e+00 3.139648000000000216e+00
1.647949999999999970e-01 3.267821999999999782e+00 1.889647999999999994e+00 3.608398000000000216e+00 3.139648000000000216e+00
1.635739999999999972e-01 3.261718999999999813e+00 1.870117000000000029e+00 3.601074000000000108e+00 3.139648000000000216e+00
1.623539999999999983e-01 3.256835999999999842e+00 1.851806999999999981e+00 3.598632999999999971e+00 3.139648000000000216e+00
1.611329999999999985e-01 3.247069999999999901e+00 1.822510000000000074e+00 3.598632999999999971e+00 3.139648000000000216e+00
1.586909999999999987e-01 3.237305000000000099e+00 1.801757999999999971e+00 3.588867000000000029e+00 3.133544999999999803e+00
1.574709999999999999e-01 3.231200999999999990e+00 1.782227000000000006e+00 3.580321999999999782e+00 3.120117000000000029e+00
1.562500000000000000e-01 3.223876999999999882e+00 1.757813000000000070e+00 3.579101999999999784e+00 3.112792999999999921e+00
1.550290000000000001e-01 3.211669999999999803e+00 1.733397999999999994e+00 3.571776999999999980e+00 3.129882999999999971e+00
1.525880000000000014e-01 3.203125000000000000e+00 1.706542999999999921e+00 3.569335999999999842e+00 3.121338000000000168e+00
1.513670000000000015e-01 3.198242000000000029e+00 1.688231999999999955e+00 3.563232000000000177e+00 3.100585999999999842e+00
1.513670000000000015e-01 3.188476999999999784e+00 1.677246000000000015e+00 3.559569999999999901e+00 3.093262000000000178e+00
1.489260000000000028e-01 3.178710999999999842e+00 1.676025000000000098e+00 3.549805000000000099e+00 3.120117000000000029e+00
1.477050000000000030e-01 3.168944999999999901e+00 1.685791000000000039e+00 3.549805000000000099e+00 3.110351999999999784e+00
1.464840000000000031e-01 3.168944999999999901e+00 1.707764000000000060e+00 3.542479999999999851e+00 3.110351999999999784e+00
1.464840000000000031e-01 3.160400000000000098e+00 1.733397999999999994e+00 3.540039000000000158e+00 3.100585999999999842e+00
1.464840000000000031e-01 3.159180000000000099e+00 1.757813000000000070e+00 3.540039000000000158e+00 3.100585999999999842e+00
1.452640000000000042e-01 3.159180000000000099e+00 1.782227000000000006e+00 3.540039000000000158e+00 3.094482000000000177e+00
1.452640000000000042e-01 3.153075999999999990e+00 1.801757999999999971e+00 3.531493999999999911e+00 3.084716999999999931e+00
1.440430000000000044e-01 3.151854999999999851e+00 1.816405999999999965e+00 3.530273000000000216e+00 3.090819999999999901e+00
1.440430000000000044e-01 3.154297000000000128e+00 1.826171999999999906e+00 3.530273000000000216e+00 3.090819999999999901e+00
1.440430000000000044e-01 3.159180000000000099e+00 1.843261999999999956e+00 3.522949000000000108e+00 3.090819999999999901e+00
1.440430000000000044e-01 3.159180000000000099e+00 1.861572000000000005e+00 3.524169999999999803e+00 3.076172000000000128e+00
1.452640000000000042e-01 3.159180000000000099e+00 1.882324000000000108e+00 3.521729000000000109e+00 3.071289000000000158e+00
1.452640000000000042e-01 3.159180000000000099e+00 1.889647999999999994e+00 3.521729000000000109e+00 3.051757999999999971e+00
1.452640000000000042e-01 3.161620999999999793e+00 1.890868999999999911e+00 3.524169999999999803e+00 3.051757999999999971e+00
1.452640000000000042e-01 3.161620999999999793e+00 1.889647999999999994e+00 3.530273000000000216e+00 3.061523000000000216e+00
1.452640000000000042e-01 3.161620999999999793e+00 1.879882999999999971e+00 3.521729000000000109e+00 3.052979000000000109e+00
1.440430000000000044e-01 3.164063000000000070e+00 1.871337999999999946e+00 3.522949000000000108e+00 3.071289000000000158e+00
1.440430000000000044e-01 3.161620999999999793e+00 1.860352000000000006e+00 3.520507999999999971e+00 3.071289000000000158e+00
1.428220000000000045e-01 3.159180000000000099e+00 1.846924000000000010e+00 3.520507999999999971e+00 3.082275000000000098e+00
1.428220000000000045e-01 3.150634999999999852e+00 1.832275000000000098e+00 3.520507999999999971e+00 3.085938000000000070e+00
1.428220000000000045e-01 3.149414000000000158e+00 1.802979000000000109e+00 3.520507999999999971e+00 3.090819999999999901e+00
1.416020000000000056e-01 3.133544999999999803e+00 1.779784999999999950e+00 3.510742000000000029e+00 3.081055000000000099e+00
1.391600000000000059e-01 3.139648000000000216e+00 1.762694999999999901e+00 3.504639000000000060e+00 3.061523000000000216e+00
1.391600000000000059e-01 3.132324000000000108e+00 1.744385000000000074e+00 3.503417999999999921e+00 3.063965000000000050e+00
1.379390000000000061e-01 3.120117000000000029e+00 1.733397999999999994e+00 3.500976999999999784e+00 3.074950999999999990e+00
1.367190000000000072e-01 3.120117000000000029e+00 1.718750000000000000e+00 3.500976999999999784e+00 3.081055000000000099e+00
1.367190000000000072e-01 3.111571999999999782e+00 1.705322000000000005e+00 3.496093999999999813e+00 3.081055000000000099e+00
1.354980000000000073e-01 3.110351999999999784e+00 1.699219000000000035e+00 3.491210999999999842e+00 3.071289000000000158e+00
1.342770000000000075e-01 3.101806999999999981e+00 1.687011999999999956e+00 3.491210999999999842e+00 3.071289000000000158e+00
1.330570000000000086e-01 3.094482000000000177e+00 1.676025000000000098e+00 3.481444999999999901e+00 3.065186000000000188e+00
1.330570000000000086e-01 3.090819999999999901e+00 1.666260000000000074e+00 3.481444999999999901e+00 3.074950999999999990e+00
1.318360000000000087e-01 3.085938000000000070e+00 1.655272999999999994e+00 3.475341999999999931e+00 3.061523000000000216e+00
1.318360000000000087e-01 3.081055000000000099e+00 1.640625000000000000e+00 3.471680000000000099e+00 3.046875000000000000e+00
1.306150000000000089e-01 3.072509999999999852e+00 1.625977000000000006e+00 3.471680000000000099e+00 3.066406000000000187e+00
1.293950000000000100e-01 3.071289000000000158e+00 1.616211000000000064e+00 3.463134999999999852e+00 3.051757999999999971e+00
1.281740000000000101e-01 3.061523000000000216e+00 1.597900000000000098e+00 3.461914000000000158e+00 3.051757999999999971e+00
1.281740000000000101e-01 3.051757999999999971e+00 1.583252000000000104e+00 3.461914000000000158e+00 3.051757999999999971e+00
1.257320000000000104e-01 3.046875000000000000e+00 1.568604000000000109e+00 3.452148000000000216e+00 3.051757999999999971e+00
1.245119999999999977e-01 3.041992000000000029e+00 1.557617000000000029e+00 3.452148000000000216e+00 3.041992000000000029e+00
1.245119999999999977e-01 3.032226999999999784e+00 1.539306999999999981e+00 3.446044999999999803e+00 3.023681999999999981e+00
1.232909999999999978e-01 3.032226999999999784e+00 1.528319999999999901e+00 3.436278999999999861e+00 3.004150000000000098e+00
1.220699999999999980e-01 3.016357000000000177e+00 1.518555000000000099e+00 3.435058999999999862e+00 3.012694999999999901e+00
1.220699999999999980e-01 3.013916000000000039e+00 1.500243999999999911e+00 3.432617000000000029e+00 3.024901999999999980e+00
1.208499999999999991e-01 3.002930000000000099e+00 1.489257999999999971e+00 3.424071999999999782e+00 3.013916000000000039e+00
1.196289999999999992e-01 2.993164000000000158e+00 1.479492000000000029e+00 3.422851999999999784e+00 3.006591999999999931e+00
1.184079999999999994e-01 2.988281000000000187e+00 1.464844000000000035e+00 3.422851999999999784e+00 3.022460999999999842e+00
1.171880000000000005e-01 2.983398000000000216e+00 1.455078000000000094e+00 3.413085999999999842e+00 3.022460999999999842e+00
1.159670000000000006e-01 2.973632999999999971e+00 1.441650000000000098e+00 3.404541000000000039e+00 3.002930000000000099e+00
1.159670000000000006e-01 2.965088000000000168e+00 1.435546999999999906e+00 3.403319999999999901e+00 2.995604999999999851e+00
1.147460000000000008e-01 2.957764000000000060e+00 1.430663999999999936e+00 3.397216999999999931e+00 3.002930000000000099e+00
1.135250000000000009e-01 2.954101999999999784e+00 1.420897999999999994e+00 3.393555000000000099e+00 2.993164000000000158e+00
1.135250000000000009e-01 2.944335999999999842e+00 1.416015999999999941e+00 3.386229999999999851e+00 2.996825999999999990e+00
1.123050000000000020e-01 2.938232000000000177e+00 1.411132999999999971e+00 3.377686000000000188e+00 2.984618999999999911e+00
1.123050000000000020e-01 2.934569999999999901e+00 1.406250000000000000e+00 3.383789000000000158e+00 2.984618999999999911e+00
1.110840000000000022e-01 2.924805000000000099e+00 1.402587999999999946e+00 3.374023000000000216e+00 2.994384999999999852e+00
1.110840000000000022e-01 2.924805000000000099e+00 1.402587999999999946e+00 3.374023000000000216e+00 2.994384999999999852e+00
1.098630000000000023e-01 2.918700999999999990e+00 1.401367000000000029e+00 3.367919999999999803e+00 2.967528999999999861e+00
1.098630000000000023e-01 2.915039000000000158e+00 1.391602000000000006e+00 3.364257999999999971e+00 2.973632999999999971e+00
1.086430000000000035e-01 2.905273000000000216e+00 1.391602000000000006e+00 3.364257999999999971e+00 2.977294999999999803e+00
1.086430000000000035e-01 2.899169999999999803e+00 1.384276999999999980e+00 3.359375000000000000e+00 2.989501999999999882e+00
1.074220000000000036e-01 2.895507999999999971e+00 1.381836000000000064e+00 3.354492000000000029e+00 2.994384999999999852e+00
1.074220000000000036e-01 2.885742000000000029e+00 1.375731999999999955e+00 3.345946999999999782e+00 2.966308999999999862e+00
1.062010000000000037e-01 2.879639000000000060e+00 1.373291000000000039e+00 3.344726999999999784e+00 2.974854000000000109e+00
1.062010000000000037e-01 2.875976999999999784e+00 1.372069999999999901e+00 3.336181999999999981e+00 2.954101999999999784e+00
1.049800000000000039e-01 2.868651999999999980e+00 1.364746000000000015e+00 3.334960999999999842e+00 2.954101999999999784e+00
1.037600000000000050e-01 2.866210999999999842e+00 1.362305000000000099e+00 3.328857000000000177e+00 2.944335999999999842e+00
