5.859400000000000025e-02 1.440430000000000099e+00 5.957029999999999825e-01 2.221680000000000099e+00
5.737300000000000039e-02 1.440430000000000099e+00 6.005859999999999532e-01 2.221680000000000099e+00
5.737300000000000039e-02 1.440430000000000099e+00 5.957029999999999825e-01 2.221680000000000099e+00
5.737300000000000039e-02 1.441650000000000098e+00 5.969240000000000101e-01 2.221680000000000099e+00
5.737300000000000039e-02 1.440430000000000099e+00 5.969240000000000101e-01 2.221680000000000099e+00
5.859400000000000025e-02 1.440430000000000099e+00 5.969240000000000101e-01 2.221680000000000099e+00
5.737300000000000039e-02 1.440430000000000099e+00 5.969240000000000101e-01 2.221680000000000099e+00
5.737300000000000039e-02 1.440430000000000099e+00 5.957029999999999825e-01 2.221680000000000099e+00
5.737300000000000039e-02 1.440430000000000099e+00 5.969240000000000101e-01 2.221680000000000099e+00
5.859400000000000025e-02 1.440430000000000099e+00 5.969240000000000101e-01 2.221680000000000099e+00
5.737300000000000039e-02 1.440430000000000099e+00 5.969240000000000101e-01 2.221680000000000099e+00
5.737300000000000039e-02 1.440430000000000099e+00 5.969240000000000101e-01 2.221680000000000099e+00
5.737300000000000039e-02 1.440430000000000099e+00 5.969240000000000101e-01 2.221680000000000099e+00
5.737300000000000039e-02 1.440430000000000099e+00 5.969240000000000101e-01 2.221680000000000099e+00
5.737300000000000039e-02 1.440430000000000099e+00 5.957029999999999825e-01 2.221680000000000099e+00
5.737300000000000039e-02 1.440430000000000099e+00 5.969240000000000101e-01 2.221680000000000099e+00
5.737300000000000039e-02 1.440430000000000099e+00 5.957029999999999825e-01 2.221680000000000099e+00
5.859400000000000025e-02 1.440430000000000099e+00 5.969240000000000101e-01 2.221680000000000099e+00
5.737300000000000039e-02 1.440430000000000099e+00 5.969240000000000101e-01 2.221680000000000099e+00
5.737300000000000039e-02 1.440430000000000099e+00 5.969240000000000101e-01 2.221680000000000099e+00
5.737300000000000039e-02 1.440430000000000099e+00 5.957029999999999825e-01 2.221680000000000099e+00
5.737300000000000039e-02 1.440430000000000099e+00 5.969240000000000101e-01 2.221680000000000099e+00
5.859400000000000025e-02 1.440430000000000099e+00 5.969240000000000101e-01 2.221680000000000099e+00
5.737300000000000039e-02 1.440430000000000099e+00 5.969240000000000101e-01 2.221680000000000099e+00
5.859400000000000025e-02 1.440430000000000099e+00 5.969240000000000101e-01 2.221680000000000099e+00
5.859400000000000025e-02 1.440430000000000099e+00 5.969240000000000101e-01 2.221680000000000099e+00
5.737300000000000039e-02 1.440430000000000099e+00 5.969240000000000101e-01 2.221680000000000099e+00
5.737300000000000039e-02 1.440430000000000099e+00 5.957029999999999825e-01 2.221680000000000099e+00
5.737300000000000039e-02 1.440430000000000099e+00 5.969240000000000101e-01 2.221680000000000099e+00
5.737300000000000039e-02 1.441650000000000098e+00 5.957029999999999825e-01 2.221680000000000099e+00
5.737300000000000039e-02 1.440430000000000099e+00 5.969240000000000101e-01 2.221680000000000099e+00
5.737300000000000039e-02 1.440430000000000099e+00 5.969240000000000101e-01 2.221680000000000099e+00
5.737300000000000039e-02 1.440430000000000099e+00 5.969240000000000101e-01 2.215575999999999990e+00
5.737300000000000039e-02 1.440430000000000099e+00 5.969240000000000101e-01 2.221680000000000099e+00
5.737300000000000039e-02 1.440430000000000099e+00 5.969240000000000101e-01 2.221680000000000099e+00
5.737300000000000039e-02 1.440430000000000099e+00 5.969240000000000101e-01 2.221680000000000099e+00
5.737300000000000039e-02 1.440430000000000099e+00 5.969240000000000101e-01 2.221680000000000099e+00
5.737300000000000039e-02 1.440430000000000099e+00 5.969240000000000101e-01 2.221680000000000099e+00
5.737300000000000039e-02 1.440430000000000099e+00 5.969240000000000101e-01 2.221680000000000099e+00
5.737300000000000039e-02 1.440430000000000099e+00 5.969240000000000101e-01 2.221680000000000099e+00
5.859400000000000025e-02 1.440430000000000099e+00 5.969240000000000101e-01 2.221680000000000099e+00
5.737300000000000039e-02 1.440430000000000099e+00 5.969240000000000101e-01 2.221680000000000099e+00
5.737300000000000039e-02 1.440430000000000099e+00 5.969240000000000101e-01 2.221680000000000099e+00
5.737300000000000039e-02 1.440430000000000099e+00 5.969240000000000101e-01 2.221680000000000099e+00
5.737300000000000039e-02 1.441650000000000098e+00 6.103520000000000056e-01 2.221680000000000099e+00
5.737300000000000039e-02 1.450194999999999901e+00 6.408690000000000220e-01 2.222900000000000098e+00
5.859400000000000025e-02 1.469727000000000006e+00 7.043460000000000276e-01 2.231444999999999901e+00
6.103499999999999898e-02 1.497802999999999995e+00 7.934569999999999679e-01 2.243651999999999980e+00
6.225599999999999884e-02 1.531981999999999955e+00 9.045410000000000394e-01 2.265625000000000000e+00
6.469700000000000450e-02 1.579590000000000050e+00 1.031493999999999911e+00 2.290039000000000158e+00
6.713900000000000423e-02 1.640625000000000000e+00 1.157227000000000006e+00 2.329101999999999784e+00
7.080100000000000282e-02 1.704102000000000006e+00 1.264647999999999994e+00 2.359618999999999911e+00
7.446300000000000141e-02 1.772461000000000064e+00 1.352538999999999936e+00 2.397460999999999842e+00
7.690400000000000014e-02 1.840819999999999901e+00 1.420897999999999994e+00 2.436523000000000216e+00
7.934599999999999986e-02 1.909180000000000099e+00 1.470947000000000005e+00 2.476806999999999981e+00
8.300799999999999845e-02 1.977538999999999936e+00 1.513671999999999906e+00 2.508544999999999803e+00
8.544899999999999718e-02 2.039794999999999803e+00 1.539306999999999981e+00 2.547607000000000177e+00
8.789099999999999691e-02 2.104492000000000029e+00 1.561279000000000083e+00 2.584229000000000109e+00
9.033199999999999563e-02 2.165526999999999980e+00 1.577147999999999994e+00 2.622069999999999901e+00
9.277299999999999436e-02 2.221680000000000099e+00 1.589355000000000073e+00 2.652588000000000168e+00
9.521499999999999408e-02 2.274169999999999803e+00 1.597900000000000098e+00 2.685547000000000128e+00
9.765600000000000669e-02 2.329101999999999784e+00 1.611328000000000094e+00 2.719726999999999784e+00
9.887700000000000655e-02 2.377930000000000099e+00 1.616211000000000064e+00 2.749023000000000216e+00
1.000980000000000064e-01 2.421875000000000000e+00 1.625977000000000006e+00 2.778319999999999901e+00
1.025390000000000051e-01 2.465819999999999901e+00 1.625977000000000006e+00 2.807617000000000029e+00
1.049800000000000039e-01 2.504882999999999971e+00 1.625977000000000006e+00 2.828368999999999911e+00
1.049800000000000039e-01 2.537841999999999931e+00 1.621094000000000035e+00 2.856444999999999901e+00
1.062010000000000037e-01 2.573242000000000029e+00 1.616211000000000064e+00 2.878417999999999921e+00
1.086430000000000035e-01 2.602539000000000158e+00 1.606444999999999901e+00 2.907715000000000050e+00
1.086430000000000035e-01 2.623291000000000039e+00 1.591796999999999906e+00 2.926025000000000098e+00
1.086430000000000035e-01 2.651367000000000029e+00 1.577147999999999994e+00 2.944335999999999842e+00
1.098630000000000023e-01 2.666015999999999941e+00 1.561279000000000083e+00 2.957764000000000060e+00
1.098630000000000023e-01 2.681884999999999852e+00 1.547852000000000006e+00 2.978515999999999941e+00
1.098630000000000023e-01 2.700194999999999901e+00 1.534424000000000010e+00 2.993164000000000158e+00
1.098630000000000023e-01 2.711181999999999981e+00 1.518555000000000099e+00 3.005370999999999793e+00
1.123050000000000020e-01 2.720946999999999782e+00 1.500243999999999911e+00 3.016357000000000177e+00
1.123050000000000020e-01 2.729492000000000029e+00 1.489257999999999971e+00 3.035889000000000060e+00
1.098630000000000023e-01 2.741699000000000108e+00 1.473389000000000060e+00 3.041992000000000029e+00
1.110840000000000022e-01 2.749023000000000216e+00 1.459961000000000064e+00 3.051757999999999971e+00
1.098630000000000023e-01 2.750243999999999911e+00 1.441650000000000098e+00 3.062743999999999911e+00
1.098630000000000023e-01 2.750243999999999911e+00 1.441650000000000098e+00 3.062743999999999911e+00
1.098630000000000023e-01 2.758789000000000158e+00 1.430663999999999936e+00 3.071289000000000158e+00
1.098630000000000023e-01 2.758789000000000158e+00 1.420897999999999994e+00 3.071289000000000158e+00
1.098630000000000023e-01 2.758789000000000158e+00 1.406250000000000000e+00 3.081055000000000099e+00
1.086430000000000035e-01 2.758789000000000158e+00 1.392822000000000005e+00 3.082275000000000098e+00
1.086430000000000035e-01 2.760009999999999852e+00 1.383056999999999981e+00 3.090819999999999901e+00
1.086430000000000035e-01 2.760009999999999852e+00 1.372069999999999901e+00 3.100585999999999842e+00
1.074220000000000036e-01 2.761229999999999851e+00 1.362305000000000099e+00 3.104248000000000118e+00
1.074220000000000036e-01 2.758789000000000158e+00 1.352538999999999936e+00 3.103026999999999980e+00
1.074220000000000036e-01 2.758789000000000158e+00 1.342772999999999994e+00 3.106688999999999812e+00
1.074220000000000036e-01 2.758789000000000158e+00 1.333007999999999971e+00 3.111571999999999782e+00
1.062010000000000037e-01 2.750243999999999911e+00 1.324462999999999946e+00 3.111571999999999782e+00
1.062010000000000037e-01 2.749023000000000216e+00 1.315917999999999921e+00 3.122558999999999862e+00
1.049800000000000039e-01 2.749023000000000216e+00 1.313477000000000006e+00 3.120117000000000029e+00
1.049800000000000039e-01 2.742919999999999803e+00 1.313477000000000006e+00 3.120117000000000029e+00
1.037600000000000050e-01 2.741699000000000108e+00 1.313477000000000006e+00 3.120117000000000029e+00
1.037600000000000050e-01 2.739257999999999971e+00 1.314697000000000005e+00 3.125000000000000000e+00
1.037600000000000050e-01 2.739257999999999971e+00 1.318359000000000059e+00 3.121338000000000168e+00
1.037600000000000050e-01 2.739257999999999971e+00 1.323242000000000029e+00 3.125000000000000000e+00
1.025390000000000051e-01 2.734375000000000000e+00 1.323242000000000029e+00 3.129882999999999971e+00
1.037600000000000050e-01 2.734375000000000000e+00 1.328125000000000000e+00 3.129882999999999971e+00
1.025390000000000051e-01 2.734375000000000000e+00 1.340332000000000079e+00 3.129882999999999971e+00
1.025390000000000051e-01 2.734375000000000000e+00 1.352538999999999936e+00 3.129882999999999971e+00
1.037600000000000050e-01 2.739257999999999971e+00 1.365966999999999931e+00 3.131104000000000109e+00
1.037600000000000050e-01 2.739257999999999971e+00 1.386719000000000035e+00 3.139648000000000216e+00
1.037600000000000050e-01 2.739257999999999971e+00 1.386719000000000035e+00 3.139648000000000216e+00
1.037600000000000050e-01 2.741699000000000108e+00 1.402587999999999946e+00 3.139648000000000216e+00
1.037600000000000050e-01 2.749023000000000216e+00 1.423340000000000050e+00 3.143311000000000188e+00
1.037600000000000050e-01 2.749023000000000216e+00 1.434325999999999990e+00 3.149414000000000158e+00
1.049800000000000039e-01 2.750243999999999911e+00 1.450194999999999901e+00 3.149414000000000158e+00
1.049800000000000039e-01 2.758789000000000158e+00 1.459961000000000064e+00 3.150634999999999852e+00
1.049800000000000039e-01 2.768555000000000099e+00 1.459961000000000064e+00 3.159180000000000099e+00
1.049800000000000039e-01 2.768555000000000099e+00 1.461181999999999981e+00 3.159180000000000099e+00
1.049800000000000039e-01 2.768555000000000099e+00 1.461181999999999981e+00 3.161620999999999793e+00
1.049800000000000039e-01 2.768555000000000099e+00 1.459961000000000064e+00 3.168944999999999901e+00
1.062010000000000037e-01 2.770995999999999793e+00 1.450194999999999901e+00 3.168944999999999901e+00
1.049800000000000039e-01 2.770995999999999793e+00 1.445313000000000070e+00 3.168944999999999901e+00
1.049800000000000039e-01 2.770995999999999793e+00 1.440430000000000099e+00 3.170166000000000039e+00
1.049800000000000039e-01 2.769775000000000098e+00 1.430663999999999936e+00 3.172607000000000177e+00
1.049800000000000039e-01 2.772216999999999931e+00 1.422118999999999911e+00 3.178710999999999842e+00
1.049800000000000039e-01 2.769775000000000098e+00 1.412354000000000109e+00 3.172607000000000177e+00
1.049800000000000039e-01 2.768555000000000099e+00 1.406250000000000000e+00 3.178710999999999842e+00
1.049800000000000039e-01 2.768555000000000099e+00 1.396484000000000059e+00 3.178710999999999842e+00
1.049800000000000039e-01 2.767333999999999961e+00 1.391602000000000006e+00 3.178710999999999842e+00
1.037600000000000050e-01 2.762450999999999990e+00 1.378174000000000010e+00 3.178710999999999842e+00
1.037600000000000050e-01 2.758789000000000158e+00 1.365966999999999931e+00 3.178710999999999842e+00
1.037600000000000050e-01 2.752686000000000188e+00 1.356200999999999990e+00 3.178710999999999842e+00
1.025390000000000051e-01 2.750243999999999911e+00 1.346435999999999966e+00 3.173827999999999872e+00
1.025390000000000051e-01 2.749023000000000216e+00 1.334229000000000109e+00 3.168944999999999901e+00
1.025390000000000051e-01 2.742919999999999803e+00 1.324462999999999946e+00 3.171387000000000178e+00
1.025390000000000051e-01 2.739257999999999971e+00 1.317139000000000060e+00 3.171387000000000178e+00
1.013180000000000053e-01 2.734375000000000000e+00 1.307372999999999896e+00 3.171387000000000178e+00
1.000980000000000064e-01 2.730713000000000168e+00 1.297606999999999955e+00 3.168944999999999901e+00
1.000980000000000064e-01 2.723389000000000060e+00 1.289063000000000070e+00 3.170166000000000039e+00
1.000980000000000064e-01 2.719726999999999784e+00 1.284180000000000099e+00 3.162841999999999931e+00
1.000980000000000064e-01 2.709960999999999842e+00 1.274413999999999936e+00 3.160400000000000098e+00
9.887700000000000655e-02 2.709960999999999842e+00 1.264647999999999994e+00 3.159180000000000099e+00
9.887700000000000655e-02 2.703857000000000177e+00 1.254882999999999971e+00 3.159180000000000099e+00
9.765600000000000669e-02 2.695313000000000070e+00 1.246337999999999946e+00 3.159180000000000099e+00
9.765600000000000669e-02 2.690430000000000099e+00 1.236572000000000005e+00 3.151854999999999851e+00
9.643599999999999395e-02 2.680664000000000158e+00 1.235352000000000006e+00 3.150634999999999852e+00
9.643599999999999395e-02 2.680664000000000158e+00 1.225586000000000064e+00 3.151854999999999851e+00
9.521499999999999408e-02 2.670898000000000216e+00 1.215819999999999901e+00 3.149414000000000158e+00
9.521499999999999408e-02 2.662354000000000109e+00 1.210938000000000070e+00 3.139648000000000216e+00
9.521499999999999408e-02 2.661132999999999971e+00 1.207275000000000098e+00 3.139648000000000216e+00
9.521499999999999408e-02 2.652588000000000168e+00 1.206055000000000099e+00 3.139648000000000216e+00
9.399399999999999422e-02 2.645264000000000060e+00 1.206055000000000099e+00 3.132324000000000108e+00
9.399399999999999422e-02 2.641601999999999784e+00 1.206055000000000099e+00 3.129882999999999971e+00
9.399399999999999422e-02 2.634276999999999980e+00 1.207275000000000098e+00 3.129882999999999971e+00
9.277299999999999436e-02 2.631835999999999842e+00 1.210938000000000070e+00 3.129882999999999971e+00
9.399399999999999422e-02 2.636718999999999813e+00 1.240234000000000059e+00 3.125000000000000000e+00
9.399399999999999422e-02 2.641601999999999784e+00 1.306151999999999980e+00 3.122558999999999862e+00
9.399399999999999422e-02 2.661132999999999971e+00 1.411132999999999971e+00 3.132324000000000108e+00
9.643599999999999395e-02 2.690430000000000099e+00 1.533203000000000094e+00 3.132324000000000108e+00
1.000980000000000064e-01 2.720946999999999782e+00 1.658935999999999966e+00 3.149414000000000158e+00
1.025390000000000051e-01 2.758789000000000158e+00 1.767578000000000094e+00 3.159180000000000099e+00
1.074220000000000036e-01 2.799071999999999782e+00 1.855469000000000035e+00 3.181151999999999980e+00
1.098630000000000023e-01 2.838134999999999852e+00 1.920166000000000039e+00 3.199463000000000168e+00
1.135250000000000009e-01 2.878417999999999921e+00 1.968993999999999911e+00 3.217773000000000216e+00
1.171880000000000005e-01 2.917479999999999851e+00 2.016601999999999784e+00 3.238525000000000098e+00
1.220699999999999980e-01 2.954101999999999784e+00 2.055664000000000158e+00 3.256835999999999842e+00
1.245119999999999977e-01 2.988281000000000187e+00 2.084960999999999842e+00 3.276367000000000029e+00
1.281740000000000101e-01 3.022460999999999842e+00 2.104492000000000029e+00 3.295898000000000216e+00
1.318360000000000087e-01 3.051757999999999971e+00 2.117919999999999803e+00 3.317870999999999793e+00
1.342770000000000075e-01 3.074950999999999990e+00 2.128906000000000187e+00 3.333740000000000148e+00
1.367190000000000072e-01 3.100585999999999842e+00 2.133789000000000158e+00 3.354492000000000029e+00
1.391600000000000059e-01 3.121338000000000168e+00 2.133789000000000158e+00 3.367919999999999803e+00
1.416020000000000056e-01 3.139648000000000216e+00 2.133789000000000158e+00 3.385009999999999852e+00
1.428220000000000045e-01 3.159180000000000099e+00 2.125243999999999911e+00 3.397216999999999931e+00
1.452640000000000042e-01 3.168944999999999901e+00 2.115479000000000109e+00 3.413085999999999842e+00
1.464840000000000031e-01 3.179931999999999981e+00 2.104492000000000029e+00 3.422851999999999784e+00
1.477050000000000030e-01 3.189696999999999782e+00 2.094726999999999784e+00 3.433838000000000168e+00
1.489260000000000028e-01 3.198242000000000029e+00 2.076416000000000039e+00 3.443604000000000109e+00
1.501460000000000017e-01 3.203125000000000000e+00 2.059325999999999990e+00 3.453368999999999911e+00
1.513670000000000015e-01 3.208007999999999971e+00 2.047118999999999911e+00 3.461914000000000158e+00
1.513670000000000015e-01 3.201903999999999861e+00 2.026367000000000029e+00 3.471680000000000099e+00
1.513670000000000015e-01 3.208007999999999971e+00 2.006835999999999842e+00 3.476563000000000070e+00
1.513670000000000015e-01 3.208007999999999971e+00 1.987305000000000099e+00 3.482666000000000039e+00
1.513670000000000015e-01 3.208007999999999971e+00 1.967772999999999994e+00 3.481444999999999901e+00
1.513670000000000015e-01 3.203125000000000000e+00 1.948242000000000029e+00 3.482666000000000039e+00
1.513670000000000015e-01 3.200683999999999862e+00 1.928711000000000064e+00 3.485107000000000177e+00
1.513670000000000015e-01 3.198242000000000029e+00 1.910400000000000098e+00 3.487549000000000010e+00
1.513670000000000015e-01 3.190917999999999921e+00 1.894530999999999965e+00 3.492431999999999981e+00
1.501460000000000017e-01 3.188476999999999784e+00 1.879882999999999971e+00 3.493651999999999980e+00
1.489260000000000028e-01 3.188476999999999784e+00 1.860352000000000006e+00 3.491210999999999842e+00
1.489260000000000028e-01 3.178710999999999842e+00 1.840819999999999901e+00 3.493651999999999980e+00
1.477050000000000030e-01 3.172607000000000177e+00 1.823730000000000073e+00 3.492431999999999981e+00
1.477050000000000030e-01 3.168944999999999901e+00 1.802979000000000109e+00 3.493651999999999980e+00
1.477050000000000030e-01 3.168944999999999901e+00 1.785889000000000060e+00 3.491210999999999842e+00
1.464840000000000031e-01 3.159180000000000099e+00 1.763916000000000039e+00 3.491210999999999842e+00
1.440430000000000044e-01 3.144531000000000187e+00 1.724854000000000109e+00 3.485107000000000177e+00
1.428220000000000045e-01 3.133544999999999803e+00 1.704102000000000006e+00 3.481444999999999901e+00
1.416020000000000056e-01 3.129882999999999971e+00 1.684569999999999901e+00 3.481444999999999901e+00
1.416020000000000056e-01 3.125000000000000000e+00 1.660155999999999965e+00 3.474120999999999793e+00
1.403810000000000058e-01 3.110351999999999784e+00 1.638184000000000085e+00 3.471680000000000099e+00
1.391600000000000059e-01 3.100585999999999842e+00 1.617431999999999981e+00 3.471680000000000099e+00
1.367190000000000072e-01 3.092041000000000039e+00 1.596680000000000099e+00 3.464354999999999851e+00
1.342770000000000075e-01 3.071289000000000158e+00 1.557617000000000029e+00 3.461914000000000158e+00
1.342770000000000075e-01 3.063965000000000050e+00 1.539306999999999981e+00 3.452148000000000216e+00
1.330570000000000086e-01 3.052979000000000109e+00 1.522216999999999931e+00 3.442382999999999971e+00
1.318360000000000087e-01 3.051757999999999971e+00 1.508788999999999936e+00 3.442382999999999971e+00
1.306150000000000089e-01 3.034667999999999921e+00 1.490479000000000109e+00 3.435058999999999862e+00
1.281740000000000101e-01 3.033446999999999782e+00 1.479492000000000029e+00 3.426514000000000060e+00
1.269530000000000103e-01 3.016357000000000177e+00 1.464844000000000035e+00 3.432617000000000029e+00
1.269530000000000103e-01 3.005370999999999793e+00 1.452636999999999956e+00 3.422851999999999784e+00
1.245119999999999977e-01 3.002930000000000099e+00 1.441650000000000098e+00 3.414306999999999981e+00
1.232909999999999978e-01 2.987061000000000188e+00 1.430663999999999936e+00 3.406982000000000177e+00
1.232909999999999978e-01 2.983398000000000216e+00 1.420897999999999994e+00 3.408202999999999872e+00
1.232909999999999978e-01 2.983398000000000216e+00 1.420897999999999994e+00 3.408202999999999872e+00
1.220699999999999980e-01 2.973632999999999971e+00 1.412354000000000109e+00 3.395995999999999793e+00
1.220699999999999980e-01 2.963867000000000029e+00 1.402587999999999946e+00 3.395995999999999793e+00
1.196289999999999992e-01 2.954101999999999784e+00 1.392822000000000005e+00 3.385009999999999852e+00
1.184079999999999994e-01 2.944335999999999842e+00 1.383056999999999981e+00 3.383789000000000158e+00
1.184079999999999994e-01 2.934569999999999901e+00 1.373291000000000039e+00 3.376465000000000050e+00
1.159670000000000006e-01 2.917479999999999851e+00 1.362305000000000099e+00 3.364257999999999971e+00
1.159670000000000006e-01 2.917479999999999851e+00 1.362305000000000099e+00 3.364257999999999971e+00
1.159670000000000006e-01 2.905273000000000216e+00 1.348877000000000104e+00 3.364257999999999971e+00
1.147460000000000008e-01 2.897949000000000108e+00 1.342772999999999994e+00 3.354492000000000029e+00
1.135250000000000009e-01 2.888183999999999862e+00 1.333007999999999971e+00 3.348389000000000060e+00
1.123050000000000020e-01 2.879639000000000060e+00 1.329345999999999917e+00 3.344726999999999784e+00
1.123050000000000020e-01 2.875976999999999784e+00 1.328125000000000000e+00 3.336181999999999981e+00
1.098630000000000023e-01 2.871093999999999813e+00 1.318359000000000059e+00 3.334960999999999842e+00
1.098630000000000023e-01 2.856444999999999901e+00 1.313477000000000006e+00 3.326416000000000039e+00
1.086430000000000035e-01 2.847900000000000098e+00 1.307372999999999896e+00 3.319091999999999931e+00
1.074220000000000036e-01 2.838134999999999852e+00 1.303711000000000064e+00 3.315430000000000099e+00
1.074220000000000036e-01 2.832031000000000187e+00 1.303711000000000064e+00 3.315430000000000099e+00
1.062010000000000037e-01 2.821044999999999803e+00 1.297606999999999955e+00 3.305664000000000158e+00
1.062010000000000037e-01 2.817382999999999971e+00 1.295166000000000039e+00 3.305664000000000158e+00
1.049800000000000039e-01 2.808838000000000168e+00 1.295166000000000039e+00 3.297118999999999911e+00
1.049800000000000039e-01 2.801514000000000060e+00 1.293944999999999901e+00 3.295898000000000216e+00
1.037600000000000050e-01 2.797851999999999784e+00 1.293944999999999901e+00 3.286132999999999971e+00
1.025390000000000051e-01 2.788085999999999842e+00 1.297606999999999955e+00 3.276367000000000029e+00
1.025390000000000051e-01 2.779541000000000039e+00 1.303711000000000064e+00 3.276367000000000029e+00
1.025390000000000051e-01 2.778319999999999901e+00 1.303711000000000064e+00 3.267821999999999782e+00
1.013180000000000053e-01 2.762450999999999990e+00 1.303711000000000064e+00 3.266601999999999784e+00
1.013180000000000053e-01 2.769775000000000098e+00 1.303711000000000064e+00 3.266601999999999784e+00
1.000980000000000064e-01 2.760009999999999852e+00 1.303711000000000064e+00 3.256835999999999842e+00
1.000980000000000064e-01 2.753906000000000187e+00 1.303711000000000064e+00 3.250732000000000177e+00
9.887700000000000655e-02 2.749023000000000216e+00 1.297606999999999955e+00 3.247069999999999901e+00
9.765600000000000669e-02 2.739257999999999971e+00 1.303711000000000064e+00 3.240966999999999931e+00
9.765600000000000669e-02 2.739257999999999971e+00 1.303711000000000064e+00 3.238525000000000098e+00
9.765600000000000669e-02 2.734375000000000000e+00 1.303711000000000064e+00 3.237305000000000099e+00
9.765600000000000669e-02 2.731933999999999862e+00 1.304931999999999981e+00 3.237305000000000099e+00
9.765600000000000669e-02 2.731933999999999862e+00 1.304931999999999981e+00 3.237305000000000099e+00
9.765600000000000669e-02 2.729492000000000029e+00 1.306151999999999980e+00 3.228759999999999852e+00
9.765600000000000669e-02 2.720946999999999782e+00 1.304931999999999981e+00 3.227539000000000158e+00
9.643599999999999395e-02 2.719726999999999784e+00 1.306151999999999980e+00 3.227539000000000158e+00
9.643599999999999395e-02 2.719726999999999784e+00 1.300049000000000010e+00 3.227539000000000158e+00
9.643599999999999395e-02 2.709960999999999842e+00 1.297606999999999955e+00 3.217773000000000216e+00
9.643599999999999395e-02 2.709960999999999842e+00 1.293944999999999901e+00 3.217773000000000216e+00
9.643599999999999395e-02 2.703857000000000177e+00 1.293944999999999901e+00 3.217773000000000216e+00
9.521499999999999408e-02 2.701416000000000039e+00 1.286621000000000015e+00 3.211669999999999803e+00
9.399399999999999422e-02 2.700194999999999901e+00 1.284180000000000099e+00 3.208007999999999971e+00
9.399399999999999422e-02 2.691650000000000098e+00 1.275635000000000074e+00 3.208007999999999971e+00
9.399399999999999422e-02 2.690430000000000099e+00 1.269530999999999965e+00 3.199463000000000168e+00
9.399399999999999422e-02 2.684325999999999990e+00 1.265868999999999911e+00 3.198242000000000029e+00
9.399399999999999422e-02 2.680664000000000158e+00 1.258545000000000025e+00 3.198242000000000029e+00
9.399399999999999422e-02 2.680664000000000158e+00 1.254882999999999971e+00 3.189696999999999782e+00
9.277299999999999436e-02 2.672118999999999911e+00 1.245117000000000029e+00 3.188476999999999784e+00
9.277299999999999436e-02 2.670898000000000216e+00 1.239014000000000060e+00 3.182373000000000118e+00
9.277299999999999436e-02 2.662354000000000109e+00 1.235352000000000006e+00 3.179931999999999981e+00
9.277299999999999436e-02 2.661132999999999971e+00 1.225586000000000064e+00 3.178710999999999842e+00
9.155299999999999550e-02 2.656250000000000000e+00 1.219481999999999955e+00 3.171387000000000178e+00
9.033199999999999563e-02 2.642821999999999782e+00 1.207275000000000098e+00 3.168944999999999901e+00
9.033199999999999563e-02 2.641601999999999784e+00 1.203613000000000044e+00 3.161620999999999793e+00
8.911099999999999577e-02 2.633056999999999981e+00 1.196288999999999936e+00 3.159180000000000099e+00
8.911099999999999577e-02 2.625732000000000177e+00 1.191405999999999965e+00 3.159180000000000099e+00
8.911099999999999577e-02 2.622069999999999901e+00 1.186522999999999994e+00 3.153075999999999990e+00
8.911099999999999577e-02 2.615966999999999931e+00 1.177979000000000109e+00 3.149414000000000158e+00
8.789099999999999691e-02 2.612305000000000099e+00 1.176757999999999971e+00 3.149414000000000158e+00
8.789099999999999691e-02 2.602539000000000158e+00 1.162109000000000059e+00 3.139648000000000216e+00
8.666999999999999704e-02 2.592773000000000216e+00 1.157227000000000006e+00 3.139648000000000216e+00
8.789099999999999691e-02 2.586669999999999803e+00 1.151122999999999896e+00 3.129882999999999971e+00
8.544899999999999718e-02 2.583007999999999971e+00 1.147461000000000064e+00 3.129882999999999971e+00
8.666999999999999704e-02 2.578125000000000000e+00 1.137694999999999901e+00 3.125000000000000000e+00
8.544899999999999718e-02 2.573242000000000029e+00 1.134033000000000069e+00 3.120117000000000029e+00
8.544899999999999718e-02 2.563476999999999784e+00 1.127930000000000099e+00 3.112792999999999921e+00
8.544899999999999718e-02 2.558593999999999813e+00 1.121825999999999990e+00 3.110351999999999784e+00
8.422899999999999832e-02 2.547607000000000177e+00 1.118163999999999936e+00 3.110351999999999784e+00
8.422899999999999832e-02 2.543944999999999901e+00 1.109618999999999911e+00 3.101806999999999981e+00
8.422899999999999832e-02 2.537841999999999931e+00 1.108397999999999994e+00 3.100585999999999842e+00
8.300799999999999845e-02 2.534180000000000099e+00 1.103515999999999941e+00 3.100585999999999842e+00
8.300799999999999845e-02 2.525634999999999852e+00 1.099854000000000109e+00 3.095702999999999872e+00
8.300799999999999845e-02 2.524414000000000158e+00 1.099854000000000109e+00 3.090819999999999901e+00
8.300799999999999845e-02 2.515868999999999911e+00 1.099854000000000109e+00 3.084716999999999931e+00
8.300799999999999845e-02 2.515868999999999911e+00 1.099854000000000109e+00 3.084716999999999931e+00
8.300799999999999845e-02 2.517090000000000050e+00 1.099854000000000109e+00 3.081055000000000099e+00
8.300799999999999845e-02 2.514648000000000216e+00 1.102295000000000025e+00 3.081055000000000099e+00
8.300799999999999845e-02 2.504882999999999971e+00 1.108397999999999994e+00 3.073729999999999851e+00
8.178699999999999859e-02 2.504882999999999971e+00 1.109618999999999911e+00 3.072509999999999852e+00
8.178699999999999859e-02 2.498778999999999861e+00 1.113280999999999965e+00 3.071289000000000158e+00
8.178699999999999859e-02 2.496338000000000168e+00 1.118163999999999936e+00 3.071289000000000158e+00
8.178699999999999859e-02 2.495117000000000029e+00 1.118163999999999936e+00 3.063965000000000050e+00
8.178699999999999859e-02 2.495117000000000029e+00 1.121825999999999990e+00 3.061523000000000216e+00
8.056599999999999873e-02 2.486571999999999782e+00 1.124268000000000045e+00 3.063965000000000050e+00
8.178699999999999859e-02 2.486571999999999782e+00 1.127930000000000099e+00 3.061523000000000216e+00
8.178699999999999859e-02 2.485351999999999784e+00 1.127930000000000099e+00 3.051757999999999971e+00
8.056599999999999873e-02 2.485351999999999784e+00 1.127930000000000099e+00 3.051757999999999971e+00
8.056599999999999873e-02 2.485351999999999784e+00 1.127930000000000099e+00 3.051757999999999971e+00
8.056599999999999873e-02 2.475585999999999842e+00 1.124268000000000045e+00 3.052979000000000109e+00
8.056599999999999873e-02 2.475585999999999842e+00 1.120605000000000073e+00 3.044433999999999862e+00
8.056599999999999873e-02 2.475585999999999842e+00 1.118163999999999936e+00 3.041992000000000029e+00
7.934599999999999986e-02 2.467041000000000039e+00 1.113280999999999965e+00 3.041992000000000029e+00
8.056599999999999873e-02 2.465819999999999901e+00 1.108397999999999994e+00 3.041992000000000029e+00
7.934599999999999986e-02 2.459716999999999931e+00 1.094970999999999917e+00 3.032226999999999784e+00
7.812500000000000000e-02 2.456055000000000099e+00 1.092529000000000083e+00 3.032226999999999784e+00
7.934599999999999986e-02 2.449950999999999990e+00 1.088867000000000029e+00 3.032226999999999784e+00
7.934599999999999986e-02 2.448729999999999851e+00 1.081542999999999921e+00 3.022460999999999842e+00
7.934599999999999986e-02 2.446289000000000158e+00 1.079102000000000006e+00 3.026123000000000118e+00
7.812500000000000000e-02 2.446289000000000158e+00 1.070556999999999981e+00 3.022460999999999842e+00
7.934599999999999986e-02 2.436523000000000216e+00 1.069336000000000064e+00 3.013916000000000039e+00
7.812500000000000000e-02 2.430419999999999803e+00 1.062011999999999956e+00 3.012694999999999901e+00
7.812500000000000000e-02 2.427979000000000109e+00 1.059569999999999901e+00 3.012694999999999901e+00
7.812500000000000000e-02 2.426757999999999971e+00 1.053466999999999931e+00 3.012694999999999901e+00
7.812500000000000000e-02 2.418213000000000168e+00 1.046143000000000045e+00 3.004150000000000098e+00
7.812500000000000000e-02 2.416992000000000029e+00 1.041260000000000074e+00 3.002930000000000099e+00
7.690400000000000014e-02 2.416992000000000029e+00 1.040038999999999936e+00 2.995604999999999851e+00
7.812500000000000000e-02 2.407226999999999784e+00 1.031493999999999911e+00 2.994384999999999852e+00
7.690400000000000014e-02 2.398681999999999981e+00 1.025390999999999941e+00 2.993164000000000158e+00
7.690400000000000014e-02 2.397460999999999842e+00 1.020507999999999971e+00 2.993164000000000158e+00
7.568400000000000127e-02 2.391357000000000177e+00 1.014404000000000083e+00 2.985840000000000050e+00
7.568400000000000127e-02 2.387694999999999901e+00 1.010742000000000029e+00 2.983398000000000216e+00
7.568400000000000127e-02 2.381591999999999931e+00 1.004639000000000060e+00 2.976074000000000108e+00
7.568400000000000127e-02 2.377930000000000099e+00 1.000977000000000006e+00 2.973632999999999971e+00
7.568400000000000127e-02 2.369384999999999852e+00 9.960940000000000349e-01 2.973632999999999971e+00
7.568400000000000127e-02 2.364501999999999882e+00 9.912109999999999532e-01 2.973632999999999971e+00
7.568400000000000127e-02 2.359618999999999911e+00 9.863279999999999825e-01 2.968750000000000000e+00
7.446300000000000141e-02 2.358398000000000216e+00 9.814450000000000118e-01 2.963867000000000029e+00
7.446300000000000141e-02 2.351074000000000108e+00 9.777829999999999577e-01 2.954101999999999784e+00
7.446300000000000141e-02 2.348632999999999971e+00 9.728999999999999870e-01 2.954101999999999784e+00
7.324200000000000155e-02 2.340088000000000168e+00 9.716799999999999882e-01 2.954101999999999784e+00
7.324200000000000155e-02 2.338867000000000029e+00 9.655759999999999899e-01 2.945556999999999981e+00
7.324200000000000155e-02 2.338867000000000029e+00 9.619140000000000468e-01 2.944335999999999842e+00
7.324200000000000155e-02 2.324218999999999813e+00 9.619140000000000468e-01 2.949218999999999813e+00
7.324200000000000155e-02 2.319335999999999842e+00 9.570309999999999651e-01 2.937012000000000178e+00
7.324200000000000155e-02 2.313232000000000177e+00 9.521479999999999944e-01 2.934569999999999901e+00
7.324200000000000155e-02 2.309569999999999901e+00 9.521479999999999944e-01 2.928466999999999931e+00
7.324200000000000155e-02 2.309569999999999901e+00 9.436039999999999983e-01 2.926025000000000098e+00
7.324200000000000155e-02 2.299805000000000099e+00 9.423829999999999707e-01 2.924805000000000099e+00
7.202100000000000168e-02 2.293700999999999990e+00 9.423829999999999707e-01 2.924805000000000099e+00
7.202100000000000168e-02 2.290039000000000158e+00 9.375000000000000000e-01 2.916259999999999852e+00
7.202100000000000168e-02 2.283936000000000188e+00 9.338379999999999459e-01 2.915039000000000158e+00
7.202100000000000168e-02 2.280273000000000216e+00 9.326170000000000293e-01 2.908936000000000188e+00
7.202100000000000168e-02 2.274169999999999803e+00 9.289549999999999752e-01 2.905273000000000216e+00
7.080100000000000282e-02 2.270507999999999971e+00 9.252930000000000321e-01 2.905273000000000216e+00
7.080100000000000282e-02 2.265625000000000000e+00 9.240720000000000045e-01 2.899169999999999803e+00
7.080100000000000282e-02 2.261963000000000168e+00 9.228520000000000056e-01 2.895507999999999971e+00
7.080100000000000282e-02 2.260742000000000029e+00 9.179690000000000349e-01 2.895507999999999971e+00
7.080100000000000282e-02 2.250976999999999784e+00 9.143069999999999808e-01 2.895507999999999971e+00
6.958000000000000296e-02 2.250976999999999784e+00 9.130859999999999532e-01 2.885742000000000029e+00
6.958000000000000296e-02 2.242431999999999981e+00 9.130859999999999532e-01 2.888183999999999862e+00
6.958000000000000296e-02 2.241210999999999842e+00 9.069819999999999549e-01 2.885742000000000029e+00
6.958000000000000296e-02 2.231444999999999901e+00 9.045410000000000394e-01 2.875976999999999784e+00
6.958000000000000296e-02 2.225341999999999931e+00 8.996579999999999577e-01 2.875976999999999784e+00
6.958000000000000296e-02 2.221680000000000099e+00 8.972170000000000423e-01 2.866210999999999842e+00
6.835900000000000309e-02 2.213134999999999852e+00 8.935549999999999882e-01 2.860107000000000177e+00
6.835900000000000309e-02 2.209473000000000020e+00 8.935549999999999882e-01 2.866210999999999842e+00
6.835900000000000309e-02 2.207031000000000187e+00 8.898930000000000451e-01 2.856444999999999901e+00
6.835900000000000309e-02 2.202148000000000216e+00 8.874509999999999899e-01 2.856444999999999901e+00
6.835900000000000309e-02 2.196044999999999803e+00 8.837890000000000468e-01 2.856444999999999901e+00
6.835900000000000309e-02 2.188721000000000139e+00 8.837890000000000468e-01 2.847900000000000098e+00
6.835900000000000309e-02 2.186278999999999861e+00 8.789059999999999651e-01 2.846680000000000099e+00
6.713900000000000423e-02 2.182617000000000029e+00 8.752440000000000220e-01 2.846680000000000099e+00
6.713900000000000423e-02 2.176514000000000060e+00 8.740229999999999944e-01 2.838134999999999852e+00
6.713900000000000423e-02 2.174071999999999782e+00 8.740229999999999944e-01 2.836914000000000158e+00
6.713900000000000423e-02 2.172851999999999784e+00 8.691410000000000524e-01 2.836914000000000158e+00
6.713900000000000423e-02 2.166748000000000118e+00 8.691410000000000524e-01 2.832031000000000187e+00
6.713900000000000423e-02 2.163085999999999842e+00 8.642579999999999707e-01 2.827148000000000216e+00
6.713900000000000423e-02 2.154541000000000039e+00 8.605960000000000276e-01 2.828368999999999911e+00
6.713900000000000423e-02 2.153319999999999901e+00 8.593750000000000000e-01 2.827148000000000216e+00
6.591800000000000437e-02 2.147216999999999931e+00 8.569339999999999735e-01 2.822265999999999941e+00
6.591800000000000437e-02 2.143555000000000099e+00 8.557129999999999459e-01 2.821044999999999803e+00
6.591800000000000437e-02 2.138672000000000128e+00 8.544920000000000293e-01 2.811278999999999861e+00
6.591800000000000437e-02 2.135009999999999852e+00 8.508299999999999752e-01 2.807617000000000029e+00
6.591800000000000437e-02 2.133789000000000158e+00 8.496089999999999476e-01 2.807617000000000029e+00
6.591800000000000437e-02 2.126465000000000050e+00 8.459470000000000045e-01 2.801514000000000060e+00
6.469700000000000450e-02 2.124023000000000216e+00 8.459470000000000045e-01 2.797851999999999784e+00
6.469700000000000450e-02 2.124023000000000216e+00 8.447270000000000056e-01 2.797851999999999784e+00
6.469700000000000450e-02 2.114257999999999971e+00 8.410640000000000338e-01 2.797851999999999784e+00
6.591800000000000437e-02 2.114257999999999971e+00 8.398440000000000349e-01 2.792968999999999813e+00
6.469700000000000450e-02 2.109375000000000000e+00 8.410640000000000338e-01 2.789306999999999981e+00
6.469700000000000450e-02 2.104492000000000029e+00 8.361819999999999808e-01 2.788085999999999842e+00
6.469700000000000450e-02 2.098389000000000060e+00 8.361819999999999808e-01 2.781982000000000177e+00
6.469700000000000450e-02 2.094726999999999784e+00 8.349609999999999532e-01 2.781982000000000177e+00
6.469700000000000450e-02 2.094726999999999784e+00 8.349609999999999532e-01 2.778319999999999901e+00
6.469700000000000450e-02 2.087401999999999980e+00 8.300779999999999825e-01 2.778319999999999901e+00
6.469700000000000450e-02 2.084960999999999842e+00 8.288569999999999549e-01 2.770995999999999793e+00
6.469700000000000450e-02 2.080077999999999872e+00 8.264160000000000394e-01 2.768555000000000099e+00
6.469700000000000450e-02 2.075194999999999901e+00 8.264160000000000394e-01 2.768555000000000099e+00
6.469700000000000450e-02 2.075194999999999901e+00 8.251950000000000118e-01 2.768555000000000099e+00
6.469700000000000450e-02 2.067870999999999793e+00 8.227539999999999853e-01 2.761229999999999851e+00
6.469700000000000450e-02 2.065430000000000099e+00 8.203129999999999589e-01 2.758789000000000158e+00
6.347700000000000564e-02 2.065430000000000099e+00 8.190920000000000423e-01 2.758789000000000158e+00
6.347700000000000564e-02 2.056884999999999852e+00 8.166499999999999870e-01 2.752686000000000188e+00
6.347700000000000564e-02 2.055664000000000158e+00 8.154299999999999882e-01 2.753906000000000187e+00
6.347700000000000564e-02 2.050781000000000187e+00 8.154299999999999882e-01 2.749023000000000216e+00
6.347700000000000564e-02 2.045898000000000216e+00 8.105470000000000175e-01 2.749023000000000216e+00
6.347700000000000564e-02 2.045898000000000216e+00 8.105470000000000175e-01 2.742919999999999803e+00
6.347700000000000564e-02 2.037354000000000109e+00 8.068849999999999634e-01 2.740479000000000109e+00
6.347700000000000564e-02 2.036132999999999971e+00 8.068849999999999634e-01 2.739257999999999971e+00
6.347700000000000564e-02 2.036132999999999971e+00 8.056640000000000468e-01 2.735596000000000139e+00
6.347700000000000564e-02 2.031250000000000000e+00 8.056640000000000468e-01 2.733153999999999861e+00
6.347700000000000564e-02 2.026367000000000029e+00 8.020019999999999927e-01 2.729492000000000029e+00
6.347700000000000564e-02 2.020264000000000060e+00 8.007809999999999651e-01 2.734375000000000000e+00
6.347700000000000564e-02 2.017821999999999782e+00 7.995609999999999662e-01 2.729492000000000029e+00
6.347700000000000564e-02 2.016601999999999784e+00 7.971190000000000220e-01 2.729492000000000029e+00
6.347700000000000564e-02 2.010498000000000118e+00 7.958979999999999944e-01 2.720946999999999782e+00
6.347700000000000564e-02 2.006835999999999842e+00 7.958979999999999944e-01 2.719726999999999784e+00
6.347700000000000564e-02 2.006835999999999842e+00 7.922360000000000513e-01 2.719726999999999784e+00
6.347700000000000564e-02 2.000732000000000177e+00 7.922360000000000513e-01 2.713623000000000118e+00
6.225599999999999884e-02 1.997069999999999901e+00 7.897950000000000248e-01 2.711181999999999981e+00
6.225599999999999884e-02 1.997069999999999901e+00 7.873539999999999983e-01 2.709960999999999842e+00
6.347700000000000564e-02 1.990966999999999931e+00 7.873539999999999983e-01 2.709960999999999842e+00
6.225599999999999884e-02 1.988525000000000098e+00 7.861329999999999707e-01 2.702637000000000178e+00
6.225599999999999884e-02 1.981200999999999990e+00 7.861329999999999707e-01 2.702637000000000178e+00
6.225599999999999884e-02 1.982421999999999906e+00 7.824710000000000276e-01 2.700194999999999901e+00
6.225599999999999884e-02 1.978760000000000074e+00 7.824710000000000276e-01 2.700194999999999901e+00
6.225599999999999884e-02 1.977538999999999936e+00 7.812500000000000000e-01 2.694091999999999931e+00
6.225599999999999884e-02 1.972655999999999965e+00 7.800289999999999724e-01 2.690430000000000099e+00
6.225599999999999884e-02 1.968993999999999911e+00 7.800289999999999724e-01 2.694091999999999931e+00
6.225599999999999884e-02 1.964110999999999940e+00 7.775879999999999459e-01 2.690430000000000099e+00
6.103499999999999898e-02 1.961670000000000025e+00 7.763670000000000293e-01 2.684325999999999990e+00
6.225599999999999884e-02 1.959229000000000109e+00 7.763670000000000293e-01 2.685547000000000128e+00
6.103499999999999898e-02 1.958007999999999971e+00 7.763670000000000293e-01 2.681884999999999852e+00
6.103499999999999898e-02 1.958007999999999971e+00 7.727049999999999752e-01 2.680664000000000158e+00
6.103499999999999898e-02 1.958007999999999971e+00 7.727049999999999752e-01 2.680664000000000158e+00
