5.737300000000000039e-02 1.352538999999999936e+00 5.664059999999999651e-01 2.145995999999999793e+00
5.859400000000000025e-02 1.352538999999999936e+00 5.664059999999999651e-01 2.145995999999999793e+00
5.859400000000000025e-02 1.347655999999999965e+00 5.651859999999999662e-01 2.147216999999999931e+00
5.859400000000000025e-02 1.347655999999999965e+00 5.664059999999999651e-01 2.147216999999999931e+00
5.737300000000000039e-02 1.348877000000000104e+00 5.664059999999999651e-01 2.147216999999999931e+00
5.737300000000000039e-02 1.352538999999999936e+00 5.664059999999999651e-01 2.147216999999999931e+00
5.737300000000000039e-02 1.352538999999999936e+00 5.664059999999999651e-01 2.147216999999999931e+00
5.737300000000000039e-02 1.352538999999999936e+00 5.664059999999999651e-01 2.153319999999999901e+00
5.859400000000000025e-02 1.352538999999999936e+00 5.664059999999999651e-01 2.147216999999999931e+00
5.859400000000000025e-02 1.352538999999999936e+00 5.664059999999999651e-01 2.153319999999999901e+00
5.737300000000000039e-02 1.353760000000000074e+00 5.676269999999999927e-01 2.153319999999999901e+00
5.737300000000000039e-02 1.352538999999999936e+00 5.664059999999999651e-01 2.147216999999999931e+00
5.859400000000000025e-02 1.352538999999999936e+00 5.664059999999999651e-01 2.153319999999999901e+00
5.737300000000000039e-02 1.352538999999999936e+00 5.676269999999999927e-01 2.147216999999999931e+00
5.737300000000000039e-02 1.352538999999999936e+00 5.664059999999999651e-01 2.147216999999999931e+00
5.859400000000000025e-02 1.352538999999999936e+00 5.664059999999999651e-01 2.148438000000000070e+00
5.737300000000000039e-02 1.352538999999999936e+00 5.664059999999999651e-01 2.148438000000000070e+00
5.859400000000000025e-02 1.352538999999999936e+00 5.664059999999999651e-01 2.153319999999999901e+00
5.737300000000000039e-02 1.352538999999999936e+00 5.664059999999999651e-01 2.147216999999999931e+00
5.737300000000000039e-02 1.352538999999999936e+00 5.676269999999999927e-01 2.153319999999999901e+00
5.859400000000000025e-02 1.352538999999999936e+00 5.664059999999999651e-01 2.153319999999999901e+00
5.859400000000000025e-02 1.352538999999999936e+00 5.664059999999999651e-01 2.147216999999999931e+00
5.859400000000000025e-02 1.352538999999999936e+00 5.676269999999999927e-01 2.153319999999999901e+00
5.859400000000000025e-02 1.352538999999999936e+00 5.676269999999999927e-01 2.153319999999999901e+00
5.737300000000000039e-02 1.352538999999999936e+00 5.664059999999999651e-01 2.153319999999999901e+00
5.859400000000000025e-02 1.352538999999999936e+00 5.664059999999999651e-01 2.153319999999999901e+00
5.737300000000000039e-02 1.352538999999999936e+00 5.664059999999999651e-01 2.153319999999999901e+00
5.737300000000000039e-02 1.352538999999999936e+00 5.664059999999999651e-01 2.153319999999999901e+00
5.737300000000000039e-02 1.352538999999999936e+00 5.664059999999999651e-01 2.153319999999999901e+00
5.737300000000000039e-02 1.352538999999999936e+00 5.664059999999999651e-01 2.153319999999999901e+00
5.859400000000000025e-02 1.352538999999999936e+00 5.664059999999999651e-01 2.153319999999999901e+00
5.737300000000000039e-02 1.352538999999999936e+00 5.664059999999999651e-01 2.153319999999999901e+00
5.737300000000000039e-02 1.352538999999999936e+00 5.676269999999999927e-01 2.154541000000000039e+00
5.737300000000000039e-02 1.353760000000000074e+00 5.676269999999999927e-01 2.153319999999999901e+00
5.859400000000000025e-02 1.352538999999999936e+00 5.664059999999999651e-01 2.153319999999999901e+00
5.737300000000000039e-02 1.353760000000000074e+00 5.676269999999999927e-01 2.153319999999999901e+00
5.859400000000000025e-02 1.352538999999999936e+00 5.664059999999999651e-01 2.153319999999999901e+00
5.737300000000000039e-02 1.352538999999999936e+00 5.676269999999999927e-01 2.153319999999999901e+00
5.859400000000000025e-02 1.352538999999999936e+00 5.664059999999999651e-01 2.153319999999999901e+00
5.859400000000000025e-02 1.352538999999999936e+00 5.676269999999999927e-01 2.153319999999999901e+00
5.859400000000000025e-02 1.352538999999999936e+00 5.664059999999999651e-01 2.158202999999999872e+00
5.859400000000000025e-02 1.352538999999999936e+00 5.664059999999999651e-01 2.153319999999999901e+00
5.859400000000000025e-02 1.353760000000000074e+00 5.676269999999999927e-01 2.153319999999999901e+00
5.859400000000000025e-02 1.353760000000000074e+00 5.676269999999999927e-01 2.153319999999999901e+00
5.859400000000000025e-02 1.353760000000000074e+00 5.664059999999999651e-01 2.155762000000000178e+00
5.737300000000000039e-02 1.353760000000000074e+00 5.664059999999999651e-01 2.153319999999999901e+00
5.859400000000000025e-02 1.353760000000000074e+00 5.676269999999999927e-01 2.154541000000000039e+00
5.859400000000000025e-02 1.353760000000000074e+00 5.664059999999999651e-01 2.153319999999999901e+00
5.859400000000000025e-02 1.353760000000000074e+00 5.676269999999999927e-01 2.153319999999999901e+00
5.859400000000000025e-02 1.353760000000000074e+00 5.676269999999999927e-01 2.153319999999999901e+00
5.859400000000000025e-02 1.354980000000000073e+00 5.676269999999999927e-01 2.158202999999999872e+00
5.859400000000000025e-02 1.353760000000000074e+00 5.676269999999999927e-01 2.153319999999999901e+00
5.859400000000000025e-02 1.356200999999999990e+00 5.664059999999999651e-01 2.153319999999999901e+00
5.859400000000000025e-02 1.356200999999999990e+00 5.676269999999999927e-01 2.153319999999999901e+00
5.859400000000000025e-02 1.354980000000000073e+00 5.676269999999999927e-01 2.153319999999999901e+00
5.859400000000000025e-02 1.354980000000000073e+00 5.676269999999999927e-01 2.154541000000000039e+00
5.859400000000000025e-02 1.354980000000000073e+00 5.688480000000000203e-01 2.153319999999999901e+00
5.859400000000000025e-02 1.357421999999999906e+00 5.712890000000000468e-01 2.153319999999999901e+00
5.737300000000000039e-02 1.356200999999999990e+00 5.712890000000000468e-01 2.153319999999999901e+00
5.859400000000000025e-02 1.362305000000000099e+00 5.725099999999999634e-01 2.154541000000000039e+00
5.859400000000000025e-02 1.358643000000000045e+00 5.737299999999999622e-01 2.156982000000000177e+00
5.859400000000000025e-02 1.362305000000000099e+00 5.749509999999999899e-01 2.155762000000000178e+00
5.859400000000000025e-02 1.362305000000000099e+00 5.773930000000000451e-01 2.154541000000000039e+00
5.859400000000000025e-02 1.362305000000000099e+00 5.810549999999999882e-01 2.156982000000000177e+00
5.859400000000000025e-02 1.363525000000000098e+00 5.847170000000000423e-01 2.156982000000000177e+00
5.859400000000000025e-02 1.365966999999999931e+00 5.871579999999999577e-01 2.163085999999999842e+00
5.859400000000000025e-02 1.367188000000000070e+00 5.920410000000000394e-01 2.163085999999999842e+00
5.859400000000000025e-02 1.372069999999999901e+00 6.005859999999999532e-01 2.163085999999999842e+00
5.859400000000000025e-02 1.374511999999999956e+00 6.054690000000000349e-01 2.164306999999999981e+00
5.981399999999999911e-02 1.381836000000000064e+00 6.140139999999999487e-01 2.172851999999999784e+00
5.981399999999999911e-02 1.385497999999999896e+00 6.237789999999999724e-01 2.172851999999999784e+00
5.981399999999999911e-02 1.394042999999999921e+00 6.323239999999999972e-01 2.174071999999999782e+00
5.981399999999999911e-02 1.401367000000000029e+00 6.433109999999999662e-01 2.177734000000000059e+00
6.103499999999999898e-02 1.406250000000000000e+00 6.542970000000000175e-01 2.182617000000000029e+00
6.103499999999999898e-02 1.413574000000000108e+00 6.652829999999999577e-01 2.182617000000000029e+00
6.103499999999999898e-02 1.420897999999999994e+00 6.738279999999999825e-01 2.186278999999999861e+00
6.225599999999999884e-02 1.430663999999999936e+00 6.823730000000000073e-01 2.192382999999999971e+00
6.225599999999999884e-02 1.434325999999999990e+00 6.896970000000000045e-01 2.202148000000000216e+00
6.225599999999999884e-02 1.444091999999999931e+00 6.982420000000000293e-01 2.202148000000000216e+00
6.225599999999999884e-02 1.451416000000000039e+00 7.031250000000000000e-01 2.204590000000000050e+00
6.347700000000000564e-02 1.459961000000000064e+00 7.092289999999999983e-01 2.211914000000000158e+00
6.347700000000000564e-02 1.469727000000000006e+00 7.141110000000000513e-01 2.214354999999999851e+00
6.347700000000000564e-02 1.479492000000000029e+00 7.177729999999999944e-01 2.221680000000000099e+00
6.347700000000000564e-02 1.484375000000000000e+00 7.214359999999999662e-01 2.222900000000000098e+00
6.347700000000000564e-02 1.490479000000000109e+00 7.238769999999999927e-01 2.231444999999999901e+00
6.347700000000000564e-02 1.499022999999999994e+00 7.275390000000000468e-01 2.231444999999999901e+00
6.469700000000000450e-02 1.510010000000000074e+00 7.287599999999999634e-01 2.235107000000000177e+00
6.469700000000000450e-02 1.512450999999999990e+00 7.287599999999999634e-01 2.241210999999999842e+00
6.469700000000000450e-02 1.519775000000000098e+00 7.312009999999999899e-01 2.244873000000000118e+00
6.469700000000000450e-02 1.528319999999999901e+00 7.324220000000000175e-01 2.250976999999999784e+00
6.347700000000000564e-02 1.531981999999999955e+00 7.324220000000000175e-01 2.253417999999999921e+00
6.469700000000000450e-02 1.540526999999999980e+00 7.336430000000000451e-01 2.253417999999999921e+00
6.469700000000000450e-02 1.547852000000000006e+00 7.348630000000000440e-01 2.260742000000000029e+00
6.469700000000000450e-02 1.552734000000000059e+00 7.373049999999999882e-01 2.261963000000000168e+00
6.469700000000000450e-02 1.557617000000000029e+00 7.373049999999999882e-01 2.265625000000000000e+00
6.591800000000000437e-02 1.567382999999999971e+00 7.373049999999999882e-01 2.270507999999999971e+00
6.469700000000000450e-02 1.571045000000000025e+00 7.385249999999999870e-01 2.271729000000000109e+00
6.591800000000000437e-02 1.577147999999999994e+00 7.409670000000000423e-01 2.274169999999999803e+00
6.469700000000000450e-02 1.582030999999999965e+00 7.421879999999999589e-01 2.280273000000000216e+00
6.591800000000000437e-02 1.589355000000000073e+00 7.470700000000000118e-01 2.280273000000000216e+00
6.591800000000000437e-02 1.596680000000000099e+00 7.470700000000000118e-01 2.290039000000000158e+00
6.469700000000000450e-02 1.601563000000000070e+00 7.519529999999999825e-01 2.290039000000000158e+00
6.591800000000000437e-02 1.607666000000000039e+00 7.556150000000000366e-01 2.293700999999999990e+00
6.713900000000000423e-02 1.616211000000000064e+00 7.580569999999999808e-01 2.299805000000000099e+00
6.713900000000000423e-02 1.625977000000000006e+00 7.617190000000000349e-01 2.301025000000000098e+00
6.591800000000000437e-02 1.635742000000000029e+00 7.666020000000000056e-01 2.309569999999999901e+00
6.713900000000000423e-02 1.636962999999999946e+00 7.763670000000000293e-01 2.309569999999999901e+00
6.713900000000000423e-02 1.646729000000000109e+00 7.800289999999999724e-01 2.313232000000000177e+00
6.713900000000000423e-02 1.655272999999999994e+00 7.873539999999999983e-01 2.319335999999999842e+00
6.713900000000000423e-02 1.665038999999999936e+00 7.958979999999999944e-01 2.329101999999999784e+00
6.835900000000000309e-02 1.677246000000000015e+00 8.056640000000000468e-01 2.329101999999999784e+00
6.713900000000000423e-02 1.684569999999999901e+00 8.117680000000000451e-01 2.338867000000000029e+00
6.835900000000000309e-02 1.694336000000000064e+00 8.190920000000000423e-01 2.338867000000000029e+00
6.835900000000000309e-02 1.704102000000000006e+00 8.251950000000000118e-01 2.348632999999999971e+00
6.958000000000000296e-02 1.713867000000000029e+00 8.300779999999999825e-01 2.348632999999999971e+00
6.958000000000000296e-02 1.723632999999999971e+00 8.349609999999999532e-01 2.358398000000000216e+00
6.958000000000000296e-02 1.733397999999999994e+00 8.349609999999999532e-01 2.358398000000000216e+00
6.958000000000000296e-02 1.743163999999999936e+00 8.361819999999999808e-01 2.368164000000000158e+00
6.958000000000000296e-02 1.744385000000000074e+00 8.361819999999999808e-01 2.369384999999999852e+00
6.958000000000000296e-02 1.752930000000000099e+00 8.361819999999999808e-01 2.377930000000000099e+00
6.958000000000000296e-02 1.759033000000000069e+00 8.349609999999999532e-01 2.379150000000000098e+00
6.958000000000000296e-02 1.766356999999999955e+00 8.349609999999999532e-01 2.381591999999999931e+00
6.958000000000000296e-02 1.772461000000000064e+00 8.288569999999999549e-01 2.387694999999999901e+00
7.080100000000000282e-02 1.782227000000000006e+00 8.251950000000000118e-01 2.391357000000000177e+00
7.080100000000000282e-02 1.784667999999999921e+00 8.215329999999999577e-01 2.397460999999999842e+00
6.958000000000000296e-02 1.791992000000000029e+00 8.190920000000000423e-01 2.398681999999999981e+00
6.958000000000000296e-02 1.796875000000000000e+00 8.166499999999999870e-01 2.407226999999999784e+00
6.958000000000000296e-02 1.796875000000000000e+00 8.166499999999999870e-01 2.407226999999999784e+00
7.080100000000000282e-02 1.796875000000000000e+00 8.154299999999999882e-01 2.407226999999999784e+00
7.080100000000000282e-02 1.801757999999999971e+00 8.093259999999999899e-01 2.407226999999999784e+00
7.080100000000000282e-02 1.811522999999999994e+00 8.056640000000000468e-01 2.408446999999999782e+00
6.958000000000000296e-02 1.811522999999999994e+00 8.056640000000000468e-01 2.409667999999999921e+00
7.080100000000000282e-02 1.811522999999999994e+00 8.020019999999999927e-01 2.416992000000000029e+00
7.080100000000000282e-02 1.821288999999999936e+00 8.007809999999999651e-01 2.416992000000000029e+00
6.958000000000000296e-02 1.821288999999999936e+00 7.971190000000000220e-01 2.421875000000000000e+00
6.958000000000000296e-02 1.822510000000000074e+00 7.971190000000000220e-01 2.426757999999999971e+00
6.958000000000000296e-02 1.831055000000000099e+00 8.007809999999999651e-01 2.426757999999999971e+00
6.958000000000000296e-02 1.831055000000000099e+00 8.056640000000000468e-01 2.426757999999999971e+00
6.958000000000000296e-02 1.840819999999999901e+00 8.166499999999999870e-01 2.436523000000000216e+00
7.080100000000000282e-02 1.844481999999999955e+00 8.215329999999999577e-01 2.436523000000000216e+00
7.080100000000000282e-02 1.850586000000000064e+00 8.288569999999999549e-01 2.446289000000000158e+00
7.080100000000000282e-02 1.860352000000000006e+00 8.361819999999999808e-01 2.446289000000000158e+00
7.080100000000000282e-02 1.864014000000000060e+00 8.447270000000000056e-01 2.446289000000000158e+00
7.080100000000000282e-02 1.871337999999999946e+00 8.544920000000000293e-01 2.456055000000000099e+00
7.202100000000000168e-02 1.879882999999999971e+00 8.593750000000000000e-01 2.456055000000000099e+00
7.080100000000000282e-02 1.883545000000000025e+00 8.654789999999999983e-01 2.459716999999999931e+00
7.202100000000000168e-02 1.890868999999999911e+00 8.740229999999999944e-01 2.465819999999999901e+00
7.202100000000000168e-02 1.899413999999999936e+00 8.752440000000000220e-01 2.467041000000000039e+00
7.202100000000000168e-02 1.909180000000000099e+00 8.837890000000000468e-01 2.476806999999999981e+00
7.324200000000000155e-02 1.910400000000000098e+00 8.837890000000000468e-01 2.475585999999999842e+00
7.324200000000000155e-02 1.920166000000000039e+00 8.874509999999999899e-01 2.485351999999999784e+00
7.324200000000000155e-02 1.928711000000000064e+00 8.898930000000000451e-01 2.490234000000000059e+00
7.324200000000000155e-02 1.932372999999999896e+00 8.935549999999999882e-01 2.495117000000000029e+00
7.324200000000000155e-02 1.942139000000000060e+00 8.911130000000000440e-01 2.495117000000000029e+00
7.324200000000000155e-02 1.942139000000000060e+00 8.935549999999999882e-01 2.497558999999999862e+00
7.324200000000000155e-02 1.948242000000000029e+00 8.886720000000000175e-01 2.504882999999999971e+00
7.324200000000000155e-02 1.958007999999999971e+00 8.850099999999999634e-01 2.504882999999999971e+00
7.324200000000000155e-02 1.959229000000000109e+00 8.850099999999999634e-01 2.506104000000000109e+00
7.324200000000000155e-02 1.962890999999999941e+00 8.801269999999999927e-01 2.508544999999999803e+00
7.324200000000000155e-02 1.967772999999999994e+00 8.789059999999999651e-01 2.514648000000000216e+00
7.324200000000000155e-02 1.968993999999999911e+00 8.752440000000000220e-01 2.524414000000000158e+00
7.324200000000000155e-02 1.971435999999999966e+00 8.740229999999999944e-01 2.524414000000000158e+00
7.324200000000000155e-02 1.977538999999999936e+00 8.654789999999999983e-01 2.524414000000000158e+00
7.324200000000000155e-02 1.977538999999999936e+00 8.642579999999999707e-01 2.525634999999999852e+00
7.324200000000000155e-02 1.978760000000000074e+00 8.593750000000000000e-01 2.525634999999999852e+00
7.324200000000000155e-02 1.979980000000000073e+00 8.557129999999999459e-01 2.534180000000000099e+00
7.324200000000000155e-02 1.987305000000000099e+00 8.544920000000000293e-01 2.534180000000000099e+00
7.324200000000000155e-02 1.983643000000000045e+00 8.471680000000000321e-01 2.534180000000000099e+00
7.324200000000000155e-02 1.987305000000000099e+00 8.447270000000000056e-01 2.534180000000000099e+00
7.324200000000000155e-02 1.987305000000000099e+00 8.410640000000000338e-01 2.536620999999999793e+00
7.324200000000000155e-02 1.987305000000000099e+00 8.361819999999999808e-01 2.539063000000000070e+00
7.324200000000000155e-02 1.990966999999999931e+00 8.361819999999999808e-01 2.539063000000000070e+00
7.202100000000000168e-02 1.988525000000000098e+00 8.386230000000000073e-01 2.537841999999999931e+00
7.202100000000000168e-02 1.989746000000000015e+00 8.447270000000000056e-01 2.543944999999999901e+00
7.202100000000000168e-02 1.997069999999999901e+00 8.471680000000000321e-01 2.545166000000000039e+00
7.202100000000000168e-02 1.997069999999999901e+00 8.544920000000000293e-01 2.545166000000000039e+00
7.324200000000000155e-02 2.000732000000000177e+00 8.593750000000000000e-01 2.553710999999999842e+00
7.324200000000000155e-02 2.006835999999999842e+00 8.654789999999999983e-01 2.553710999999999842e+00
7.324200000000000155e-02 2.006835999999999842e+00 8.740229999999999944e-01 2.556151999999999980e+00
7.324200000000000155e-02 2.008056999999999981e+00 8.789059999999999651e-01 2.558593999999999813e+00
7.324200000000000155e-02 2.011718999999999813e+00 8.837890000000000468e-01 2.563476999999999784e+00
7.324200000000000155e-02 2.016601999999999784e+00 8.898930000000000451e-01 2.565917999999999921e+00
7.324200000000000155e-02 2.019042999999999921e+00 8.935549999999999882e-01 2.573242000000000029e+00
7.324200000000000155e-02 2.026367000000000029e+00 8.947749999999999870e-01 2.573242000000000029e+00
7.324200000000000155e-02 2.026367000000000029e+00 8.984379999999999589e-01 2.573242000000000029e+00
7.324200000000000155e-02 2.031250000000000000e+00 9.033200000000000118e-01 2.583007999999999971e+00
7.324200000000000155e-02 2.036132999999999971e+00 9.033200000000000118e-01 2.583007999999999971e+00
7.324200000000000155e-02 2.037354000000000109e+00 9.033200000000000118e-01 2.583007999999999971e+00
7.324200000000000155e-02 2.045898000000000216e+00 9.045410000000000394e-01 2.584229000000000109e+00
7.324200000000000155e-02 2.045898000000000216e+00 9.082029999999999825e-01 2.592773000000000216e+00
7.446300000000000141e-02 2.048340000000000050e+00 9.094240000000000101e-01 2.592773000000000216e+00
7.324200000000000155e-02 2.049561000000000188e+00 9.130859999999999532e-01 2.595215000000000050e+00
7.446300000000000141e-02 2.056884999999999852e+00 9.130859999999999532e-01 2.602539000000000158e+00
7.446300000000000141e-02 2.060547000000000128e+00 9.143069999999999808e-01 2.602539000000000158e+00
7.324200000000000155e-02 2.065430000000000099e+00 9.167480000000000073e-01 2.602539000000000158e+00
7.446300000000000141e-02 2.065430000000000099e+00 9.191890000000000338e-01 2.606200999999999990e+00
7.446300000000000141e-02 2.075194999999999901e+00 9.228520000000000056e-01 2.612305000000000099e+00
7.446300000000000141e-02 2.075194999999999901e+00 9.228520000000000056e-01 2.612305000000000099e+00
7.446300000000000141e-02 2.077637000000000178e+00 9.252930000000000321e-01 2.614745999999999793e+00
7.446300000000000141e-02 2.084960999999999842e+00 9.289549999999999752e-01 2.615966999999999931e+00
7.446300000000000141e-02 2.084960999999999842e+00 9.326170000000000293e-01 2.622069999999999901e+00
7.446300000000000141e-02 2.086181999999999981e+00 9.326170000000000293e-01 2.623291000000000039e+00
7.446300000000000141e-02 2.094726999999999784e+00 9.350589999999999735e-01 2.631835999999999842e+00
7.446300000000000141e-02 2.099609000000000059e+00 9.362789999999999724e-01 2.631835999999999842e+00
7.568400000000000127e-02 2.097167999999999921e+00 9.387210000000000276e-01 2.633056999999999981e+00
7.568400000000000127e-02 2.104492000000000029e+00 9.423829999999999707e-01 2.641601999999999784e+00
7.568400000000000127e-02 2.105713000000000168e+00 9.436039999999999983e-01 2.641601999999999784e+00
7.568400000000000127e-02 2.109375000000000000e+00 9.472660000000000524e-01 2.641601999999999784e+00
7.568400000000000127e-02 2.114257999999999971e+00 9.521479999999999944e-01 2.642821999999999782e+00
7.568400000000000127e-02 2.124023000000000216e+00 9.533690000000000220e-01 2.651367000000000029e+00
7.568400000000000127e-02 2.124023000000000216e+00 9.619140000000000468e-01 2.652588000000000168e+00
7.568400000000000127e-02 2.126465000000000050e+00 9.631349999999999634e-01 2.661132999999999971e+00
7.690400000000000014e-02 2.135009999999999852e+00 9.716799999999999882e-01 2.661132999999999971e+00
7.690400000000000014e-02 2.143555000000000099e+00 9.741210000000000147e-01 2.664794999999999803e+00
7.690400000000000014e-02 2.144775000000000098e+00 9.777829999999999577e-01 2.670898000000000216e+00
7.690400000000000014e-02 2.153319999999999901e+00 9.826660000000000394e-01 2.672118999999999911e+00
7.690400000000000014e-02 2.156982000000000177e+00 9.912109999999999532e-01 2.680664000000000158e+00
7.812500000000000000e-02 2.163085999999999842e+00 9.948730000000000073e-01 2.683104999999999851e+00
7.690400000000000014e-02 2.167968999999999813e+00 1.000977000000000006e+00 2.691650000000000098e+00
7.690400000000000014e-02 2.172851999999999784e+00 1.010742000000000029e+00 2.690430000000000099e+00
7.812500000000000000e-02 2.182617000000000029e+00 1.020507999999999971e+00 2.692870999999999793e+00
7.812500000000000000e-02 2.182617000000000029e+00 1.020507999999999971e+00 2.692870999999999793e+00
7.812500000000000000e-02 2.186278999999999861e+00 1.026610999999999940e+00 2.700194999999999901e+00
7.812500000000000000e-02 2.193604000000000109e+00 1.035155999999999965e+00 2.703857000000000177e+00
7.934599999999999986e-02 2.204590000000000050e+00 1.044921999999999906e+00 2.709960999999999842e+00
7.934599999999999986e-02 2.211914000000000158e+00 1.053466999999999931e+00 2.719726999999999784e+00
7.934599999999999986e-02 2.221680000000000099e+00 1.060791000000000039e+00 2.720946999999999782e+00
7.934599999999999986e-02 2.225341999999999931e+00 1.069336000000000064e+00 2.729492000000000029e+00
8.056599999999999873e-02 2.232666000000000039e+00 1.072997999999999896e+00 2.730713000000000168e+00
8.178699999999999859e-02 2.250976999999999784e+00 1.080322000000000005e+00 2.742919999999999803e+00
8.178699999999999859e-02 2.260742000000000029e+00 1.081542999999999921e+00 2.749023000000000216e+00
8.178699999999999859e-02 2.265625000000000000e+00 1.081542999999999921e+00 2.758789000000000158e+00
8.178699999999999859e-02 2.270507999999999971e+00 1.082764000000000060e+00 2.758789000000000158e+00
8.300799999999999845e-02 2.280273000000000216e+00 1.080322000000000005e+00 2.769775000000000098e+00
8.178699999999999859e-02 2.281493999999999911e+00 1.079102000000000006e+00 2.762450999999999990e+00
8.178699999999999859e-02 2.290039000000000158e+00 1.079102000000000006e+00 2.770995999999999793e+00
8.300799999999999845e-02 2.291259999999999852e+00 1.072997999999999896e+00 2.778319999999999901e+00
8.300799999999999845e-02 2.299805000000000099e+00 1.070556999999999981e+00 2.779541000000000039e+00
8.300799999999999845e-02 2.299805000000000099e+00 1.069336000000000064e+00 2.781982000000000177e+00
8.300799999999999845e-02 2.302245999999999793e+00 1.065674000000000010e+00 2.788085999999999842e+00
8.300799999999999845e-02 2.309569999999999901e+00 1.065674000000000010e+00 2.789306999999999981e+00
8.300799999999999845e-02 2.309569999999999901e+00 1.065674000000000010e+00 2.797851999999999784e+00
8.300799999999999845e-02 2.310791000000000039e+00 1.069336000000000064e+00 2.797851999999999784e+00
8.300799999999999845e-02 2.319335999999999842e+00 1.069336000000000064e+00 2.797851999999999784e+00
8.300799999999999845e-02 2.320556999999999981e+00 1.069336000000000064e+00 2.807617000000000029e+00
8.300799999999999845e-02 2.325438999999999812e+00 1.069336000000000064e+00 2.808838000000000168e+00
8.300799999999999845e-02 2.329101999999999784e+00 1.069336000000000064e+00 2.811278999999999861e+00
8.300799999999999845e-02 2.330321999999999782e+00 1.070556999999999981e+00 2.811278999999999861e+00
8.300799999999999845e-02 2.338867000000000029e+00 1.069336000000000064e+00 2.817382999999999971e+00
8.422899999999999832e-02 2.338867000000000029e+00 1.069336000000000064e+00 2.817382999999999971e+00
8.300799999999999845e-02 2.338867000000000029e+00 1.069336000000000064e+00 2.818604000000000109e+00
8.300799999999999845e-02 2.343750000000000000e+00 1.065674000000000010e+00 2.821044999999999803e+00
8.300799999999999845e-02 2.348632999999999971e+00 1.064453000000000094e+00 2.827148000000000216e+00
8.422899999999999832e-02 2.348632999999999971e+00 1.064453000000000094e+00 2.827148000000000216e+00
8.300799999999999845e-02 2.349854000000000109e+00 1.069336000000000064e+00 2.836914000000000158e+00
8.300799999999999845e-02 2.348632999999999971e+00 1.069336000000000064e+00 2.836914000000000158e+00
8.300799999999999845e-02 2.358398000000000216e+00 1.069336000000000064e+00 2.836914000000000158e+00
8.300799999999999845e-02 2.358398000000000216e+00 1.069336000000000064e+00 2.836914000000000158e+00
8.422899999999999832e-02 2.359618999999999911e+00 1.065674000000000010e+00 2.836914000000000158e+00
8.422899999999999832e-02 2.360840000000000050e+00 1.064453000000000094e+00 2.838134999999999852e+00
8.300799999999999845e-02 2.359618999999999911e+00 1.060791000000000039e+00 2.838134999999999852e+00
8.422899999999999832e-02 2.368164000000000158e+00 1.060791000000000039e+00 2.846680000000000099e+00
8.300799999999999845e-02 2.359618999999999911e+00 1.059569999999999901e+00 2.846680000000000099e+00
8.422899999999999832e-02 2.368164000000000158e+00 1.059569999999999901e+00 2.849120999999999793e+00
8.300799999999999845e-02 2.368164000000000158e+00 1.059569999999999901e+00 2.847900000000000098e+00
8.300799999999999845e-02 2.368164000000000158e+00 1.054688000000000070e+00 2.846680000000000099e+00
8.300799999999999845e-02 2.370604999999999851e+00 1.054688000000000070e+00 2.847900000000000098e+00
8.300799999999999845e-02 2.368164000000000158e+00 1.051025000000000098e+00 2.851563000000000070e+00
8.300799999999999845e-02 2.368164000000000158e+00 1.051025000000000098e+00 2.851563000000000070e+00
8.300799999999999845e-02 2.362061000000000188e+00 1.049805000000000099e+00 2.856444999999999901e+00
8.300799999999999845e-02 2.368164000000000158e+00 1.046143000000000045e+00 2.856444999999999901e+00
8.300799999999999845e-02 2.370604999999999851e+00 1.043700999999999990e+00 2.856444999999999901e+00
8.300799999999999845e-02 2.368164000000000158e+00 1.041260000000000074e+00 2.856444999999999901e+00
8.300799999999999845e-02 2.368164000000000158e+00 1.036377000000000104e+00 2.856444999999999901e+00
8.300799999999999845e-02 2.368164000000000158e+00 1.031493999999999911e+00 2.856444999999999901e+00
8.300799999999999845e-02 2.368164000000000158e+00 1.026610999999999940e+00 2.856444999999999901e+00
8.300799999999999845e-02 2.363281000000000187e+00 1.021729000000000109e+00 2.856444999999999901e+00
8.300799999999999845e-02 2.363281000000000187e+00 1.020507999999999971e+00 2.856444999999999901e+00
8.300799999999999845e-02 2.358398000000000216e+00 1.010742000000000029e+00 2.852783000000000069e+00
8.178699999999999859e-02 2.358398000000000216e+00 1.004639000000000060e+00 2.856444999999999901e+00
8.056599999999999873e-02 2.351074000000000108e+00 1.000977000000000006e+00 2.856444999999999901e+00
8.056599999999999873e-02 2.349854000000000109e+00 9.912109999999999532e-01 2.856444999999999901e+00
8.056599999999999873e-02 2.348632999999999971e+00 9.851069999999999549e-01 2.850341999999999931e+00
8.056599999999999873e-02 2.348632999999999971e+00 9.765629999999999589e-01 2.856444999999999901e+00
8.056599999999999873e-02 2.338867000000000029e+00 9.716799999999999882e-01 2.850341999999999931e+00
7.934599999999999986e-02 2.338867000000000029e+00 9.631349999999999634e-01 2.847900000000000098e+00
7.934599999999999986e-02 2.329101999999999784e+00 9.570309999999999651e-01 2.847900000000000098e+00
7.934599999999999986e-02 2.329101999999999784e+00 9.521479999999999944e-01 2.846680000000000099e+00
7.934599999999999986e-02 2.320556999999999981e+00 9.436039999999999983e-01 2.846680000000000099e+00
7.934599999999999986e-02 2.319335999999999842e+00 9.362789999999999724e-01 2.846680000000000099e+00
7.812500000000000000e-02 2.309569999999999901e+00 9.228520000000000056e-01 2.836914000000000158e+00
7.812500000000000000e-02 2.302245999999999793e+00 9.143069999999999808e-01 2.836914000000000158e+00
7.812500000000000000e-02 2.293700999999999990e+00 9.130859999999999532e-01 2.836914000000000158e+00
7.690400000000000014e-02 2.290039000000000158e+00 9.033200000000000118e-01 2.828368999999999911e+00
7.690400000000000014e-02 2.290039000000000158e+00 8.984379999999999589e-01 2.828368999999999911e+00
7.690400000000000014e-02 2.280273000000000216e+00 8.935549999999999882e-01 2.827148000000000216e+00
7.690400000000000014e-02 2.272949000000000108e+00 8.874509999999999899e-01 2.827148000000000216e+00
7.690400000000000014e-02 2.270507999999999971e+00 8.837890000000000468e-01 2.821044999999999803e+00
7.690400000000000014e-02 2.261963000000000168e+00 8.764650000000000496e-01 2.817382999999999971e+00
7.568400000000000127e-02 2.254639000000000060e+00 8.740229999999999944e-01 2.817382999999999971e+00
7.568400000000000127e-02 2.250976999999999784e+00 8.666989999999999972e-01 2.811278999999999861e+00
7.446300000000000141e-02 2.244873000000000118e+00 8.642579999999999707e-01 2.808838000000000168e+00
7.446300000000000141e-02 2.241210999999999842e+00 8.593750000000000000e-01 2.807617000000000029e+00
7.446300000000000141e-02 2.232666000000000039e+00 8.544920000000000293e-01 2.800292999999999921e+00
7.446300000000000141e-02 2.224120999999999793e+00 8.508299999999999752e-01 2.797851999999999784e+00
7.324200000000000155e-02 2.221680000000000099e+00 8.459470000000000045e-01 2.797851999999999784e+00
7.324200000000000155e-02 2.214354999999999851e+00 8.410640000000000338e-01 2.797851999999999784e+00
7.324200000000000155e-02 2.211914000000000158e+00 8.398440000000000349e-01 2.790526999999999980e+00
7.324200000000000155e-02 2.202148000000000216e+00 8.349609999999999532e-01 2.788085999999999842e+00
7.324200000000000155e-02 2.194824000000000108e+00 8.312990000000000101e-01 2.781982000000000177e+00
7.324200000000000155e-02 2.192382999999999971e+00 8.300779999999999825e-01 2.778319999999999901e+00
7.202100000000000168e-02 2.183838000000000168e+00 8.288569999999999549e-01 2.778319999999999901e+00
7.202100000000000168e-02 2.182617000000000029e+00 8.251950000000000118e-01 2.778319999999999901e+00
7.202100000000000168e-02 2.172851999999999784e+00 8.251950000000000118e-01 2.769775000000000098e+00
7.080100000000000282e-02 2.167968999999999813e+00 8.203129999999999589e-01 2.768555000000000099e+00
7.202100000000000168e-02 2.163085999999999842e+00 8.190920000000000423e-01 2.768555000000000099e+00
7.080100000000000282e-02 2.155762000000000178e+00 8.166499999999999870e-01 2.761229999999999851e+00
7.080100000000000282e-02 2.153319999999999901e+00 8.154299999999999882e-01 2.760009999999999852e+00
7.080100000000000282e-02 2.144775000000000098e+00 8.154299999999999882e-01 2.758789000000000158e+00
6.958000000000000296e-02 2.143555000000000099e+00 8.154299999999999882e-01 2.758789000000000158e+00
6.958000000000000296e-02 2.135009999999999852e+00 8.105470000000000175e-01 2.751465000000000050e+00
7.080100000000000282e-02 2.133789000000000158e+00 8.093259999999999899e-01 2.749023000000000216e+00
6.958000000000000296e-02 2.126465000000000050e+00 8.068849999999999634e-01 2.749023000000000216e+00
6.958000000000000296e-02 2.124023000000000216e+00 8.056640000000000468e-01 2.741699000000000108e+00
6.958000000000000296e-02 2.115479000000000109e+00 8.056640000000000468e-01 2.739257999999999971e+00
6.958000000000000296e-02 2.115479000000000109e+00 8.020019999999999927e-01 2.739257999999999971e+00
6.835900000000000309e-02 2.105713000000000168e+00 8.020019999999999927e-01 2.739257999999999971e+00
6.835900000000000309e-02 2.104492000000000029e+00 8.007809999999999651e-01 2.734375000000000000e+00
6.835900000000000309e-02 2.094726999999999784e+00 7.971190000000000220e-01 2.729492000000000029e+00
6.713900000000000423e-02 2.094726999999999784e+00 7.958979999999999944e-01 2.723389000000000060e+00
6.835900000000000309e-02 2.086181999999999981e+00 7.958979999999999944e-01 2.723389000000000060e+00
6.835900000000000309e-02 2.076416000000000039e+00 7.885739999999999972e-01 2.719726999999999784e+00
6.835900000000000309e-02 2.075194999999999901e+00 7.873539999999999983e-01 2.719726999999999784e+00
6.713900000000000423e-02 2.069091999999999931e+00 7.861329999999999707e-01 2.711181999999999981e+00
6.835900000000000309e-02 2.067870999999999793e+00 7.861329999999999707e-01 2.707520000000000149e+00
6.713900000000000423e-02 2.058104999999999851e+00 7.861329999999999707e-01 2.703857000000000177e+00
6.713900000000000423e-02 2.055664000000000158e+00 7.824710000000000276e-01 2.703857000000000177e+00
6.713900000000000423e-02 2.055664000000000158e+00 7.812500000000000000e-01 2.700194999999999901e+00
6.713900000000000423e-02 2.047118999999999911e+00 7.812500000000000000e-01 2.700194999999999901e+00
6.713900000000000423e-02 2.045898000000000216e+00 7.788089999999999735e-01 2.694091999999999931e+00
6.713900000000000423e-02 2.038574000000000108e+00 7.788089999999999735e-01 2.692870999999999793e+00
6.713900000000000423e-02 2.036132999999999971e+00 7.800289999999999724e-01 2.690430000000000099e+00
6.591800000000000437e-02 2.031250000000000000e+00 7.775879999999999459e-01 2.690430000000000099e+00
6.591800000000000437e-02 2.027588000000000168e+00 7.775879999999999459e-01 2.683104999999999851e+00
6.713900000000000423e-02 2.026367000000000029e+00 7.763670000000000293e-01 2.684325999999999990e+00
6.591800000000000437e-02 2.019042999999999921e+00 7.763670000000000293e-01 2.680664000000000158e+00
6.591800000000000437e-02 2.017821999999999782e+00 7.763670000000000293e-01 2.680664000000000158e+00
6.591800000000000437e-02 2.016601999999999784e+00 7.727049999999999752e-01 2.680664000000000158e+00
6.591800000000000437e-02 2.008056999999999981e+00 7.714839999999999476e-01 2.672118999999999911e+00
6.469700000000000450e-02 2.006835999999999842e+00 7.714839999999999476e-01 2.672118999999999911e+00
6.591800000000000437e-02 2.006835999999999842e+00 7.714839999999999476e-01 2.675781000000000187e+00
6.591800000000000437e-02 2.001952999999999872e+00 7.690430000000000321e-01 2.663574000000000108e+00
6.469700000000000450e-02 1.997069999999999901e+00 7.678220000000000045e-01 2.662354000000000109e+00
6.469700000000000450e-02 1.997069999999999901e+00 7.678220000000000045e-01 2.662354000000000109e+00
6.469700000000000450e-02 1.997069999999999901e+00 7.678220000000000045e-01 2.661132999999999971e+00
6.469700000000000450e-02 1.988525000000000098e+00 7.678220000000000045e-01 2.661132999999999971e+00
6.591800000000000437e-02 1.987305000000000099e+00 7.666020000000000056e-01 2.661132999999999971e+00
6.591800000000000437e-02 1.987305000000000099e+00 7.666020000000000056e-01 2.661132999999999971e+00
6.469700000000000450e-02 1.977538999999999936e+00 7.666020000000000056e-01 2.651367000000000029e+00
6.469700000000000450e-02 1.977538999999999936e+00 7.641599999999999504e-01 2.651367000000000029e+00
6.469700000000000450e-02 1.977538999999999936e+00 7.666020000000000056e-01 2.651367000000000029e+00
6.469700000000000450e-02 1.968993999999999911e+00 7.629390000000000338e-01 2.644042999999999921e+00
6.469700000000000450e-02 1.967772999999999994e+00 7.617190000000000349e-01 2.642821999999999782e+00
6.469700000000000450e-02 1.967772999999999994e+00 7.604980000000000073e-01 2.641601999999999784e+00
6.469700000000000450e-02 1.959229000000000109e+00 7.604980000000000073e-01 2.641601999999999784e+00
6.469700000000000450e-02 1.958007999999999971e+00 7.592769999999999797e-01 2.637938999999999812e+00
6.469700000000000450e-02 1.958007999999999971e+00 7.580569999999999808e-01 2.634276999999999980e+00
6.469700000000000450e-02 1.953125000000000000e+00 7.580569999999999808e-01 2.635498000000000118e+00
6.469700000000000450e-02 1.948242000000000029e+00 7.580569999999999808e-01 2.631835999999999842e+00
6.347700000000000564e-02 1.948242000000000029e+00 7.592769999999999797e-01 2.631835999999999842e+00
6.469700000000000450e-02 1.948242000000000029e+00 7.617190000000000349e-01 2.631835999999999842e+00
6.469700000000000450e-02 1.940917999999999921e+00 7.629390000000000338e-01 2.623291000000000039e+00
6.469700000000000450e-02 1.939697000000000005e+00 7.629390000000000338e-01 2.623291000000000039e+00
6.469700000000000450e-02 1.938477000000000006e+00 7.666020000000000056e-01 2.622069999999999901e+00
6.469700000000000450e-02 1.939697000000000005e+00 7.666020000000000056e-01 2.622069999999999901e+00
6.347700000000000564e-02 1.938477000000000006e+00 7.666020000000000056e-01 2.615966999999999931e+00
6.469700000000000450e-02 1.938477000000000006e+00 7.666020000000000056e-01 2.622069999999999901e+00
6.469700000000000450e-02 1.933594000000000035e+00 7.666020000000000056e-01 2.622069999999999901e+00
6.469700000000000450e-02 1.933594000000000035e+00 7.678220000000000045e-01 2.613525000000000098e+00
6.347700000000000564e-02 1.929931999999999981e+00 7.690430000000000321e-01 2.615966999999999931e+00
6.469700000000000450e-02 1.928711000000000064e+00 7.702639999999999487e-01 2.613525000000000098e+00
6.347700000000000564e-02 1.928711000000000064e+00 7.714839999999999476e-01 2.612305000000000099e+00
6.347700000000000564e-02 1.928711000000000064e+00 7.714839999999999476e-01 2.612305000000000099e+00
6.469700000000000450e-02 1.928711000000000064e+00 7.727049999999999752e-01 2.612305000000000099e+00
6.469700000000000450e-02 1.928711000000000064e+00 7.763670000000000293e-01 2.612305000000000099e+00
6.469700000000000450e-02 1.922606999999999955e+00 7.727049999999999752e-01 2.612305000000000099e+00
6.469700000000000450e-02 1.922606999999999955e+00 7.763670000000000293e-01 2.612305000000000099e+00
6.469700000000000450e-02 1.921386999999999956e+00 7.763670000000000293e-01 2.612305000000000099e+00
6.347700000000000564e-02 1.921386999999999956e+00 7.763670000000000293e-01 2.604979999999999851e+00
6.469700000000000450e-02 1.918944999999999901e+00 7.788089999999999735e-01 2.603759999999999852e+00
6.469700000000000450e-02 1.918944999999999901e+00 7.812500000000000000e-01 2.604979999999999851e+00
6.469700000000000450e-02 1.918944999999999901e+00 7.824710000000000276e-01 2.602539000000000158e+00
6.469700000000000450e-02 1.921386999999999956e+00 7.873539999999999983e-01 2.603759999999999852e+00
6.469700000000000450e-02 1.921386999999999956e+00 7.958979999999999944e-01 2.602539000000000158e+00
6.469700000000000450e-02 1.922606999999999955e+00 7.971190000000000220e-01 2.602539000000000158e+00
6.469700000000000450e-02 1.928711000000000064e+00 8.056640000000000468e-01 2.602539000000000158e+00
6.591800000000000437e-02 1.928711000000000064e+00 8.117680000000000451e-01 2.602539000000000158e+00
6.469700000000000450e-02 1.928711000000000064e+00 8.166499999999999870e-01 2.602539000000000158e+00
6.469700000000000450e-02 1.932372999999999896e+00 8.251950000000000118e-01 2.602539000000000158e+00
6.591800000000000437e-02 1.938477000000000006e+00 8.264160000000000394e-01 2.604979999999999851e+00
6.591800000000000437e-02 1.938477000000000006e+00 8.312990000000000101e-01 2.603759999999999852e+00
6.591800000000000437e-02 1.939697000000000005e+00 8.361819999999999808e-01 2.606200999999999990e+00
6.591800000000000437e-02 1.942139000000000060e+00 8.398440000000000349e-01 2.612305000000000099e+00
6.591800000000000437e-02 1.948242000000000029e+00 8.459470000000000045e-01 2.612305000000000099e+00
6.713900000000000423e-02 1.949462999999999946e+00 8.508299999999999752e-01 2.612305000000000099e+00
6.713900000000000423e-02 1.953125000000000000e+00 8.593750000000000000e-01 2.614745999999999793e+00
6.713900000000000423e-02 1.958007999999999971e+00 8.654789999999999983e-01 2.612305000000000099e+00
6.713900000000000423e-02 1.961670000000000025e+00 8.740229999999999944e-01 2.614745999999999793e+00
6.713900000000000423e-02 1.967772999999999994e+00 8.789059999999999651e-01 2.615966999999999931e+00
6.835900000000000309e-02 1.972655999999999965e+00 8.850099999999999634e-01 2.622069999999999901e+00
6.835900000000000309e-02 1.977538999999999936e+00 8.898930000000000451e-01 2.622069999999999901e+00
6.835900000000000309e-02 1.981200999999999990e+00 8.947749999999999870e-01 2.624512000000000178e+00
6.835900000000000309e-02 1.988525000000000098e+00 8.972170000000000423e-01 2.631835999999999842e+00
6.958000000000000296e-02 1.990966999999999931e+00 9.033200000000000118e-01 2.631835999999999842e+00
6.958000000000000296e-02 1.997069999999999901e+00 9.033200000000000118e-01 2.631835999999999842e+00
6.958000000000000296e-02 2.000732000000000177e+00 9.045410000000000394e-01 2.633056999999999981e+00
6.958000000000000296e-02 2.008056999999999981e+00 9.082029999999999825e-01 2.636718999999999813e+00
6.958000000000000296e-02 2.009276999999999980e+00 9.130859999999999532e-01 2.641601999999999784e+00
6.958000000000000296e-02 2.016601999999999784e+00 9.130859999999999532e-01 2.641601999999999784e+00
6.958000000000000296e-02 2.017821999999999782e+00 9.143069999999999808e-01 2.642821999999999782e+00
7.080100000000000282e-02 2.026367000000000029e+00 9.167480000000000073e-01 2.644042999999999921e+00
7.080100000000000282e-02 2.031250000000000000e+00 9.191890000000000338e-01 2.651367000000000029e+00
7.080100000000000282e-02 2.036132999999999971e+00 9.228520000000000056e-01 2.651367000000000029e+00
6.958000000000000296e-02 2.037354000000000109e+00 9.228520000000000056e-01 2.651367000000000029e+00
7.080100000000000282e-02 2.047118999999999911e+00 9.228520000000000056e-01 2.651367000000000029e+00
7.202100000000000168e-02 2.045898000000000216e+00 9.228520000000000056e-01 2.656250000000000000e+00
