5.615200000000000052e-02 1.328125000000000000e+00 5.676269999999999927e-01 2.114257999999999971e+00
5.737300000000000039e-02 1.333007999999999971e+00 5.651859999999999662e-01 2.114257999999999971e+00
5.615200000000000052e-02 1.328125000000000000e+00 5.651859999999999662e-01 2.114257999999999971e+00
5.737300000000000039e-02 1.333007999999999971e+00 5.651859999999999662e-01 2.114257999999999971e+00
5.737300000000000039e-02 1.329345999999999917e+00 5.664059999999999651e-01 2.114257999999999971e+00
5.737300000000000039e-02 1.328125000000000000e+00 5.676269999999999927e-01 2.114257999999999971e+00
5.737300000000000039e-02 1.329345999999999917e+00 5.664059999999999651e-01 2.114257999999999971e+00
5.615200000000000052e-02 1.333007999999999971e+00 5.651859999999999662e-01 2.114257999999999971e+00
5.737300000000000039e-02 1.333007999999999971e+00 5.651859999999999662e-01 2.114257999999999971e+00
5.737300000000000039e-02 1.333007999999999971e+00 5.664059999999999651e-01 2.114257999999999971e+00
5.615200000000000052e-02 1.333007999999999971e+00 5.651859999999999662e-01 2.114257999999999971e+00
5.737300000000000039e-02 1.329345999999999917e+00 5.664059999999999651e-01 2.114257999999999971e+00
5.737300000000000039e-02 1.333007999999999971e+00 5.664059999999999651e-01 2.114257999999999971e+00
5.737300000000000039e-02 1.333007999999999971e+00 5.664059999999999651e-01 2.114257999999999971e+00
5.737300000000000039e-02 1.333007999999999971e+00 5.651859999999999662e-01 2.114257999999999971e+00
5.615200000000000052e-02 1.333007999999999971e+00 5.664059999999999651e-01 2.114257999999999971e+00
5.737300000000000039e-02 1.333007999999999971e+00 5.651859999999999662e-01 2.114257999999999971e+00
5.737300000000000039e-02 1.333007999999999971e+00 5.651859999999999662e-01 2.114257999999999971e+00
5.737300000000000039e-02 1.333007999999999971e+00 5.664059999999999651e-01 2.114257999999999971e+00
5.737300000000000039e-02 1.333007999999999971e+00 5.651859999999999662e-01 2.114257999999999971e+00
5.737300000000000039e-02 1.333007999999999971e+00 5.651859999999999662e-01 2.114257999999999971e+00
5.737300000000000039e-02 1.333007999999999971e+00 5.651859999999999662e-01 2.114257999999999971e+00
5.737300000000000039e-02 1.333007999999999971e+00 5.651859999999999662e-01 2.114257999999999971e+00
5.737300000000000039e-02 1.333007999999999971e+00 5.664059999999999651e-01 2.114257999999999971e+00
5.737300000000000039e-02 1.330565999999999915e+00 5.664059999999999651e-01 2.114257999999999971e+00
5.737300000000000039e-02 1.333007999999999971e+00 5.651859999999999662e-01 2.114257999999999971e+00
5.737300000000000039e-02 1.333007999999999971e+00 5.651859999999999662e-01 2.114257999999999971e+00
5.737300000000000039e-02 1.333007999999999971e+00 5.664059999999999651e-01 2.115479000000000109e+00
5.737300000000000039e-02 1.333007999999999971e+00 5.651859999999999662e-01 2.114257999999999971e+00
5.737300000000000039e-02 1.333007999999999971e+00 5.639650000000000496e-01 2.114257999999999971e+00
5.737300000000000039e-02 1.333007999999999971e+00 5.651859999999999662e-01 2.114257999999999971e+00
5.737300000000000039e-02 1.333007999999999971e+00 5.651859999999999662e-01 2.114257999999999971e+00
5.737300000000000039e-02 1.333007999999999971e+00 5.651859999999999662e-01 2.114257999999999971e+00
5.737300000000000039e-02 1.333007999999999971e+00 5.627440000000000220e-01 2.114257999999999971e+00
5.737300000000000039e-02 1.329345999999999917e+00 5.627440000000000220e-01 2.114257999999999971e+00
5.615200000000000052e-02 1.333007999999999971e+00 5.651859999999999662e-01 2.114257999999999971e+00
5.737300000000000039e-02 1.329345999999999917e+00 5.639650000000000496e-01 2.114257999999999971e+00
5.615200000000000052e-02 1.333007999999999971e+00 5.639650000000000496e-01 2.114257999999999971e+00
5.615200000000000052e-02 1.329345999999999917e+00 5.651859999999999662e-01 2.114257999999999971e+00
5.615200000000000052e-02 1.333007999999999971e+00 5.639650000000000496e-01 2.114257999999999971e+00
5.615200000000000052e-02 1.329345999999999917e+00 5.651859999999999662e-01 2.109375000000000000e+00
5.737300000000000039e-02 1.333007999999999971e+00 5.651859999999999662e-01 2.114257999999999971e+00
5.737300000000000039e-02 1.333007999999999971e+00 5.664059999999999651e-01 2.114257999999999971e+00
5.737300000000000039e-02 1.333007999999999971e+00 5.664059999999999651e-01 2.114257999999999971e+00
5.737300000000000039e-02 1.333007999999999971e+00 5.676269999999999927e-01 2.114257999999999971e+00
5.615200000000000052e-02 1.333007999999999971e+00 5.712890000000000468e-01 2.114257999999999971e+00
5.737300000000000039e-02 1.333007999999999971e+00 5.810549999999999882e-01 2.114257999999999971e+00
5.737300000000000039e-02 1.337890999999999941e+00 5.908200000000000118e-01 2.114257999999999971e+00
5.737300000000000039e-02 1.342772999999999994e+00 6.018069999999999808e-01 2.115479000000000109e+00
5.737300000000000039e-02 1.347655999999999965e+00 6.201170000000000293e-01 2.124023000000000216e+00
5.737300000000000039e-02 1.354980000000000073e+00 6.311039999999999983e-01 2.125243999999999911e+00
5.859400000000000025e-02 1.363525000000000098e+00 6.469730000000000203e-01 2.127686000000000188e+00
5.737300000000000039e-02 1.372069999999999901e+00 6.603999999999999870e-01 2.133789000000000158e+00
5.859400000000000025e-02 1.381836000000000064e+00 6.750490000000000101e-01 2.136229999999999851e+00
5.859400000000000025e-02 1.391602000000000006e+00 6.884770000000000056e-01 2.144775000000000098e+00
5.981399999999999911e-02 1.402587999999999946e+00 6.994629999999999459e-01 2.148438000000000070e+00
6.103499999999999898e-02 1.412354000000000109e+00 7.116700000000000248e-01 2.153319999999999901e+00
6.103499999999999898e-02 1.422118999999999911e+00 7.189940000000000220e-01 2.163085999999999842e+00
6.103499999999999898e-02 1.431885000000000074e+00 7.275390000000000468e-01 2.172851999999999784e+00
6.103499999999999898e-02 1.442871000000000015e+00 7.373049999999999882e-01 2.172851999999999784e+00
6.103499999999999898e-02 1.452636999999999956e+00 7.385249999999999870e-01 2.182617000000000029e+00
6.225599999999999884e-02 1.466064000000000034e+00 7.434079999999999577e-01 2.182617000000000029e+00
6.347700000000000564e-02 1.473389000000000060e+00 7.470700000000000118e-01 2.186278999999999861e+00
6.347700000000000564e-02 1.484375000000000000e+00 7.482910000000000394e-01 2.192382999999999971e+00
6.347700000000000564e-02 1.490479000000000109e+00 7.507319999999999549e-01 2.202148000000000216e+00
6.469700000000000450e-02 1.508788999999999936e+00 7.531740000000000101e-01 2.207031000000000187e+00
6.347700000000000564e-02 1.518555000000000099e+00 7.531740000000000101e-01 2.211914000000000158e+00
6.347700000000000564e-02 1.522216999999999931e+00 7.531740000000000101e-01 2.213134999999999852e+00
6.469700000000000450e-02 1.529541000000000039e+00 7.531740000000000101e-01 2.224120999999999793e+00
6.469700000000000450e-02 1.538086000000000064e+00 7.519529999999999825e-01 2.222900000000000098e+00
6.347700000000000564e-02 1.547852000000000006e+00 7.482910000000000394e-01 2.225341999999999931e+00
6.469700000000000450e-02 1.551514000000000060e+00 7.482910000000000394e-01 2.231444999999999901e+00
6.347700000000000564e-02 1.562500000000000000e+00 7.470700000000000118e-01 2.237549000000000010e+00
6.469700000000000450e-02 1.567382999999999971e+00 7.434079999999999577e-01 2.241210999999999842e+00
6.469700000000000450e-02 1.577147999999999994e+00 7.409670000000000423e-01 2.243651999999999980e+00
6.469700000000000450e-02 1.577147999999999994e+00 7.385249999999999870e-01 2.246093999999999813e+00
6.469700000000000450e-02 1.580810999999999966e+00 7.373049999999999882e-01 2.250976999999999784e+00
6.347700000000000564e-02 1.586913999999999936e+00 7.373049999999999882e-01 2.250976999999999784e+00
6.347700000000000564e-02 1.588135000000000074e+00 7.324220000000000175e-01 2.250976999999999784e+00
6.469700000000000450e-02 1.590575999999999990e+00 7.287599999999999634e-01 2.254639000000000060e+00
6.347700000000000564e-02 1.596680000000000099e+00 7.275390000000000468e-01 2.254639000000000060e+00
6.469700000000000450e-02 1.596680000000000099e+00 7.275390000000000468e-01 2.260742000000000029e+00
6.469700000000000450e-02 1.600341999999999931e+00 7.238769999999999927e-01 2.265625000000000000e+00
6.469700000000000450e-02 1.601563000000000070e+00 7.214359999999999662e-01 2.260742000000000029e+00
6.469700000000000450e-02 1.606444999999999901e+00 7.189940000000000220e-01 2.265625000000000000e+00
6.347700000000000564e-02 1.606444999999999901e+00 7.177729999999999944e-01 2.270507999999999971e+00
6.469700000000000450e-02 1.610106999999999955e+00 7.177729999999999944e-01 2.270507999999999971e+00
6.347700000000000564e-02 1.611328000000000094e+00 7.141110000000000513e-01 2.270507999999999971e+00
6.347700000000000564e-02 1.617431999999999981e+00 7.128910000000000524e-01 2.274169999999999803e+00
6.347700000000000564e-02 1.621094000000000035e+00 7.177729999999999944e-01 2.272949000000000108e+00
6.347700000000000564e-02 1.625977000000000006e+00 7.226559999999999651e-01 2.275390999999999941e+00
6.469700000000000450e-02 1.627197000000000005e+00 7.324220000000000175e-01 2.280273000000000216e+00
6.469700000000000450e-02 1.636962999999999946e+00 7.434079999999999577e-01 2.281493999999999911e+00
6.469700000000000450e-02 1.645507999999999971e+00 7.580569999999999808e-01 2.285156000000000187e+00
6.469700000000000450e-02 1.649170000000000025e+00 7.727049999999999752e-01 2.290039000000000158e+00
6.469700000000000450e-02 1.657715000000000050e+00 7.861329999999999707e-01 2.293700999999999990e+00
6.469700000000000450e-02 1.666260000000000074e+00 8.007809999999999651e-01 2.301025000000000098e+00
6.591800000000000437e-02 1.676025000000000098e+00 8.154299999999999882e-01 2.309569999999999901e+00
6.591800000000000437e-02 1.694336000000000064e+00 8.276369999999999560e-01 2.310791000000000039e+00
6.591800000000000437e-02 1.699219000000000035e+00 8.459470000000000045e-01 2.319335999999999842e+00
6.713900000000000423e-02 1.708984000000000059e+00 8.642579999999999707e-01 2.329101999999999784e+00
6.713900000000000423e-02 1.724854000000000109e+00 8.837890000000000468e-01 2.332764000000000060e+00
6.713900000000000423e-02 1.743163999999999936e+00 9.033200000000000118e-01 2.343750000000000000e+00
6.835900000000000309e-02 1.754150000000000098e+00 9.228520000000000056e-01 2.351074000000000108e+00
6.835900000000000309e-02 1.772461000000000064e+00 9.387210000000000276e-01 2.363281000000000187e+00
6.958000000000000296e-02 1.791992000000000029e+00 9.533690000000000220e-01 2.369384999999999852e+00
6.958000000000000296e-02 1.805420000000000025e+00 9.716799999999999882e-01 2.377930000000000099e+00
7.080100000000000282e-02 1.822510000000000074e+00 9.826660000000000394e-01 2.387694999999999901e+00
7.202100000000000168e-02 1.840819999999999901e+00 9.912109999999999532e-01 2.398681999999999981e+00
7.202100000000000168e-02 1.860352000000000006e+00 1.000977000000000006e+00 2.408446999999999782e+00
7.324200000000000155e-02 1.873779000000000083e+00 1.003417999999999921e+00 2.421875000000000000e+00
7.324200000000000155e-02 1.889647999999999994e+00 1.010742000000000029e+00 2.426757999999999971e+00
7.446300000000000141e-02 1.903075999999999990e+00 1.011962999999999946e+00 2.437743999999999911e+00
7.446300000000000141e-02 1.920166000000000039e+00 1.015625000000000000e+00 2.446289000000000158e+00
7.446300000000000141e-02 1.933594000000000035e+00 1.020507999999999971e+00 2.456055000000000099e+00
7.568400000000000127e-02 1.949462999999999946e+00 1.020507999999999971e+00 2.465819999999999901e+00
7.568400000000000127e-02 1.967772999999999994e+00 1.021729000000000109e+00 2.475585999999999842e+00
7.568400000000000127e-02 1.977538999999999936e+00 1.021729000000000109e+00 2.485351999999999784e+00
7.690400000000000014e-02 1.990966999999999931e+00 1.021729000000000109e+00 2.495117000000000029e+00
7.690400000000000014e-02 2.000732000000000177e+00 1.020507999999999971e+00 2.498778999999999861e+00
7.690400000000000014e-02 2.016601999999999784e+00 1.016845999999999917e+00 2.506104000000000109e+00
7.690400000000000014e-02 2.026367000000000029e+00 1.015625000000000000e+00 2.514648000000000216e+00
7.690400000000000014e-02 2.036132999999999971e+00 1.010742000000000029e+00 2.524414000000000158e+00
7.690400000000000014e-02 2.045898000000000216e+00 1.004639000000000060e+00 2.524414000000000158e+00
7.690400000000000014e-02 2.055664000000000158e+00 1.000977000000000006e+00 2.534180000000000099e+00
7.690400000000000014e-02 2.061767999999999823e+00 9.960940000000000349e-01 2.543944999999999901e+00
7.812500000000000000e-02 2.069091999999999931e+00 9.899900000000000366e-01 2.545166000000000039e+00
7.690400000000000014e-02 2.076416000000000039e+00 9.826660000000000394e-01 2.553710999999999842e+00
7.690400000000000014e-02 2.084960999999999842e+00 9.777829999999999577e-01 2.554931999999999981e+00
7.690400000000000014e-02 2.086181999999999981e+00 9.716799999999999882e-01 2.561034999999999950e+00
7.690400000000000014e-02 2.094726999999999784e+00 9.667970000000000175e-01 2.564696999999999782e+00
7.690400000000000014e-02 2.095946999999999782e+00 9.619140000000000468e-01 2.573242000000000029e+00
7.690400000000000014e-02 2.104492000000000029e+00 9.558109999999999662e-01 2.573242000000000029e+00
7.690400000000000014e-02 2.104492000000000029e+00 9.521479999999999944e-01 2.583007999999999971e+00
7.690400000000000014e-02 2.109375000000000000e+00 9.460450000000000248e-01 2.583007999999999971e+00
7.690400000000000014e-02 2.109375000000000000e+00 9.460450000000000248e-01 2.583007999999999971e+00
7.690400000000000014e-02 2.114257999999999971e+00 9.423829999999999707e-01 2.583007999999999971e+00
7.690400000000000014e-02 2.114257999999999971e+00 9.338379999999999459e-01 2.584229000000000109e+00
7.568400000000000127e-02 2.114257999999999971e+00 9.326170000000000293e-01 2.592773000000000216e+00
7.690400000000000014e-02 2.114257999999999971e+00 9.240720000000000045e-01 2.592773000000000216e+00
7.690400000000000014e-02 2.115479000000000109e+00 9.228520000000000056e-01 2.592773000000000216e+00
7.568400000000000127e-02 2.115479000000000109e+00 9.130859999999999532e-01 2.593993999999999911e+00
7.568400000000000127e-02 2.116699000000000108e+00 9.094240000000000101e-01 2.602539000000000158e+00
7.568400000000000127e-02 2.115479000000000109e+00 9.045410000000000394e-01 2.602539000000000158e+00
7.568400000000000127e-02 2.117919999999999803e+00 9.033200000000000118e-01 2.602539000000000158e+00
7.568400000000000127e-02 2.117919999999999803e+00 8.972170000000000423e-01 2.602539000000000158e+00
7.568400000000000127e-02 2.115479000000000109e+00 8.959960000000000147e-01 2.603759999999999852e+00
7.446300000000000141e-02 2.124023000000000216e+00 8.972170000000000423e-01 2.603759999999999852e+00
7.446300000000000141e-02 2.116699000000000108e+00 9.033200000000000118e-01 2.606200999999999990e+00
7.446300000000000141e-02 2.124023000000000216e+00 9.045410000000000394e-01 2.612305000000000099e+00
7.446300000000000141e-02 2.124023000000000216e+00 9.130859999999999532e-01 2.612305000000000099e+00
7.568400000000000127e-02 2.125243999999999911e+00 9.167480000000000073e-01 2.613525000000000098e+00
7.446300000000000141e-02 2.133789000000000158e+00 9.265139999999999487e-01 2.615966999999999931e+00
7.446300000000000141e-02 2.135009999999999852e+00 9.387210000000000276e-01 2.624512000000000178e+00
7.446300000000000141e-02 2.136229999999999851e+00 9.533690000000000220e-01 2.622069999999999901e+00
7.568400000000000127e-02 2.143555000000000099e+00 9.716799999999999882e-01 2.631835999999999842e+00
7.568400000000000127e-02 2.147216999999999931e+00 9.863279999999999825e-01 2.631835999999999842e+00
7.690400000000000014e-02 2.154541000000000039e+00 1.002197000000000005e+00 2.641601999999999784e+00
7.690400000000000014e-02 2.164306999999999981e+00 1.020507999999999971e+00 2.642821999999999782e+00
7.690400000000000014e-02 2.172851999999999784e+00 1.033935999999999966e+00 2.653808999999999862e+00
7.812500000000000000e-02 2.182617000000000029e+00 1.049805000000000099e+00 2.656250000000000000e+00
7.812500000000000000e-02 2.192382999999999971e+00 1.060791000000000039e+00 2.661132999999999971e+00
7.812500000000000000e-02 2.198485999999999940e+00 1.072997999999999896e+00 2.670898000000000216e+00
7.934599999999999986e-02 2.211914000000000158e+00 1.088867000000000029e+00 2.670898000000000216e+00
7.934599999999999986e-02 2.221680000000000099e+00 1.098632999999999971e+00 2.680664000000000158e+00
7.934599999999999986e-02 2.227783000000000069e+00 1.104735999999999940e+00 2.690430000000000099e+00
8.056599999999999873e-02 2.241210999999999842e+00 1.109618999999999911e+00 2.694091999999999931e+00
8.056599999999999873e-02 2.250976999999999784e+00 1.113280999999999965e+00 2.700194999999999901e+00
8.056599999999999873e-02 2.260742000000000029e+00 1.118163999999999936e+00 2.709960999999999842e+00
8.056599999999999873e-02 2.270507999999999971e+00 1.118163999999999936e+00 2.714843999999999813e+00
8.056599999999999873e-02 2.272949000000000108e+00 1.118163999999999936e+00 2.719726999999999784e+00
8.178699999999999859e-02 2.280273000000000216e+00 1.118163999999999936e+00 2.729492000000000029e+00
8.178699999999999859e-02 2.290039000000000158e+00 1.118163999999999936e+00 2.729492000000000029e+00
8.300799999999999845e-02 2.299805000000000099e+00 1.118163999999999936e+00 2.734375000000000000e+00
8.300799999999999845e-02 2.302245999999999793e+00 1.118163999999999936e+00 2.744140999999999941e+00
8.178699999999999859e-02 2.309569999999999901e+00 1.118163999999999936e+00 2.749023000000000216e+00
8.300799999999999845e-02 2.319335999999999842e+00 1.114502000000000104e+00 2.749023000000000216e+00
8.300799999999999845e-02 2.321776999999999980e+00 1.113280999999999965e+00 2.758789000000000158e+00
8.300799999999999845e-02 2.329101999999999784e+00 1.112060999999999966e+00 2.758789000000000158e+00
8.300799999999999845e-02 2.331542999999999921e+00 1.108397999999999994e+00 2.768555000000000099e+00
8.300799999999999845e-02 2.332764000000000060e+00 1.108397999999999994e+00 2.768555000000000099e+00
8.300799999999999845e-02 2.338867000000000029e+00 1.103515999999999941e+00 2.770995999999999793e+00
8.300799999999999845e-02 2.348632999999999971e+00 1.098632999999999971e+00 2.778319999999999901e+00
8.300799999999999845e-02 2.348632999999999971e+00 1.093750000000000000e+00 2.778319999999999901e+00
8.300799999999999845e-02 2.348632999999999971e+00 1.088867000000000029e+00 2.780762000000000178e+00
8.300799999999999845e-02 2.349854000000000109e+00 1.083984000000000059e+00 2.788085999999999842e+00
8.300799999999999845e-02 2.352294999999999803e+00 1.079102000000000006e+00 2.788085999999999842e+00
8.300799999999999845e-02 2.358398000000000216e+00 1.074219000000000035e+00 2.788085999999999842e+00
8.300799999999999845e-02 2.358398000000000216e+00 1.069336000000000064e+00 2.792968999999999813e+00
8.300799999999999845e-02 2.358398000000000216e+00 1.065674000000000010e+00 2.797851999999999784e+00
8.178699999999999859e-02 2.358398000000000216e+00 1.060791000000000039e+00 2.797851999999999784e+00
8.178699999999999859e-02 2.358398000000000216e+00 1.060791000000000039e+00 2.797851999999999784e+00
8.178699999999999859e-02 2.358398000000000216e+00 1.059569999999999901e+00 2.797851999999999784e+00
8.300799999999999845e-02 2.358398000000000216e+00 1.059569999999999901e+00 2.799071999999999782e+00
8.300799999999999845e-02 2.359618999999999911e+00 1.053466999999999931e+00 2.807617000000000029e+00
8.178699999999999859e-02 2.362061000000000188e+00 1.049805000000000099e+00 2.801514000000000060e+00
8.300799999999999845e-02 2.359618999999999911e+00 1.046143000000000045e+00 2.807617000000000029e+00
8.178699999999999859e-02 2.358398000000000216e+00 1.042480000000000073e+00 2.807617000000000029e+00
8.178699999999999859e-02 2.358398000000000216e+00 1.041260000000000074e+00 2.807617000000000029e+00
8.178699999999999859e-02 2.358398000000000216e+00 1.040038999999999936e+00 2.808838000000000168e+00
8.056599999999999873e-02 2.358398000000000216e+00 1.040038999999999936e+00 2.810058999999999862e+00
8.056599999999999873e-02 2.358398000000000216e+00 1.035155999999999965e+00 2.810058999999999862e+00
8.056599999999999873e-02 2.359618999999999911e+00 1.031493999999999911e+00 2.811278999999999861e+00
8.056599999999999873e-02 2.359618999999999911e+00 1.031493999999999911e+00 2.808838000000000168e+00
8.056599999999999873e-02 2.354735999999999940e+00 1.030272999999999994e+00 2.811278999999999861e+00
7.934599999999999986e-02 2.358398000000000216e+00 1.026610999999999940e+00 2.811278999999999861e+00
8.056599999999999873e-02 2.358398000000000216e+00 1.025390999999999941e+00 2.811278999999999861e+00
7.934599999999999986e-02 2.352294999999999803e+00 1.021729000000000109e+00 2.817382999999999971e+00
7.934599999999999986e-02 2.349854000000000109e+00 1.021729000000000109e+00 2.817382999999999971e+00
7.934599999999999986e-02 2.349854000000000109e+00 1.020507999999999971e+00 2.822265999999999941e+00
7.934599999999999986e-02 2.348632999999999971e+00 1.025390999999999941e+00 2.817382999999999971e+00
7.934599999999999986e-02 2.348632999999999971e+00 1.030272999999999994e+00 2.817382999999999971e+00
7.934599999999999986e-02 2.349854000000000109e+00 1.041260000000000074e+00 2.818604000000000109e+00
7.934599999999999986e-02 2.352294999999999803e+00 1.049805000000000099e+00 2.821044999999999803e+00
7.934599999999999986e-02 2.352294999999999803e+00 1.054688000000000070e+00 2.821044999999999803e+00
8.056599999999999873e-02 2.358398000000000216e+00 1.060791000000000039e+00 2.823485999999999940e+00
8.056599999999999873e-02 2.358398000000000216e+00 1.069336000000000064e+00 2.827148000000000216e+00
8.056599999999999873e-02 2.360840000000000050e+00 1.070556999999999981e+00 2.827148000000000216e+00
8.056599999999999873e-02 2.368164000000000158e+00 1.075439000000000034e+00 2.836914000000000158e+00
8.056599999999999873e-02 2.368164000000000158e+00 1.080322000000000005e+00 2.836914000000000158e+00
8.056599999999999873e-02 2.369384999999999852e+00 1.088867000000000029e+00 2.836914000000000158e+00
8.178699999999999859e-02 2.369384999999999852e+00 1.094970999999999917e+00 2.836914000000000158e+00
8.178699999999999859e-02 2.371825999999999990e+00 1.108397999999999994e+00 2.846680000000000099e+00
8.178699999999999859e-02 2.379150000000000098e+00 1.120605000000000073e+00 2.846680000000000099e+00
8.300799999999999845e-02 2.387694999999999901e+00 1.137694999999999901e+00 2.846680000000000099e+00
8.300799999999999845e-02 2.397460999999999842e+00 1.152344000000000035e+00 2.849120999999999793e+00
8.422899999999999832e-02 2.398681999999999981e+00 1.171875000000000000e+00 2.856444999999999901e+00
8.300799999999999845e-02 2.412109000000000059e+00 1.187743999999999911e+00 2.857666000000000039e+00
8.422899999999999832e-02 2.416992000000000029e+00 1.206055000000000099e+00 2.866210999999999842e+00
8.422899999999999832e-02 2.431640999999999941e+00 1.223144999999999927e+00 2.875976999999999784e+00
8.544899999999999718e-02 2.437743999999999911e+00 1.230469000000000035e+00 2.875976999999999784e+00
8.544899999999999718e-02 2.446289000000000158e+00 1.236572000000000005e+00 2.885742000000000029e+00
8.666999999999999704e-02 2.456055000000000099e+00 1.240234000000000059e+00 2.895507999999999971e+00
8.789099999999999691e-02 2.465819999999999901e+00 1.245117000000000029e+00 2.895507999999999971e+00
8.666999999999999704e-02 2.467041000000000039e+00 1.245117000000000029e+00 2.899169999999999803e+00
8.789099999999999691e-02 2.476806999999999981e+00 1.245117000000000029e+00 2.905273000000000216e+00
8.789099999999999691e-02 2.485351999999999784e+00 1.245117000000000029e+00 2.906493999999999911e+00
8.789099999999999691e-02 2.489014000000000060e+00 1.245117000000000029e+00 2.915039000000000158e+00
8.789099999999999691e-02 2.495117000000000029e+00 1.245117000000000029e+00 2.917479999999999851e+00
8.911099999999999577e-02 2.504882999999999971e+00 1.246337999999999946e+00 2.924805000000000099e+00
8.911099999999999577e-02 2.509765999999999941e+00 1.254882999999999971e+00 2.926025000000000098e+00
8.911099999999999577e-02 2.514648000000000216e+00 1.256104000000000109e+00 2.934569999999999901e+00
9.033199999999999563e-02 2.519531000000000187e+00 1.264647999999999994e+00 2.934569999999999901e+00
9.033199999999999563e-02 2.525634999999999852e+00 1.268310999999999966e+00 2.944335999999999842e+00
8.911099999999999577e-02 2.534180000000000099e+00 1.274413999999999936e+00 2.945556999999999981e+00
9.155299999999999550e-02 2.537841999999999931e+00 1.275635000000000074e+00 2.954101999999999784e+00
9.155299999999999550e-02 2.543944999999999901e+00 1.284180000000000099e+00 2.954101999999999784e+00
9.155299999999999550e-02 2.553710999999999842e+00 1.287841999999999931e+00 2.963867000000000029e+00
9.277299999999999436e-02 2.558593999999999813e+00 1.293944999999999901e+00 2.966308999999999862e+00
9.277299999999999436e-02 2.563476999999999784e+00 1.297606999999999955e+00 2.973632999999999971e+00
9.277299999999999436e-02 2.573242000000000029e+00 1.303711000000000064e+00 2.976074000000000108e+00
9.277299999999999436e-02 2.574463000000000168e+00 1.308594000000000035e+00 2.983398000000000216e+00
9.277299999999999436e-02 2.583007999999999971e+00 1.307372999999999896e+00 2.983398000000000216e+00
9.399399999999999422e-02 2.586669999999999803e+00 1.307372999999999896e+00 2.993164000000000158e+00
9.399399999999999422e-02 2.592773000000000216e+00 1.308594000000000035e+00 2.993164000000000158e+00
9.399399999999999422e-02 2.596436000000000188e+00 1.303711000000000064e+00 3.002930000000000099e+00
9.399399999999999422e-02 2.602539000000000158e+00 1.298828000000000094e+00 3.002930000000000099e+00
9.399399999999999422e-02 2.602539000000000158e+00 1.289063000000000070e+00 3.006591999999999931e+00
9.399399999999999422e-02 2.602539000000000158e+00 1.289063000000000070e+00 3.006591999999999931e+00
9.399399999999999422e-02 2.602539000000000158e+00 1.280518000000000045e+00 3.006591999999999931e+00
9.399399999999999422e-02 2.602539000000000158e+00 1.274413999999999936e+00 3.012694999999999901e+00
9.399399999999999422e-02 2.604979999999999851e+00 1.258545000000000025e+00 3.012694999999999901e+00
9.399399999999999422e-02 2.606200999999999990e+00 1.246337999999999946e+00 3.012694999999999901e+00
9.399399999999999422e-02 2.603759999999999852e+00 1.235352000000000006e+00 3.016357000000000177e+00
9.399399999999999422e-02 2.602539000000000158e+00 1.225586000000000064e+00 3.016357000000000177e+00
9.277299999999999436e-02 2.603759999999999852e+00 1.209716999999999931e+00 3.027343999999999813e+00
9.277299999999999436e-02 2.602539000000000158e+00 1.197510000000000074e+00 3.022460999999999842e+00
9.277299999999999436e-02 2.593993999999999911e+00 1.186522999999999994e+00 3.022460999999999842e+00
9.155299999999999550e-02 2.592773000000000216e+00 1.176757999999999971e+00 3.016357000000000177e+00
9.277299999999999436e-02 2.584229000000000109e+00 1.166992000000000029e+00 3.016357000000000177e+00
9.033199999999999563e-02 2.583007999999999971e+00 1.149901999999999980e+00 3.015137000000000178e+00
9.155299999999999550e-02 2.578125000000000000e+00 1.142578000000000094e+00 3.013916000000000039e+00
9.033199999999999563e-02 2.574463000000000168e+00 1.131591999999999931e+00 3.012694999999999901e+00
8.911099999999999577e-02 2.564696999999999782e+00 1.121825999999999990e+00 3.012694999999999901e+00
8.911099999999999577e-02 2.563476999999999784e+00 1.112060999999999966e+00 3.012694999999999901e+00
8.911099999999999577e-02 2.554931999999999981e+00 1.103515999999999941e+00 3.012694999999999901e+00
8.911099999999999577e-02 2.553710999999999842e+00 1.093750000000000000e+00 3.006591999999999931e+00
8.789099999999999691e-02 2.543944999999999901e+00 1.085204999999999975e+00 3.005370999999999793e+00
8.789099999999999691e-02 2.537841999999999931e+00 1.079102000000000006e+00 3.002930000000000099e+00
8.666999999999999704e-02 2.534180000000000099e+00 1.069336000000000064e+00 3.002930000000000099e+00
8.666999999999999704e-02 2.524414000000000158e+00 1.059569999999999901e+00 3.002930000000000099e+00
8.544899999999999718e-02 2.515868999999999911e+00 1.051025000000000098e+00 2.994384999999999852e+00
8.544899999999999718e-02 2.514648000000000216e+00 1.041260000000000074e+00 2.998047000000000128e+00
8.422899999999999832e-02 2.509765999999999941e+00 1.040038999999999936e+00 2.993164000000000158e+00
8.422899999999999832e-02 2.498778999999999861e+00 1.030272999999999994e+00 2.993164000000000158e+00
8.422899999999999832e-02 2.495117000000000029e+00 1.021729000000000109e+00 2.983398000000000216e+00
8.422899999999999832e-02 2.485351999999999784e+00 1.015625000000000000e+00 2.976074000000000108e+00
8.300799999999999845e-02 2.480468999999999813e+00 1.010742000000000029e+00 2.977294999999999803e+00
8.300799999999999845e-02 2.475585999999999842e+00 1.003417999999999921e+00 2.973632999999999971e+00
8.300799999999999845e-02 2.465819999999999901e+00 1.000977000000000006e+00 2.973632999999999971e+00
8.300799999999999845e-02 2.457275000000000098e+00 1.000977000000000006e+00 2.965088000000000168e+00
8.178699999999999859e-02 2.456055000000000099e+00 1.000977000000000006e+00 2.968750000000000000e+00
8.056599999999999873e-02 2.447509999999999852e+00 1.010742000000000029e+00 2.963867000000000029e+00
8.178699999999999859e-02 2.447509999999999852e+00 1.024170000000000025e+00 2.963867000000000029e+00
8.178699999999999859e-02 2.446289000000000158e+00 1.041260000000000074e+00 2.963867000000000029e+00
8.056599999999999873e-02 2.446289000000000158e+00 1.063231999999999955e+00 2.954101999999999784e+00
8.056599999999999873e-02 2.446289000000000158e+00 1.063231999999999955e+00 2.954101999999999784e+00
8.178699999999999859e-02 2.446289000000000158e+00 1.088867000000000029e+00 2.963867000000000029e+00
8.300799999999999845e-02 2.456055000000000099e+00 1.113280999999999965e+00 2.957764000000000060e+00
8.300799999999999845e-02 2.448729999999999851e+00 1.137694999999999901e+00 2.957764000000000060e+00
8.300799999999999845e-02 2.460938000000000070e+00 1.152344000000000035e+00 2.963867000000000029e+00
8.300799999999999845e-02 2.458495999999999793e+00 1.171875000000000000e+00 2.963867000000000029e+00
8.300799999999999845e-02 2.468262000000000178e+00 1.181640999999999941e+00 2.963867000000000029e+00
8.422899999999999832e-02 2.470702999999999872e+00 1.191405999999999965e+00 2.963867000000000029e+00
8.422899999999999832e-02 2.475585999999999842e+00 1.198730000000000073e+00 2.966308999999999862e+00
8.422899999999999832e-02 2.476806999999999981e+00 1.206055000000000099e+00 2.973632999999999971e+00
8.422899999999999832e-02 2.479248000000000118e+00 1.207275000000000098e+00 2.966308999999999862e+00
8.544899999999999718e-02 2.485351999999999784e+00 1.210938000000000070e+00 2.973632999999999971e+00
8.544899999999999718e-02 2.486571999999999782e+00 1.212158000000000069e+00 2.973632999999999971e+00
8.544899999999999718e-02 2.495117000000000029e+00 1.215819999999999901e+00 2.974854000000000109e+00
8.544899999999999718e-02 2.489014000000000060e+00 1.215819999999999901e+00 2.977294999999999803e+00
8.544899999999999718e-02 2.500000000000000000e+00 1.215819999999999901e+00 2.977294999999999803e+00
8.544899999999999718e-02 2.504882999999999971e+00 1.215819999999999901e+00 2.979735999999999940e+00
8.544899999999999718e-02 2.504882999999999971e+00 1.215819999999999901e+00 2.977294999999999803e+00
8.666999999999999704e-02 2.506104000000000109e+00 1.220703000000000094e+00 2.985840000000000050e+00
8.666999999999999704e-02 2.515868999999999911e+00 1.217041000000000039e+00 2.984618999999999911e+00
8.666999999999999704e-02 2.514648000000000216e+00 1.217041000000000039e+00 2.984618999999999911e+00
8.666999999999999704e-02 2.514648000000000216e+00 1.217041000000000039e+00 2.984618999999999911e+00
8.666999999999999704e-02 2.514648000000000216e+00 1.215819999999999901e+00 2.993164000000000158e+00
8.666999999999999704e-02 2.519531000000000187e+00 1.210938000000000070e+00 2.991943000000000019e+00
8.789099999999999691e-02 2.519531000000000187e+00 1.207275000000000098e+00 2.993164000000000158e+00
8.666999999999999704e-02 2.524414000000000158e+00 1.201171999999999906e+00 2.993164000000000158e+00
8.666999999999999704e-02 2.524414000000000158e+00 1.196288999999999936e+00 2.993164000000000158e+00
8.789099999999999691e-02 2.525634999999999852e+00 1.187743999999999911e+00 2.998047000000000128e+00
8.666999999999999704e-02 2.524414000000000158e+00 1.186522999999999994e+00 2.993164000000000158e+00
8.666999999999999704e-02 2.520751999999999882e+00 1.177979000000000109e+00 2.993164000000000158e+00
8.666999999999999704e-02 2.524414000000000158e+00 1.176757999999999971e+00 2.993164000000000158e+00
8.666999999999999704e-02 2.518311000000000188e+00 1.168212999999999946e+00 2.993164000000000158e+00
8.666999999999999704e-02 2.517090000000000050e+00 1.166992000000000029e+00 2.993164000000000158e+00
8.666999999999999704e-02 2.519531000000000187e+00 1.158447000000000005e+00 2.998047000000000128e+00
8.544899999999999718e-02 2.515868999999999911e+00 1.157227000000000006e+00 2.993164000000000158e+00
8.544899999999999718e-02 2.514648000000000216e+00 1.152344000000000035e+00 2.993164000000000158e+00
8.544899999999999718e-02 2.514648000000000216e+00 1.148681999999999981e+00 2.993164000000000158e+00
8.666999999999999704e-02 2.514648000000000216e+00 1.147461000000000064e+00 2.993164000000000158e+00
8.544899999999999718e-02 2.512207000000000079e+00 1.147461000000000064e+00 2.987061000000000188e+00
8.544899999999999718e-02 2.514648000000000216e+00 1.148681999999999981e+00 2.993164000000000158e+00
8.544899999999999718e-02 2.514648000000000216e+00 1.152344000000000035e+00 2.993164000000000158e+00
8.544899999999999718e-02 2.514648000000000216e+00 1.159667999999999921e+00 2.993164000000000158e+00
8.666999999999999704e-02 2.514648000000000216e+00 1.163329999999999975e+00 2.993164000000000158e+00
8.544899999999999718e-02 2.510985999999999940e+00 1.168212999999999946e+00 2.993164000000000158e+00
8.544899999999999718e-02 2.519531000000000187e+00 1.173095999999999917e+00 2.993164000000000158e+00
8.666999999999999704e-02 2.514648000000000216e+00 1.181640999999999941e+00 2.994384999999999852e+00
8.544899999999999718e-02 2.514648000000000216e+00 1.187743999999999911e+00 2.993164000000000158e+00
8.544899999999999718e-02 2.515868999999999911e+00 1.196288999999999936e+00 2.994384999999999852e+00
8.666999999999999704e-02 2.519531000000000187e+00 1.201171999999999906e+00 2.996825999999999990e+00
8.666999999999999704e-02 2.524414000000000158e+00 1.207275000000000098e+00 3.002930000000000099e+00
8.789099999999999691e-02 2.524414000000000158e+00 1.215819999999999901e+00 3.002930000000000099e+00
8.666999999999999704e-02 2.525634999999999852e+00 1.220703000000000094e+00 3.002930000000000099e+00
8.789099999999999691e-02 2.534180000000000099e+00 1.226806999999999981e+00 3.002930000000000099e+00
8.789099999999999691e-02 2.534180000000000099e+00 1.235352000000000006e+00 3.005370999999999793e+00
8.789099999999999691e-02 2.539063000000000070e+00 1.240234000000000059e+00 3.006591999999999931e+00
8.789099999999999691e-02 2.539063000000000070e+00 1.247559000000000085e+00 3.006591999999999931e+00
8.789099999999999691e-02 2.543944999999999901e+00 1.254882999999999971e+00 3.006591999999999931e+00
8.911099999999999577e-02 2.547607000000000177e+00 1.260985999999999940e+00 3.012694999999999901e+00
8.911099999999999577e-02 2.553710999999999842e+00 1.269530999999999965e+00 3.013916000000000039e+00
8.911099999999999577e-02 2.554931999999999981e+00 1.269530999999999965e+00 3.016357000000000177e+00
8.911099999999999577e-02 2.558593999999999813e+00 1.274413999999999936e+00 3.022460999999999842e+00
8.911099999999999577e-02 2.563476999999999784e+00 1.269530999999999965e+00 3.022460999999999842e+00
9.033199999999999563e-02 2.563476999999999784e+00 1.265868999999999911e+00 3.024901999999999980e+00
9.033199999999999563e-02 2.573242000000000029e+00 1.256104000000000109e+00 3.024901999999999980e+00
9.033199999999999563e-02 2.573242000000000029e+00 1.250000000000000000e+00 3.032226999999999784e+00
8.911099999999999577e-02 2.573242000000000029e+00 1.245117000000000029e+00 3.032226999999999784e+00
9.033199999999999563e-02 2.573242000000000029e+00 1.236572000000000005e+00 3.032226999999999784e+00
8.911099999999999577e-02 2.573242000000000029e+00 1.230469000000000035e+00 3.033446999999999782e+00
9.033199999999999563e-02 2.573242000000000029e+00 1.226806999999999981e+00 3.032226999999999784e+00
8.911099999999999577e-02 2.573242000000000029e+00 1.217041000000000039e+00 3.032226999999999784e+00
8.911099999999999577e-02 2.573242000000000029e+00 1.210938000000000070e+00 3.032226999999999784e+00
8.911099999999999577e-02 2.573242000000000029e+00 1.206055000000000099e+00 3.032226999999999784e+00
8.911099999999999577e-02 2.564696999999999782e+00 1.196288999999999936e+00 3.032226999999999784e+00
8.911099999999999577e-02 2.564696999999999782e+00 1.190185999999999966e+00 3.032226999999999784e+00
8.911099999999999577e-02 2.563476999999999784e+00 1.186522999999999994e+00 3.032226999999999784e+00
8.911099999999999577e-02 2.563476999999999784e+00 1.177979000000000109e+00 3.032226999999999784e+00
8.789099999999999691e-02 2.563476999999999784e+00 1.176757999999999971e+00 3.032226999999999784e+00
8.911099999999999577e-02 2.563476999999999784e+00 1.168212999999999946e+00 3.028563999999999812e+00
8.789099999999999691e-02 2.554931999999999981e+00 1.166992000000000029e+00 3.032226999999999784e+00
8.789099999999999691e-02 2.553710999999999842e+00 1.159667999999999921e+00 3.032226999999999784e+00
8.789099999999999691e-02 2.553710999999999842e+00 1.159667999999999921e+00 3.032226999999999784e+00
8.789099999999999691e-02 2.546387000000000178e+00 1.163329999999999975e+00 3.023681999999999981e+00
8.789099999999999691e-02 2.546387000000000178e+00 1.170654000000000083e+00 3.023681999999999981e+00
8.789099999999999691e-02 2.546387000000000178e+00 1.176757999999999971e+00 3.032226999999999784e+00
8.789099999999999691e-02 2.545166000000000039e+00 1.186522999999999994e+00 3.026123000000000118e+00
8.789099999999999691e-02 2.553710999999999842e+00 1.196288999999999936e+00 3.026123000000000118e+00
8.789099999999999691e-02 2.547607000000000177e+00 1.202393000000000045e+00 3.032226999999999784e+00
8.789099999999999691e-02 2.553710999999999842e+00 1.215819999999999901e+00 3.032226999999999784e+00
8.911099999999999577e-02 2.553710999999999842e+00 1.235352000000000006e+00 3.032226999999999784e+00
8.789099999999999691e-02 2.558593999999999813e+00 1.254882999999999971e+00 3.032226999999999784e+00
8.911099999999999577e-02 2.563476999999999784e+00 1.275635000000000074e+00 3.033446999999999782e+00
8.911099999999999577e-02 2.573242000000000029e+00 1.293944999999999901e+00 3.041992000000000029e+00
9.033199999999999563e-02 2.583007999999999971e+00 1.308594000000000035e+00 3.041992000000000029e+00
9.033199999999999563e-02 2.583007999999999971e+00 1.324462999999999946e+00 3.046875000000000000e+00
9.155299999999999550e-02 2.592773000000000216e+00 1.343993999999999911e+00 3.051757999999999971e+00
9.277299999999999436e-02 2.602539000000000158e+00 1.363525000000000098e+00 3.054199000000000108e+00
9.277299999999999436e-02 2.606200999999999990e+00 1.381836000000000064e+00 3.061523000000000216e+00
9.399399999999999422e-02 2.615966999999999931e+00 1.395264000000000060e+00 3.061523000000000216e+00
9.399399999999999422e-02 2.624512000000000178e+00 1.412354000000000109e+00 3.071289000000000158e+00
9.521499999999999408e-02 2.635498000000000118e+00 1.430663999999999936e+00 3.074950999999999990e+00
9.521499999999999408e-02 2.647705000000000197e+00 1.441650000000000098e+00 3.081055000000000099e+00
9.643599999999999395e-02 2.656250000000000000e+00 1.450194999999999901e+00 3.090819999999999901e+00
9.765600000000000669e-02 2.663574000000000108e+00 1.451416000000000039e+00 3.090819999999999901e+00
9.765600000000000669e-02 2.672118999999999911e+00 1.451416000000000039e+00 3.101806999999999981e+00
9.887700000000000655e-02 2.680664000000000158e+00 1.450194999999999901e+00 3.110351999999999784e+00
9.887700000000000655e-02 2.684325999999999990e+00 1.441650000000000098e+00 3.110351999999999784e+00
9.887700000000000655e-02 2.690430000000000099e+00 1.433105000000000073e+00 3.111571999999999782e+00
9.887700000000000655e-02 2.692870999999999793e+00 1.425780999999999965e+00 3.120117000000000029e+00
1.000980000000000064e-01 2.700194999999999901e+00 1.420897999999999994e+00 3.120117000000000029e+00
1.000980000000000064e-01 2.700194999999999901e+00 1.422118999999999911e+00 3.125000000000000000e+00
1.000980000000000064e-01 2.709960999999999842e+00 1.430663999999999936e+00 3.129882999999999971e+00
1.013180000000000053e-01 2.709960999999999842e+00 1.440430000000000099e+00 3.132324000000000108e+00
1.025390000000000051e-01 2.719726999999999784e+00 1.451416000000000039e+00 3.139648000000000216e+00
1.013180000000000053e-01 2.724609000000000059e+00 1.469727000000000006e+00 3.139648000000000216e+00
1.025390000000000051e-01 2.729492000000000029e+00 1.480712999999999946e+00 3.149414000000000158e+00
1.025390000000000051e-01 2.739257999999999971e+00 1.490479000000000109e+00 3.149414000000000158e+00
1.037600000000000050e-01 2.741699000000000108e+00 1.499022999999999994e+00 3.159180000000000099e+00
1.037600000000000050e-01 2.749023000000000216e+00 1.500243999999999911e+00 3.160400000000000098e+00
1.049800000000000039e-01 2.758789000000000158e+00 1.508788999999999936e+00 3.168944999999999901e+00
1.049800000000000039e-01 2.758789000000000158e+00 1.508788999999999936e+00 3.168944999999999901e+00
1.049800000000000039e-01 2.768555000000000099e+00 1.508788999999999936e+00 3.178710999999999842e+00
1.062010000000000037e-01 2.772216999999999931e+00 1.510010000000000074e+00 3.183593999999999813e+00
1.062010000000000037e-01 2.778319999999999901e+00 1.519775000000000098e+00 3.188476999999999784e+00
1.062010000000000037e-01 2.788085999999999842e+00 1.528319999999999901e+00 3.188476999999999784e+00
1.062010000000000037e-01 2.788085999999999842e+00 1.528319999999999901e+00 3.188476999999999784e+00
1.074220000000000036e-01 2.790526999999999980e+00 1.538086000000000064e+00 3.190917999999999921e+00
1.086430000000000035e-01 2.799071999999999782e+00 1.539306999999999981e+00 3.203125000000000000e+00
1.086430000000000035e-01 2.807617000000000029e+00 1.538086000000000064e+00 3.212890999999999941e+00
1.086430000000000035e-01 2.810058999999999862e+00 1.533203000000000094e+00 3.208007999999999971e+00
1.086430000000000035e-01 2.817382999999999971e+00 1.523438000000000070e+00 3.209229000000000109e+00
